# Temperatura_=_67.35
# Concentracion g/m^3_=_28200.0
# C_Vs_to_Am_M_A/Vsm_=_65563218390.804596
# pendiente_HvsI_1/m_=_3716.3
# ordenada_HvsI_A/m_=_1297.0
# frecuencia_Hz_=_302144.34838441527

Tiempo_(s)	Campo_(V.s)	Magnetizacion_(V.s)	Campo_(kA/m)	Magnetizacion_(A/m)
0.000000e+00	-6.430166e-06	-3.498924e-08	-4.585276e+01	-2.291749e+03
1.000000e-08	-6.427169e-06	-3.498160e-08	-4.583139e+01	-2.291176e+03
2.000000e-08	-6.422096e-06	-3.496782e-08	-4.579521e+01	-2.290351e+03
3.000000e-08	-6.415112e-06	-3.495373e-08	-4.574541e+01	-2.289275e+03
4.000000e-08	-6.406004e-06	-3.493637e-08	-4.568047e+01	-2.287951e+03
5.000000e-08	-6.394475e-06	-3.491393e-08	-4.559825e+01	-2.286387e+03
6.000000e-08	-6.380594e-06	-3.488191e-08	-4.549927e+01	-2.284590e+03
7.000000e-08	-6.364446e-06	-3.483767e-08	-4.538412e+01	-2.282568e+03
8.000000e-08	-6.346137e-06	-3.482386e-08	-4.525356e+01	-2.280332e+03
9.000000e-08	-6.325711e-06	-3.487413e-08	-4.510791e+01	-2.277893e+03
1.000000e-07	-6.302908e-06	-3.480778e-08	-4.494530e+01	-2.275266e+03
1.100000e-07	-6.277493e-06	-3.469229e-08	-4.476406e+01	-2.272466e+03
1.200000e-07	-6.249682e-06	-3.465772e-08	-4.456575e+01	-2.269509e+03
1.300000e-07	-6.219858e-06	-3.456731e-08	-4.435308e+01	-2.266409e+03
1.400000e-07	-6.188449e-06	-3.441095e-08	-4.412911e+01	-2.263168e+03
1.500000e-07	-6.155317e-06	-3.453630e-08	-4.389284e+01	-2.259775e+03
1.600000e-07	-6.120080e-06	-3.449030e-08	-4.364157e+01	-2.256204e+03
1.700000e-07	-6.082958e-06	-3.427841e-08	-4.337686e+01	-2.252413e+03
1.800000e-07	-6.043821e-06	-3.435656e-08	-4.309778e+01	-2.248346e+03
1.900000e-07	-6.002287e-06	-3.419609e-08	-4.280160e+01	-2.243947e+03
2.000000e-07	-5.958467e-06	-3.409238e-08	-4.248913e+01	-2.239165e+03
2.100000e-07	-5.912531e-06	-3.411596e-08	-4.216157e+01	-2.233964e+03
2.200000e-07	-5.864306e-06	-3.398498e-08	-4.181768e+01	-2.228328e+03
2.300000e-07	-5.813611e-06	-3.390095e-08	-4.145618e+01	-2.222269e+03
2.400000e-07	-5.760408e-06	-3.377750e-08	-4.107679e+01	-2.215814e+03
2.500000e-07	-5.705048e-06	-3.365843e-08	-4.068203e+01	-2.209004e+03
2.600000e-07	-5.647606e-06	-3.357122e-08	-4.027242e+01	-2.201880e+03
2.700000e-07	-5.587976e-06	-3.344542e-08	-3.984720e+01	-2.194471e+03
2.800000e-07	-5.526326e-06	-3.335251e-08	-3.940758e+01	-2.186786e+03
2.900000e-07	-5.462683e-06	-3.319747e-08	-3.895375e+01	-2.178813e+03
3.000000e-07	-5.396971e-06	-3.307450e-08	-3.848517e+01	-2.170520e+03
3.100000e-07	-5.329171e-06	-3.294465e-08	-3.800169e+01	-2.161862e+03
3.200000e-07	-5.259391e-06	-3.280211e-08	-3.750410e+01	-2.152793e+03
3.300000e-07	-5.187815e-06	-3.267613e-08	-3.699370e+01	-2.143277e+03
3.400000e-07	-5.114329e-06	-3.249832e-08	-3.646968e+01	-2.133290e+03
3.500000e-07	-5.038754e-06	-3.235608e-08	-3.593077e+01	-2.122832e+03
3.600000e-07	-4.961074e-06	-3.217751e-08	-3.537684e+01	-2.111913e+03
3.700000e-07	-4.881351e-06	-3.200250e-08	-3.480834e+01	-2.100551e+03
3.800000e-07	-4.799772e-06	-3.183733e-08	-3.422661e+01	-2.088763e+03
3.900000e-07	-4.716584e-06	-3.164596e-08	-3.363341e+01	-2.076551e+03
4.000000e-07	-4.631997e-06	-3.145119e-08	-3.303023e+01	-2.063901e+03
4.100000e-07	-4.545975e-06	-3.124345e-08	-3.241682e+01	-2.050781e+03
4.200000e-07	-4.458536e-06	-3.104185e-08	-3.179330e+01	-2.037145e+03
4.300000e-07	-4.369523e-06	-3.081898e-08	-3.115856e+01	-2.022942e+03
4.400000e-07	-4.278814e-06	-3.058527e-08	-3.051172e+01	-2.008127e+03
4.500000e-07	-4.186579e-06	-3.034880e-08	-2.985401e+01	-1.992665e+03
4.600000e-07	-4.092907e-06	-3.009812e-08	-2.918604e+01	-1.976539e+03
4.700000e-07	-3.997936e-06	-2.984390e-08	-2.850881e+01	-1.959742e+03
4.800000e-07	-3.901510e-06	-2.958180e-08	-2.782121e+01	-1.942273e+03
4.900000e-07	-3.803546e-06	-2.931136e-08	-2.712264e+01	-1.924129e+03
5.000000e-07	-3.704122e-06	-2.902053e-08	-2.641366e+01	-1.905294e+03
5.100000e-07	-3.603265e-06	-2.871561e-08	-2.569446e+01	-1.885732e+03
5.200000e-07	-3.501178e-06	-2.840052e-08	-2.496649e+01	-1.865391e+03
5.300000e-07	-3.398043e-06	-2.807263e-08	-2.423105e+01	-1.844202e+03
5.400000e-07	-3.293622e-06	-2.773335e-08	-2.348643e+01	-1.822090e+03
5.500000e-07	-3.187761e-06	-2.737820e-08	-2.273155e+01	-1.798984e+03
5.600000e-07	-3.080681e-06	-2.701011e-08	-2.196797e+01	-1.774818e+03
5.700000e-07	-2.972419e-06	-2.662509e-08	-2.119597e+01	-1.749542e+03
5.800000e-07	-2.863061e-06	-2.622394e-08	-2.041615e+01	-1.723109e+03
5.900000e-07	-2.752751e-06	-2.580816e-08	-1.962954e+01	-1.695473e+03
6.000000e-07	-2.641582e-06	-2.537287e-08	-1.883681e+01	-1.666576e+03
6.100000e-07	-2.529427e-06	-2.491182e-08	-1.803705e+01	-1.636340e+03
6.200000e-07	-2.416119e-06	-2.442124e-08	-1.722906e+01	-1.604659e+03
6.300000e-07	-2.301733e-06	-2.390462e-08	-1.641339e+01	-1.571400e+03
6.400000e-07	-2.186316e-06	-2.336387e-08	-1.559036e+01	-1.536412e+03
6.500000e-07	-2.069958e-06	-2.280023e-08	-1.476063e+01	-1.499534e+03
6.600000e-07	-1.952902e-06	-2.220783e-08	-1.392592e+01	-1.460607e+03
6.700000e-07	-1.835200e-06	-2.158352e-08	-1.308660e+01	-1.419481e+03
6.800000e-07	-1.716887e-06	-2.092542e-08	-1.224292e+01	-1.376017e+03
6.900000e-07	-1.598079e-06	-2.022650e-08	-1.139572e+01	-1.330080e+03
7.000000e-07	-1.478790e-06	-1.948578e-08	-1.054508e+01	-1.281530e+03
7.100000e-07	-1.359036e-06	-1.869821e-08	-9.691130e+00	-1.230214e+03
7.200000e-07	-1.238749e-06	-1.786544e-08	-8.833373e+00	-1.175963e+03
7.300000e-07	-1.117966e-06	-1.698470e-08	-7.972085e+00	-1.118598e+03
7.400000e-07	-9.967882e-07	-1.605379e-08	-7.107980e+00	-1.057951e+03
7.500000e-07	-8.751602e-07	-1.507482e-08	-6.240665e+00	-9.939030e+02
7.600000e-07	-7.532019e-07	-1.404812e-08	-5.370994e+00	-9.264239e+02
7.700000e-07	-6.310244e-07	-1.297292e-08	-4.499761e+00	-8.556096e+02
7.800000e-07	-5.086594e-07	-1.185034e-08	-3.627191e+00	-7.817089e+02
7.900000e-07	-3.861440e-07	-1.068494e-08	-2.753548e+00	-7.051245e+02
8.000000e-07	-2.634798e-07	-9.482415e-09	-1.878844e+00	-6.263859e+02
8.100000e-07	-1.407189e-07	-8.255183e-09	-1.003450e+00	-5.460923e+02
8.200000e-07	-1.787448e-08	-7.015295e-09	-1.274608e-01	-4.648344e+02
8.300000e-07	1.049875e-07	-5.771458e-09	7.486538e-01	-3.831067e+02
8.400000e-07	2.278141e-07	-4.524716e-09	1.624515e+00	-3.012294e+02
8.500000e-07	3.506018e-07	-3.280130e-09	2.500101e+00	-2.192960e+02
8.600000e-07	4.733109e-07	-2.031459e-09	3.375124e+00	-1.371607e+02
8.700000e-07	5.958743e-07	-7.707162e-10	4.249110e+00	-5.447232e+01
8.800000e-07	7.182389e-07	5.064191e-10	5.121678e+00	2.924893e+01
8.900000e-07	8.403912e-07	1.806622e-09	5.992731e+00	1.145023e+02
9.000000e-07	9.622431e-07	3.134374e-09	6.861643e+00	2.016855e+02
9.100000e-07	1.083743e-06	4.495005e-09	7.728047e+00	2.909834e+02
9.200000e-07	1.204811e-06	5.886535e-09	8.591367e+00	3.822881e+02
9.300000e-07	1.325356e-06	7.303060e-09	9.450958e+00	4.751656e+02
9.400000e-07	1.445333e-06	8.732461e-09	1.030650e+01	5.688764e+02
9.500000e-07	1.564755e-06	1.016013e-08	1.115808e+01	6.624455e+02
9.600000e-07	1.683652e-06	1.156629e-08	1.200593e+01	7.547694e+02
9.700000e-07	1.801992e-06	1.293024e-08	1.284979e+01	8.447404e+02
9.800000e-07	1.919671e-06	1.424191e-08	1.368895e+01	9.313665e+02
9.900000e-07	2.036573e-06	1.549280e-08	1.452257e+01	1.013866e+03
1.000000e-06	2.152726e-06	1.667538e-08	1.535084e+01	1.091724e+03
1.010000e-06	2.268013e-06	1.778244e-08	1.617294e+01	1.164707e+03
1.020000e-06	2.382232e-06	1.881337e-08	1.698742e+01	1.232831e+03
1.030000e-06	2.495403e-06	1.977407e-08	1.779442e+01	1.296311e+03
1.040000e-06	2.607566e-06	2.067309e-08	1.859425e+01	1.355479e+03
1.050000e-06	2.718721e-06	2.151257e-08	1.938688e+01	1.410720e+03
1.060000e-06	2.828945e-06	2.229728e-08	2.017288e+01	1.462407e+03
1.070000e-06	2.938237e-06	2.303081e-08	2.095222e+01	1.510867e+03
1.080000e-06	3.046578e-06	2.372015e-08	2.172479e+01	1.556364e+03
1.090000e-06	3.153922e-06	2.436778e-08	2.249025e+01	1.599109e+03
1.100000e-06	3.260037e-06	2.497417e-08	2.324694e+01	1.639271e+03
1.110000e-06	3.364806e-06	2.554300e-08	2.399404e+01	1.677004e+03
1.120000e-06	3.468287e-06	2.607967e-08	2.473195e+01	1.712462e+03
1.130000e-06	3.570614e-06	2.658686e-08	2.546163e+01	1.745809e+03
1.140000e-06	3.671826e-06	2.706431e-08	2.618336e+01	1.777217e+03
1.150000e-06	3.771878e-06	2.751537e-08	2.689682e+01	1.806861e+03
1.160000e-06	3.870584e-06	2.794058e-08	2.760068e+01	1.834901e+03
1.170000e-06	3.967670e-06	2.834360e-08	2.829299e+01	1.861475e+03
1.180000e-06	4.063208e-06	2.872680e-08	2.897426e+01	1.886692e+03
1.190000e-06	4.157369e-06	2.909166e-08	2.964571e+01	1.910634e+03
1.200000e-06	4.250212e-06	2.943649e-08	3.030776e+01	1.933359e+03
1.210000e-06	4.341663e-06	2.976478e-08	3.095989e+01	1.954916e+03
1.220000e-06	4.431453e-06	3.007703e-08	3.160017e+01	1.975350e+03
1.230000e-06	4.519499e-06	3.037294e-08	3.222802e+01	1.994718e+03
1.240000e-06	4.605896e-06	3.065046e-08	3.284410e+01	2.013081e+03
1.250000e-06	4.690781e-06	3.091293e-08	3.344941e+01	2.030513e+03
1.260000e-06	4.774270e-06	3.116308e-08	3.404476e+01	2.047087e+03
1.270000e-06	4.856051e-06	3.140251e-08	3.462793e+01	2.062870e+03
1.280000e-06	4.935868e-06	3.163225e-08	3.519710e+01	2.077918e+03
1.290000e-06	5.013880e-06	3.185052e-08	3.575339e+01	2.092270e+03
1.300000e-06	5.090050e-06	3.205740e-08	3.629655e+01	2.105951e+03
1.310000e-06	5.164099e-06	3.225357e-08	3.682459e+01	2.118978e+03
1.320000e-06	5.236152e-06	3.244007e-08	3.733838e+01	2.131363e+03
1.330000e-06	5.306340e-06	3.261704e-08	3.783889e+01	2.143121e+03
1.340000e-06	5.374641e-06	3.278570e-08	3.832594e+01	2.154274e+03
1.350000e-06	5.441018e-06	3.294728e-08	3.879926e+01	2.164852e+03
1.360000e-06	5.505344e-06	3.310185e-08	3.925796e+01	2.174887e+03
1.370000e-06	5.567708e-06	3.324910e-08	3.970267e+01	2.184410e+03
1.380000e-06	5.628218e-06	3.338912e-08	4.013416e+01	2.193448e+03
1.390000e-06	5.686792e-06	3.352248e-08	4.055185e+01	2.202017e+03
1.400000e-06	5.743314e-06	3.364981e-08	4.095490e+01	2.210125e+03
1.410000e-06	5.797784e-06	3.376909e-08	4.134332e+01	2.217772e+03
1.420000e-06	5.850038e-06	3.387909e-08	4.171593e+01	2.224956e+03
1.430000e-06	5.899784e-06	3.398128e-08	4.207067e+01	2.231681e+03
1.440000e-06	5.947156e-06	3.407635e-08	4.240847e+01	2.237959e+03
1.450000e-06	5.992511e-06	3.416460e-08	4.273190e+01	2.243814e+03
1.460000e-06	6.035927e-06	3.424676e-08	4.304149e+01	2.249277e+03
1.470000e-06	6.077168e-06	3.432397e-08	4.333558e+01	2.254384e+03
1.480000e-06	6.116117e-06	3.439758e-08	4.361331e+01	2.259170e+03
1.490000e-06	6.153000e-06	3.446690e-08	4.387632e+01	2.263657e+03
1.500000e-06	6.187806e-06	3.453126e-08	4.412452e+01	2.267855e+03
1.510000e-06	6.220353e-06	3.459186e-08	4.435661e+01	2.271760e+03
1.520000e-06	6.250676e-06	3.464890e-08	4.457284e+01	2.275356e+03
1.530000e-06	6.278951e-06	3.470062e-08	4.477447e+01	2.278618e+03
1.540000e-06	6.304919e-06	3.474565e-08	4.495964e+01	2.281527e+03
1.550000e-06	6.328352e-06	3.478517e-08	4.512673e+01	2.284070e+03
1.560000e-06	6.349571e-06	3.481804e-08	4.527805e+01	2.286247e+03
1.570000e-06	6.368704e-06	3.484466e-08	4.541448e+01	2.288072e+03
1.580000e-06	6.385533e-06	3.486638e-08	4.553448e+01	2.289571e+03
1.590000e-06	6.399947e-06	3.488433e-08	4.563728e+01	2.290774e+03
1.600000e-06	6.411890e-06	3.490053e-08	4.572244e+01	2.291712e+03
1.610000e-06	6.421258e-06	3.491383e-08	4.578924e+01	2.292408e+03
1.620000e-06	6.428200e-06	3.492391e-08	4.583874e+01	2.292877e+03
1.630000e-06	6.433001e-06	3.493123e-08	4.587298e+01	2.293124e+03
1.640000e-06	6.435564e-06	3.493442e-08	4.589125e+01	2.293145e+03
1.650000e-06	6.435753e-06	3.493455e-08	4.589260e+01	2.292932e+03
1.660000e-06	6.433784e-06	3.491905e-08	4.587856e+01	2.292474e+03
1.670000e-06	6.429783e-06	3.490498e-08	4.585003e+01	2.291767e+03
1.680000e-06	6.423599e-06	3.489336e-08	4.580593e+01	2.290807e+03
1.690000e-06	6.415257e-06	3.487753e-08	4.574645e+01	2.289597e+03
1.700000e-06	6.404915e-06	3.486036e-08	4.567270e+01	2.288143e+03
1.710000e-06	6.392327e-06	3.484145e-08	4.558293e+01	2.286453e+03
1.720000e-06	6.377425e-06	3.483928e-08	4.547667e+01	2.284534e+03
1.730000e-06	6.360598e-06	3.476978e-08	4.535668e+01	2.282396e+03
1.740000e-06	6.341722e-06	3.463491e-08	4.522208e+01	2.280050e+03
1.750000e-06	6.319968e-06	3.464036e-08	4.506695e+01	2.277508e+03
1.760000e-06	6.295050e-06	3.464876e-08	4.488926e+01	2.274786e+03
1.770000e-06	6.267749e-06	3.457433e-08	4.469458e+01	2.271900e+03
1.780000e-06	6.238477e-06	3.467126e-08	4.448585e+01	2.268865e+03
1.790000e-06	6.207559e-06	3.458819e-08	4.426537e+01	2.265690e+03
1.800000e-06	6.175242e-06	3.438448e-08	4.403493e+01	2.262369e+03
1.810000e-06	6.140958e-06	3.449175e-08	4.379045e+01	2.258886e+03
1.820000e-06	6.104607e-06	3.434696e-08	4.353124e+01	2.255203e+03
1.830000e-06	6.066203e-06	3.432798e-08	4.325738e+01	2.251271e+03
1.840000e-06	6.025451e-06	3.442813e-08	4.296678e+01	2.247033e+03
1.850000e-06	5.982617e-06	3.412899e-08	4.266134e+01	2.242434e+03
1.860000e-06	5.937693e-06	3.411662e-08	4.234099e+01	2.237430e+03
1.870000e-06	5.890540e-06	3.402132e-08	4.200475e+01	2.231997e+03
1.880000e-06	5.841356e-06	3.390218e-08	4.165403e+01	2.226131e+03
1.890000e-06	5.789599e-06	3.395139e-08	4.128495e+01	2.219855e+03
1.900000e-06	5.735299e-06	3.371919e-08	4.089775e+01	2.213205e+03
1.910000e-06	5.678789e-06	3.369502e-08	4.049478e+01	2.206222e+03
1.920000e-06	5.620226e-06	3.357962e-08	4.007717e+01	2.198943e+03
1.930000e-06	5.559756e-06	3.339764e-08	3.964597e+01	2.191386e+03
1.940000e-06	5.497198e-06	3.337001e-08	3.919987e+01	2.183549e+03
1.950000e-06	5.432561e-06	3.317080e-08	3.873896e+01	2.175410e+03
1.960000e-06	5.365927e-06	3.312061e-08	3.826380e+01	2.166927e+03
1.970000e-06	5.297190e-06	3.292626e-08	3.777364e+01	2.158054e+03
1.980000e-06	5.226282e-06	3.276472e-08	3.726801e+01	2.148749e+03
1.990000e-06	5.153443e-06	3.267042e-08	3.674860e+01	2.138982e+03
2.000000e-06	5.078840e-06	3.247245e-08	3.621661e+01	2.128742e+03
2.010000e-06	5.002123e-06	3.237355e-08	3.566955e+01	2.118035e+03
2.020000e-06	4.923281e-06	3.214141e-08	3.510734e+01	2.106876e+03
2.030000e-06	4.842703e-06	3.199080e-08	3.453275e+01	2.095284e+03
2.040000e-06	4.760512e-06	3.180695e-08	3.394666e+01	2.083270e+03
2.050000e-06	4.676801e-06	3.159937e-08	3.334972e+01	2.070826e+03
2.060000e-06	4.591322e-06	3.142393e-08	3.274018e+01	2.057929e+03
2.070000e-06	4.504095e-06	3.120028e-08	3.211818e+01	2.044539e+03
2.080000e-06	4.415316e-06	3.102076e-08	3.148510e+01	2.030605e+03
2.090000e-06	4.325077e-06	3.077311e-08	3.084162e+01	2.016079e+03
2.100000e-06	4.233495e-06	3.056045e-08	3.018856e+01	2.000921e+03
2.110000e-06	4.140347e-06	3.031957e-08	2.952433e+01	1.985104e+03
2.120000e-06	4.045615e-06	3.006712e-08	2.884880e+01	1.968619e+03
2.130000e-06	3.949490e-06	2.980369e-08	2.816335e+01	1.951462e+03
2.140000e-06	3.852002e-06	2.952480e-08	2.746818e+01	1.933632e+03
2.150000e-06	3.753265e-06	2.925668e-08	2.676409e+01	1.915121e+03
2.160000e-06	3.653240e-06	2.895877e-08	2.605082e+01	1.895901e+03
2.170000e-06	3.551709e-06	2.866666e-08	2.532682e+01	1.875930e+03
2.180000e-06	3.448733e-06	2.834344e-08	2.459251e+01	1.855143e+03
2.190000e-06	3.344475e-06	2.801780e-08	2.384906e+01	1.833469e+03
2.200000e-06	3.238941e-06	2.766711e-08	2.309651e+01	1.810833e+03
2.210000e-06	3.132323e-06	2.731028e-08	2.233623e+01	1.787166e+03
2.220000e-06	3.024735e-06	2.693432e-08	2.156903e+01	1.762412e+03
2.230000e-06	2.915978e-06	2.653930e-08	2.079350e+01	1.736521e+03
2.240000e-06	2.806110e-06	2.612505e-08	2.001004e+01	1.709449e+03
2.250000e-06	2.695257e-06	2.569102e-08	1.921956e+01	1.681146e+03
2.260000e-06	2.583330e-06	2.524418e-08	1.842143e+01	1.651544e+03
2.270000e-06	2.470371e-06	2.477202e-08	1.761593e+01	1.620548e+03
2.280000e-06	2.356472e-06	2.428288e-08	1.680373e+01	1.588039e+03
2.290000e-06	2.241674e-06	2.375964e-08	1.598512e+01	1.553873e+03
2.300000e-06	2.126027e-06	2.320858e-08	1.516045e+01	1.517893e+03
2.310000e-06	2.009437e-06	2.262583e-08	1.432906e+01	1.479937e+03
2.320000e-06	1.891911e-06	2.201696e-08	1.349100e+01	1.439850e+03
2.330000e-06	1.773618e-06	2.137508e-08	1.264747e+01	1.397488e+03
2.340000e-06	1.654669e-06	2.069708e-08	1.179925e+01	1.352715e+03
2.350000e-06	1.535152e-06	1.997962e-08	1.094699e+01	1.305396e+03
2.360000e-06	1.415175e-06	1.921795e-08	1.009145e+01	1.255385e+03
2.370000e-06	1.294744e-06	1.841077e-08	9.232669e+00	1.202519e+03
2.380000e-06	1.173913e-06	1.755674e-08	8.371033e+00	1.146621e+03
2.390000e-06	1.052733e-06	1.665747e-08	7.506916e+00	1.087516e+03
2.400000e-06	9.312210e-07	1.570462e-08	6.640428e+00	1.025057e+03
2.410000e-06	8.094015e-07	1.469941e-08	5.771747e+00	9.591678e+02
2.420000e-06	6.873310e-07	1.364364e-08	4.901277e+00	8.898805e+02
2.430000e-06	5.650763e-07	1.253930e-08	4.029493e+00	8.173716e+02
2.440000e-06	4.425847e-07	1.139022e-08	3.156019e+00	7.419739e+02
2.450000e-06	3.199250e-07	1.020145e-08	2.281348e+00	6.641634e+02
2.460000e-06	1.971693e-07	8.983674e-09	1.405992e+00	5.845157e+02
2.470000e-06	7.437118e-08	7.746305e-09	5.303322e-01	5.036360e+02
2.480000e-06	-4.844555e-08	6.499353e-09	-3.454595e-01	4.220742e+02
2.490000e-06	-1.712678e-07	5.248325e-09	-1.221291e+00	3.402400e+02
2.500000e-06	-2.940715e-07	3.996547e-09	-2.096990e+00	2.583364e+02
2.510000e-06	-4.167911e-07	2.744393e-09	-2.972089e+00	1.763273e+02
2.520000e-06	-5.393853e-07	1.486143e-09	-3.846293e+00	9.394967e+01
2.530000e-06	-6.618218e-07	2.155890e-10	-4.719374e+00	1.077150e+01
2.540000e-06	-7.840416e-07	-1.074687e-09	-5.590909e+00	-7.371224e+01
2.550000e-06	-9.060277e-07	-2.389977e-09	-6.460778e+00	-1.599614e+02
2.560000e-06	-1.027758e-06	-3.735187e-09	-7.328822e+00	-2.482719e+02
2.570000e-06	-1.149154e-06	-5.112871e-09	-8.194481e+00	-3.386790e+02
2.580000e-06	-1.270128e-06	-6.517933e-09	-9.057133e+00	-4.309009e+02
2.590000e-06	-1.390651e-06	-7.943709e-09	-9.916568e+00	-5.243341e+02
2.600000e-06	-1.510678e-06	-9.378550e-09	-1.077247e+01	-6.181013e+02
2.610000e-06	-1.630140e-06	-1.080432e-08	-1.162434e+01	-7.111439e+02
2.620000e-06	-1.748967e-06	-1.220188e-08	-1.247168e+01	-8.023405e+02
2.630000e-06	-1.867043e-06	-1.355348e-08	-1.331366e+01	-8.906316e+02
2.640000e-06	-1.984254e-06	-1.484748e-08	-1.414948e+01	-9.751281e+02
2.650000e-06	-2.100522e-06	-1.607379e-08	-1.497858e+01	-1.055187e+03
2.660000e-06	-2.215866e-06	-1.722587e-08	-1.580108e+01	-1.130446e+03
2.670000e-06	-2.330381e-06	-1.830395e-08	-1.661767e+01	-1.200810e+03
2.680000e-06	-2.443953e-06	-1.931116e-08	-1.742754e+01	-1.266410e+03
2.690000e-06	-2.556377e-06	-2.025059e-08	-1.822922e+01	-1.327534e+03
2.700000e-06	-2.667665e-06	-2.112668e-08	-1.902281e+01	-1.384550e+03
2.710000e-06	-2.777912e-06	-2.194434e-08	-1.980897e+01	-1.437843e+03
2.720000e-06	-2.887172e-06	-2.271050e-08	-2.058809e+01	-1.487764e+03
2.730000e-06	-2.995525e-06	-2.343097e-08	-2.136074e+01	-1.534609e+03
2.740000e-06	-3.102973e-06	-2.410526e-08	-2.212694e+01	-1.578609e+03
2.750000e-06	-3.209472e-06	-2.473585e-08	-2.288637e+01	-1.619950e+03
2.760000e-06	-3.314903e-06	-2.532966e-08	-2.363818e+01	-1.658792e+03
2.770000e-06	-3.419153e-06	-2.589229e-08	-2.438158e+01	-1.695287e+03
2.780000e-06	-3.522111e-06	-2.642050e-08	-2.511576e+01	-1.729593e+03
2.790000e-06	-3.623640e-06	-2.691362e-08	-2.583975e+01	-1.761880e+03
2.800000e-06	-3.723825e-06	-2.737974e-08	-2.655416e+01	-1.792322e+03
2.810000e-06	-3.822791e-06	-2.782211e-08	-2.725988e+01	-1.821088e+03
2.820000e-06	-3.920512e-06	-2.824031e-08	-2.795671e+01	-1.848327e+03
2.830000e-06	-4.016952e-06	-2.863634e-08	-2.864441e+01	-1.874162e+03
2.840000e-06	-4.112032e-06	-2.901254e-08	-2.932242e+01	-1.898688e+03
2.850000e-06	-4.205565e-06	-2.936756e-08	-2.998939e+01	-1.921972e+03
2.860000e-06	-4.297581e-06	-2.970234e-08	-3.064555e+01	-1.944066e+03
2.870000e-06	-4.388088e-06	-3.001959e-08	-3.129094e+01	-1.965015e+03
2.880000e-06	-4.477020e-06	-3.032196e-08	-3.192511e+01	-1.984871e+03
2.890000e-06	-4.564386e-06	-3.061292e-08	-3.254810e+01	-2.003692e+03
2.900000e-06	-4.649960e-06	-3.088967e-08	-3.315832e+01	-2.021548e+03
2.910000e-06	-4.733817e-06	-3.114975e-08	-3.375629e+01	-2.038511e+03
2.920000e-06	-4.816154e-06	-3.139637e-08	-3.434343e+01	-2.054654e+03
2.930000e-06	-4.896830e-06	-3.163231e-08	-3.491872e+01	-2.070037e+03
2.940000e-06	-4.975597e-06	-3.185909e-08	-3.548040e+01	-2.084708e+03
2.950000e-06	-5.052263e-06	-3.207625e-08	-3.602710e+01	-2.098698e+03
2.960000e-06	-5.126939e-06	-3.228282e-08	-3.655960e+01	-2.112028e+03
2.970000e-06	-5.199840e-06	-3.247748e-08	-3.707945e+01	-2.124709e+03
2.980000e-06	-5.270800e-06	-3.266025e-08	-3.758545e+01	-2.136756e+03
2.990000e-06	-5.339637e-06	-3.283328e-08	-3.807632e+01	-2.148187e+03
3.000000e-06	-5.406576e-06	-3.299728e-08	-3.855366e+01	-2.159029e+03
3.010000e-06	-5.471759e-06	-3.315286e-08	-3.901847e+01	-2.169311e+03
3.020000e-06	-5.535104e-06	-3.330122e-08	-3.947018e+01	-2.179069e+03
3.030000e-06	-5.596384e-06	-3.344301e-08	-3.990716e+01	-2.188329e+03
3.040000e-06	-5.655466e-06	-3.357697e-08	-4.032846e+01	-2.197115e+03
3.050000e-06	-5.712624e-06	-3.370279e-08	-4.073605e+01	-2.205437e+03
3.060000e-06	-5.767943e-06	-3.381887e-08	-4.113052e+01	-2.213298e+03
3.070000e-06	-5.820980e-06	-3.392733e-08	-4.150873e+01	-2.220697e+03
3.080000e-06	-5.871568e-06	-3.402978e-08	-4.186946e+01	-2.227634e+03
3.090000e-06	-5.919691e-06	-3.412788e-08	-4.221262e+01	-2.234118e+03
3.100000e-06	-5.965600e-06	-3.422096e-08	-4.253999e+01	-2.240166e+03
3.110000e-06	-6.009727e-06	-3.430899e-08	-4.285466e+01	-2.245806e+03
3.120000e-06	-6.051973e-06	-3.439176e-08	-4.315591e+01	-2.251075e+03
3.130000e-06	-6.092228e-06	-3.446651e-08	-4.344296e+01	-2.256006e+03
3.140000e-06	-6.130315e-06	-3.453596e-08	-4.371456e+01	-2.260630e+03
3.150000e-06	-6.166142e-06	-3.460159e-08	-4.397003e+01	-2.264962e+03
3.160000e-06	-6.199823e-06	-3.466390e-08	-4.421021e+01	-2.269005e+03
3.170000e-06	-6.231315e-06	-3.471908e-08	-4.443478e+01	-2.272747e+03
3.180000e-06	-6.260511e-06	-3.476939e-08	-4.464297e+01	-2.276167e+03
3.190000e-06	-6.287399e-06	-3.481583e-08	-4.483471e+01	-2.279242e+03
3.200000e-06	-6.312122e-06	-3.485487e-08	-4.501100e+01	-2.281956e+03
3.210000e-06	-6.334600e-06	-3.488740e-08	-4.517129e+01	-2.284302e+03
3.220000e-06	-6.354744e-06	-3.491648e-08	-4.531493e+01	-2.286288e+03
3.230000e-06	-6.372681e-06	-3.494145e-08	-4.544284e+01	-2.287935e+03
3.240000e-06	-6.388289e-06	-3.496242e-08	-4.555414e+01	-2.289272e+03
3.250000e-06	-6.401300e-06	-3.498017e-08	-4.564692e+01	-2.290329e+03
3.260000e-06	-6.411748e-06	-3.499546e-08	-4.572142e+01	-2.291135e+03
3.270000e-06	-6.419915e-06	-3.500478e-08	-4.577966e+01	-2.291709e+03
3.280000e-06	-6.425799e-06	-3.500728e-08	-4.582162e+01	-2.292059e+03
3.290000e-06	-6.429406e-06	-3.500445e-08	-4.584734e+01	-2.292186e+03
3.300000e-06	-6.430897e-06	-3.499466e-08	-4.585797e+01	-2.292083e+03
