# Temperatura_=_44.81
# Concentracion g/m^3_=_28200.0
# C_Vs_to_Am_M_A/Vsm_=_65563218390.804596
# pendiente_HvsI_1/m_=_3716.3
# ordenada_HvsI_A/m_=_1297.0
# frecuencia_Hz_=_302141.26564300916

Tiempo_(s)	Campo_(V.s)	Magnetizacion_(V.s)	Campo_(kA/m)	Magnetizacion_(A/m)
0.000000e+00	-6.400450e-06	-3.468874e-08	-4.585393e+01	-2.270871e+03
1.000000e-08	-6.397537e-06	-3.468163e-08	-4.583306e+01	-2.270277e+03
2.000000e-08	-6.392524e-06	-3.466744e-08	-4.579715e+01	-2.269439e+03
3.000000e-08	-6.385509e-06	-3.465044e-08	-4.574690e+01	-2.268362e+03
4.000000e-08	-6.376435e-06	-3.462925e-08	-4.568189e+01	-2.267054e+03
5.000000e-08	-6.365045e-06	-3.460240e-08	-4.560029e+01	-2.265521e+03
6.000000e-08	-6.351252e-06	-3.457207e-08	-4.550147e+01	-2.263772e+03
7.000000e-08	-6.335144e-06	-3.453043e-08	-4.538607e+01	-2.261812e+03
8.000000e-08	-6.316944e-06	-3.450692e-08	-4.525568e+01	-2.259645e+03
9.000000e-08	-6.296671e-06	-3.455246e-08	-4.511044e+01	-2.257280e+03
1.000000e-07	-6.273995e-06	-3.451008e-08	-4.494799e+01	-2.254723e+03
1.100000e-07	-6.248727e-06	-3.440137e-08	-4.476696e+01	-2.251988e+03
1.200000e-07	-6.221082e-06	-3.435436e-08	-4.456891e+01	-2.249089e+03
1.300000e-07	-6.191454e-06	-3.427888e-08	-4.435665e+01	-2.246039e+03
1.400000e-07	-6.160218e-06	-3.412354e-08	-4.413287e+01	-2.242845e+03
1.500000e-07	-6.127294e-06	-3.419641e-08	-4.389699e+01	-2.239506e+03
1.600000e-07	-6.092364e-06	-3.419537e-08	-4.364675e+01	-2.236001e+03
1.700000e-07	-6.055537e-06	-3.399561e-08	-4.338291e+01	-2.232296e+03
1.800000e-07	-6.016644e-06	-3.403655e-08	-4.310428e+01	-2.228345e+03
1.900000e-07	-5.975331e-06	-3.392360e-08	-4.280831e+01	-2.224093e+03
2.000000e-07	-5.931801e-06	-3.378001e-08	-4.249645e+01	-2.219488e+03
2.100000e-07	-5.886243e-06	-3.378771e-08	-4.217007e+01	-2.214486e+03
2.200000e-07	-5.838482e-06	-3.368414e-08	-4.182790e+01	-2.209065e+03
2.300000e-07	-5.788227e-06	-3.359141e-08	-4.146786e+01	-2.203222e+03
2.400000e-07	-5.735383e-06	-3.348061e-08	-4.108928e+01	-2.196977e+03
2.500000e-07	-5.680309e-06	-3.336492e-08	-4.069472e+01	-2.190361e+03
2.600000e-07	-5.623103e-06	-3.328437e-08	-4.028488e+01	-2.183413e+03
2.700000e-07	-5.563740e-06	-3.315761e-08	-3.985960e+01	-2.176163e+03
2.800000e-07	-5.502431e-06	-3.306640e-08	-3.942037e+01	-2.168629e+03
2.900000e-07	-5.439185e-06	-3.293395e-08	-3.896727e+01	-2.160807e+03
3.000000e-07	-5.373859e-06	-3.279406e-08	-3.849926e+01	-2.152677e+03
3.100000e-07	-5.306457e-06	-3.266213e-08	-3.801638e+01	-2.144201e+03
3.200000e-07	-5.237027e-06	-3.252199e-08	-3.751897e+01	-2.135337e+03
3.300000e-07	-5.165742e-06	-3.240226e-08	-3.700827e+01	-2.126048e+03
3.400000e-07	-5.092725e-06	-3.223519e-08	-3.648516e+01	-2.116304e+03
3.500000e-07	-5.017623e-06	-3.208662e-08	-3.594712e+01	-2.106095e+03
3.600000e-07	-4.940337e-06	-3.192101e-08	-3.539343e+01	-2.095423e+03
3.700000e-07	-4.861010e-06	-3.174354e-08	-3.482512e+01	-2.084298e+03
3.800000e-07	-4.779789e-06	-3.158006e-08	-3.424324e+01	-2.072733e+03
3.900000e-07	-4.696992e-06	-3.139234e-08	-3.365007e+01	-2.060732e+03
4.000000e-07	-4.612797e-06	-3.120184e-08	-3.304688e+01	-2.048286e+03
4.100000e-07	-4.527157e-06	-3.099804e-08	-3.243334e+01	-2.035373e+03
4.200000e-07	-4.440062e-06	-3.079427e-08	-3.180938e+01	-2.021954e+03
4.300000e-07	-4.351547e-06	-3.057954e-08	-3.117524e+01	-2.007985e+03
4.400000e-07	-4.261398e-06	-3.034936e-08	-3.052939e+01	-1.993422e+03
4.500000e-07	-4.169591e-06	-3.011951e-08	-2.987168e+01	-1.978226e+03
4.600000e-07	-4.076343e-06	-2.987420e-08	-2.920363e+01	-1.962373e+03
4.700000e-07	-3.981731e-06	-2.962173e-08	-2.852581e+01	-1.945846e+03
4.800000e-07	-3.885750e-06	-2.936019e-08	-2.783818e+01	-1.928636e+03
4.900000e-07	-3.788337e-06	-2.909288e-08	-2.714030e+01	-1.910734e+03
5.000000e-07	-3.689416e-06	-2.880911e-08	-2.643162e+01	-1.892124e+03
5.100000e-07	-3.589071e-06	-2.850843e-08	-2.571273e+01	-1.872775e+03
5.200000e-07	-3.487484e-06	-2.819784e-08	-2.498494e+01	-1.852642e+03
5.300000e-07	-3.384711e-06	-2.787227e-08	-2.424866e+01	-1.831666e+03
5.400000e-07	-3.280747e-06	-2.753694e-08	-2.350384e+01	-1.809779e+03
5.500000e-07	-3.175572e-06	-2.718686e-08	-2.275035e+01	-1.786910e+03
5.600000e-07	-3.069093e-06	-2.682369e-08	-2.198752e+01	-1.762994e+03
5.700000e-07	-2.961288e-06	-2.644353e-08	-2.121518e+01	-1.737971e+03
5.800000e-07	-2.852361e-06	-2.604471e-08	-2.043481e+01	-1.711783e+03
5.900000e-07	-2.742525e-06	-2.562717e-08	-1.964792e+01	-1.684374e+03
6.000000e-07	-2.631806e-06	-2.519079e-08	-1.885471e+01	-1.655678e+03
6.100000e-07	-2.520135e-06	-2.473339e-08	-1.805468e+01	-1.625613e+03
6.200000e-07	-2.407483e-06	-2.424918e-08	-1.724763e+01	-1.594077e+03
6.300000e-07	-2.293857e-06	-2.373775e-08	-1.643359e+01	-1.560946e+03
6.400000e-07	-2.179224e-06	-2.319897e-08	-1.561234e+01	-1.526080e+03
6.500000e-07	-2.063562e-06	-2.263574e-08	-1.478371e+01	-1.489328e+03
6.600000e-07	-1.947051e-06	-2.204527e-08	-1.394901e+01	-1.450538e+03
6.700000e-07	-1.829920e-06	-2.142301e-08	-1.310986e+01	-1.409562e+03
6.800000e-07	-1.712199e-06	-2.076588e-08	-1.226649e+01	-1.366258e+03
6.900000e-07	-1.593897e-06	-2.006954e-08	-1.141896e+01	-1.320488e+03
7.000000e-07	-1.475107e-06	-1.933111e-08	-1.056793e+01	-1.272108e+03
7.100000e-07	-1.355788e-06	-1.854833e-08	-9.713102e+00	-1.220970e+03
7.200000e-07	-1.236011e-06	-1.772184e-08	-8.854999e+00	-1.166914e+03
7.300000e-07	-1.115835e-06	-1.684876e-08	-7.994035e+00	-1.109787e+03
7.400000e-07	-9.952376e-07	-1.592630e-08	-7.130055e+00	-1.049452e+03
7.500000e-07	-8.742881e-07	-1.495458e-08	-6.263552e+00	-9.858289e+02
7.600000e-07	-7.530335e-07	-1.393499e-08	-5.394863e+00	-9.189249e+02
7.700000e-07	-6.315727e-07	-1.286861e-08	-4.524696e+00	-8.488687e+02
7.800000e-07	-5.099509e-07	-1.175927e-08	-3.653377e+00	-7.759314e+02
7.900000e-07	-3.881370e-07	-1.061145e-08	-2.780681e+00	-7.005269e+02
8.000000e-07	-2.661484e-07	-9.431184e-09	-1.906733e+00	-6.231859e+02
8.100000e-07	-1.440740e-07	-8.230194e-09	-1.032171e+00	-5.445034e+02
8.200000e-07	-2.193208e-08	-7.021168e-09	-1.571252e-01	-4.650660e+02
8.300000e-07	1.002591e-07	-5.811522e-09	7.182737e-01	-3.853707e+02
8.400000e-07	2.224555e-07	-4.602184e-09	1.593710e+00	-3.057494e+02
8.500000e-07	3.446293e-07	-3.395766e-09	2.468984e+00	-2.263160e+02
8.600000e-07	4.666767e-07	-2.186869e-09	3.343353e+00	-1.469482e+02
8.700000e-07	5.885507e-07	-9.701840e-10	4.216479e+00	-6.731203e+01
8.800000e-07	7.102946e-07	2.562589e-10	5.088674e+00	1.307273e+01
8.900000e-07	8.318638e-07	1.499774e-09	5.959617e+00	9.473526e+01
9.000000e-07	9.531149e-07	2.768068e-09	6.828281e+00	1.781402e+02
9.100000e-07	1.074015e-06	4.066926e-09	7.694431e+00	2.635785e+02
9.200000e-07	1.194541e-06	5.397324e-09	8.557895e+00	3.510818e+02
9.300000e-07	1.314556e-06	6.756945e-09	9.417709e+00	4.403769e+02
9.400000e-07	1.434031e-06	8.137591e-09	1.027365e+01	5.308877e+02
9.500000e-07	1.552996e-06	9.524165e-09	1.112593e+01	6.217848e+02
9.600000e-07	1.671443e-06	1.090017e-08	1.197450e+01	7.120735e+02
9.700000e-07	1.789255e-06	1.224786e-08	1.281853e+01	8.007037e+02
9.800000e-07	1.906376e-06	1.355357e-08	1.365761e+01	8.866827e+02
9.900000e-07	2.022859e-06	1.480598e-08	1.449211e+01	9.691729e+02
1.000000e-06	2.138509e-06	1.599252e-08	1.532065e+01	1.047559e+03
1.010000e-06	2.253077e-06	1.710963e-08	1.614143e+01	1.121477e+03
1.020000e-06	2.366629e-06	1.815900e-08	1.695494e+01	1.190807e+03
1.030000e-06	2.479281e-06	1.914323e-08	1.776200e+01	1.255635e+03
1.040000e-06	2.590941e-06	2.006484e-08	1.856195e+01	1.316188e+03
1.050000e-06	2.701652e-06	2.092384e-08	1.935510e+01	1.372781e+03
1.060000e-06	2.811447e-06	2.172843e-08	2.014169e+01	1.425747e+03
1.070000e-06	2.920286e-06	2.248219e-08	2.092144e+01	1.475402e+03
1.080000e-06	3.028246e-06	2.318969e-08	2.169488e+01	1.522020e+03
1.090000e-06	3.135161e-06	2.385337e-08	2.246083e+01	1.565824e+03
1.100000e-06	3.240830e-06	2.447510e-08	2.321787e+01	1.606999e+03
1.110000e-06	3.345233e-06	2.506002e-08	2.396583e+01	1.645705e+03
1.120000e-06	3.448387e-06	2.561300e-08	2.470484e+01	1.682093e+03
1.130000e-06	3.550304e-06	2.613445e-08	2.543499e+01	1.716318e+03
1.140000e-06	3.651090e-06	2.662374e-08	2.615704e+01	1.748536e+03
1.150000e-06	3.750736e-06	2.708419e-08	2.687092e+01	1.778911e+03
1.160000e-06	3.848942e-06	2.752019e-08	2.757449e+01	1.807598e+03
1.170000e-06	3.945592e-06	2.793397e-08	2.826691e+01	1.834739e+03
1.180000e-06	4.040793e-06	2.832566e-08	2.894894e+01	1.860457e+03
1.190000e-06	4.134611e-06	2.869700e-08	2.962107e+01	1.884848e+03
1.200000e-06	4.227150e-06	2.904842e-08	3.028403e+01	1.907992e+03
1.210000e-06	4.318256e-06	2.938153e-08	3.093674e+01	1.929950e+03
1.220000e-06	4.407735e-06	2.969740e-08	3.157778e+01	1.950776e+03
1.230000e-06	4.495517e-06	2.999859e-08	3.220666e+01	1.970524e+03
1.240000e-06	4.581590e-06	3.028302e-08	3.282330e+01	1.989249e+03
1.250000e-06	4.666172e-06	3.055079e-08	3.342926e+01	2.007010e+03
1.260000e-06	4.749265e-06	3.080493e-08	3.402456e+01	2.023868e+03
1.270000e-06	4.830678e-06	3.104851e-08	3.460781e+01	2.039883e+03
1.280000e-06	4.910259e-06	3.128047e-08	3.517794e+01	2.055107e+03
1.290000e-06	4.987958e-06	3.150190e-08	3.573460e+01	2.069587e+03
1.300000e-06	5.063744e-06	3.171213e-08	3.627754e+01	2.083362e+03
1.310000e-06	5.137502e-06	3.191026e-08	3.680596e+01	2.096463e+03
1.320000e-06	5.209276e-06	3.209738e-08	3.732015e+01	2.108920e+03
1.330000e-06	5.279163e-06	3.227503e-08	3.782084e+01	2.120762e+03
1.340000e-06	5.347206e-06	3.244528e-08	3.830831e+01	2.132017e+03
1.350000e-06	5.413275e-06	3.260847e-08	3.878164e+01	2.142714e+03
1.360000e-06	5.477304e-06	3.276566e-08	3.924035e+01	2.152879e+03
1.370000e-06	5.539388e-06	3.291498e-08	3.968514e+01	2.162534e+03
1.380000e-06	5.599711e-06	3.305574e-08	4.011730e+01	2.171692e+03
1.390000e-06	5.658121e-06	3.318992e-08	4.053576e+01	2.180361e+03
1.400000e-06	5.714397e-06	3.331731e-08	4.093893e+01	2.188541e+03
1.410000e-06	5.768630e-06	3.343841e-08	4.132747e+01	2.196232e+03
1.420000e-06	5.820604e-06	3.355017e-08	4.169982e+01	2.203434e+03
1.430000e-06	5.870146e-06	3.365116e-08	4.205474e+01	2.210158e+03
1.440000e-06	5.917448e-06	3.374591e-08	4.239362e+01	2.216422e+03
1.450000e-06	5.962760e-06	3.383328e-08	4.271825e+01	2.222257e+03
1.460000e-06	6.006020e-06	3.391366e-08	4.302817e+01	2.227698e+03
1.470000e-06	6.047053e-06	3.398967e-08	4.332214e+01	2.232785e+03
1.480000e-06	6.085899e-06	3.406240e-08	4.360044e+01	2.237551e+03
1.490000e-06	6.122768e-06	3.413243e-08	4.386457e+01	2.242018e+03
1.500000e-06	6.157557e-06	3.419728e-08	4.411380e+01	2.246194e+03
1.510000e-06	6.189996e-06	3.425800e-08	4.434620e+01	2.250075e+03
1.520000e-06	6.220186e-06	3.431436e-08	4.456249e+01	2.253644e+03
1.530000e-06	6.248358e-06	3.436428e-08	4.476432e+01	2.256879e+03
1.540000e-06	6.274294e-06	3.440770e-08	4.495013e+01	2.259764e+03
1.550000e-06	6.297772e-06	3.444443e-08	4.511833e+01	2.262287e+03
1.560000e-06	6.319058e-06	3.447512e-08	4.527083e+01	2.264450e+03
1.570000e-06	6.338248e-06	3.450049e-08	4.540831e+01	2.266268e+03
1.580000e-06	6.355136e-06	3.452213e-08	4.552929e+01	2.267765e+03
1.590000e-06	6.369572e-06	3.454183e-08	4.563272e+01	2.268970e+03
1.600000e-06	6.381494e-06	3.455856e-08	4.571813e+01	2.269908e+03
1.610000e-06	6.390903e-06	3.457148e-08	4.578554e+01	2.270603e+03
1.620000e-06	6.397979e-06	3.458109e-08	4.583623e+01	2.271067e+03
1.630000e-06	6.402877e-06	3.458717e-08	4.587132e+01	2.271302e+03
1.640000e-06	6.405531e-06	3.458957e-08	4.589033e+01	2.271308e+03
1.650000e-06	6.405847e-06	3.458976e-08	4.589260e+01	2.271077e+03
1.660000e-06	6.403952e-06	3.457627e-08	4.587903e+01	2.270604e+03
1.670000e-06	6.400010e-06	3.456337e-08	4.585078e+01	2.269888e+03
1.680000e-06	6.393850e-06	3.455190e-08	4.580665e+01	2.268930e+03
1.690000e-06	6.385505e-06	3.453528e-08	4.574686e+01	2.267737e+03
1.700000e-06	6.375183e-06	3.451571e-08	4.567292e+01	2.266315e+03
1.710000e-06	6.362734e-06	3.449667e-08	4.558373e+01	2.264673e+03
1.720000e-06	6.348025e-06	3.449552e-08	4.547835e+01	2.262818e+03
1.730000e-06	6.331268e-06	3.444501e-08	4.535830e+01	2.260754e+03
1.740000e-06	6.312460e-06	3.431425e-08	4.522356e+01	2.258487e+03
1.750000e-06	6.290874e-06	3.430187e-08	4.506891e+01	2.256025e+03
1.760000e-06	6.266176e-06	3.431809e-08	4.489197e+01	2.253377e+03
1.770000e-06	6.239069e-06	3.425348e-08	4.469777e+01	2.250558e+03
1.780000e-06	6.210048e-06	3.432155e-08	4.448986e+01	2.247582e+03
1.790000e-06	6.179355e-06	3.426273e-08	4.426997e+01	2.244460e+03
1.800000e-06	6.147218e-06	3.405727e-08	4.403974e+01	2.241195e+03
1.810000e-06	6.113087e-06	3.413210e-08	4.379521e+01	2.237775e+03
1.820000e-06	6.076910e-06	3.403294e-08	4.353604e+01	2.234176e+03
1.830000e-06	6.038694e-06	3.398176e-08	4.326225e+01	2.230355e+03
1.840000e-06	5.998081e-06	3.410687e-08	4.297129e+01	2.226261e+03
1.850000e-06	5.955438e-06	3.387540e-08	4.266579e+01	2.221838e+03
1.860000e-06	5.910781e-06	3.381425e-08	4.234586e+01	2.217038e+03
1.870000e-06	5.863916e-06	3.373830e-08	4.201011e+01	2.211828e+03
1.880000e-06	5.814947e-06	3.359509e-08	4.165929e+01	2.206195e+03
1.890000e-06	5.763592e-06	3.363884e-08	4.129137e+01	2.200148e+03
1.900000e-06	5.709718e-06	3.345601e-08	4.090541e+01	2.193713e+03
1.910000e-06	5.653536e-06	3.339784e-08	4.050291e+01	2.186926e+03
1.920000e-06	5.595281e-06	3.331451e-08	4.008557e+01	2.179824e+03
1.930000e-06	5.535187e-06	3.310778e-08	3.965504e+01	2.172431e+03
1.940000e-06	5.472971e-06	3.307685e-08	3.920931e+01	2.164755e+03
1.950000e-06	5.408557e-06	3.290803e-08	3.874784e+01	2.156783e+03
1.960000e-06	5.342162e-06	3.283440e-08	3.827218e+01	2.148485e+03
1.970000e-06	5.273826e-06	3.268464e-08	3.778260e+01	2.139820e+03
1.980000e-06	5.203424e-06	3.250150e-08	3.727823e+01	2.130748e+03
1.990000e-06	5.130921e-06	3.240591e-08	3.675880e+01	2.121234e+03
2.000000e-06	5.056650e-06	3.221119e-08	3.622672e+01	2.111258e+03
2.010000e-06	4.980492e-06	3.210453e-08	3.568111e+01	2.100816e+03
2.020000e-06	4.902188e-06	3.190997e-08	3.512012e+01	2.089916e+03
2.030000e-06	4.821966e-06	3.174510e-08	3.454540e+01	2.078570e+03
2.040000e-06	4.740146e-06	3.158045e-08	3.395922e+01	2.066787e+03
2.050000e-06	4.656806e-06	3.136673e-08	3.336216e+01	2.054566e+03
2.060000e-06	4.571879e-06	3.119676e-08	3.275373e+01	2.041890e+03
2.070000e-06	4.485271e-06	3.097876e-08	3.213326e+01	2.028729e+03
2.080000e-06	4.396925e-06	3.079299e-08	3.150033e+01	2.015041e+03
2.090000e-06	4.307073e-06	3.055901e-08	3.085662e+01	2.000780e+03
2.100000e-06	4.215887e-06	3.033610e-08	3.020334e+01	1.985905e+03
2.110000e-06	4.123335e-06	3.010868e-08	2.954028e+01	1.970383e+03
2.120000e-06	4.029331e-06	2.986025e-08	2.886683e+01	1.954194e+03
2.130000e-06	3.933778e-06	2.960830e-08	2.818227e+01	1.937327e+03
2.140000e-06	3.836786e-06	2.933235e-08	2.748740e+01	1.919772e+03
2.150000e-06	3.738503e-06	2.906599e-08	2.678329e+01	1.901519e+03
2.160000e-06	3.638933e-06	2.877037e-08	2.606995e+01	1.882545e+03
2.170000e-06	3.537970e-06	2.847644e-08	2.534663e+01	1.862810e+03
2.180000e-06	3.435573e-06	2.816003e-08	2.461304e+01	1.842264e+03
2.190000e-06	3.331813e-06	2.783565e-08	2.386968e+01	1.820841e+03
2.200000e-06	3.226839e-06	2.749094e-08	2.311763e+01	1.798471e+03
2.210000e-06	3.120791e-06	2.713384e-08	2.235789e+01	1.775087e+03
2.220000e-06	3.013697e-06	2.676587e-08	2.159064e+01	1.750624e+03
2.230000e-06	2.905524e-06	2.637833e-08	2.081568e+01	1.725026e+03
2.240000e-06	2.796324e-06	2.597135e-08	2.003335e+01	1.698235e+03
2.250000e-06	2.686071e-06	2.553900e-08	1.924348e+01	1.670191e+03
2.260000e-06	2.574731e-06	2.509305e-08	1.844582e+01	1.640822e+03
2.270000e-06	2.462423e-06	2.462355e-08	1.764123e+01	1.610036e+03
2.280000e-06	2.349141e-06	2.413749e-08	1.682966e+01	1.577719e+03
2.290000e-06	2.234926e-06	2.362092e-08	1.601140e+01	1.543739e+03
2.300000e-06	2.119905e-06	2.307395e-08	1.518737e+01	1.507949e+03
2.310000e-06	2.004053e-06	2.249523e-08	1.435738e+01	1.470197e+03
2.320000e-06	1.887319e-06	2.188693e-08	1.352108e+01	1.430332e+03
2.330000e-06	1.769863e-06	2.124748e-08	1.267960e+01	1.388210e+03
2.340000e-06	1.651792e-06	2.057195e-08	1.183373e+01	1.343690e+03
2.350000e-06	1.533009e-06	1.985771e-08	1.098274e+01	1.296633e+03
2.360000e-06	1.413514e-06	1.909939e-08	1.012666e+01	1.246893e+03
2.370000e-06	1.293458e-06	1.829497e-08	9.266556e+00	1.194317e+03
2.380000e-06	1.173072e-06	1.744350e-08	8.404089e+00	1.138744e+03
2.390000e-06	1.052395e-06	1.654956e-08	7.539541e+00	1.080027e+03
2.400000e-06	9.313907e-07	1.560677e-08	6.672645e+00	1.018053e+03
2.410000e-06	8.101091e-07	1.461303e-08	5.803762e+00	9.527822e+02
2.420000e-06	6.886034e-07	1.356859e-08	4.933274e+00	8.842773e+02
2.430000e-06	5.669313e-07	1.247574e-08	4.061594e+00	8.127374e+02
2.440000e-06	4.450008e-07	1.134097e-08	3.188063e+00	7.385066e+02
2.450000e-06	3.228751e-07	1.017184e-08	2.313133e+00	6.620620e+02
2.460000e-06	2.006527e-07	8.979665e-09	1.437510e+00	5.839746e+02
2.470000e-06	7.834561e-08	7.771558e-09	5.612815e-01	5.048449e+02
2.480000e-06	-4.402472e-08	6.555406e-09	-3.154007e-01	4.252252e+02
2.490000e-06	-1.663877e-07	5.337806e-09	-1.192030e+00	3.455382e+02
2.500000e-06	-2.886698e-07	4.121508e-09	-2.068081e+00	2.660114e+02
2.510000e-06	-4.108735e-07	2.906818e-09	-2.943569e+00	1.866404e+02
2.520000e-06	-5.329400e-07	1.689548e-09	-3.818075e+00	1.071913e+02
2.530000e-06	-6.548429e-07	4.653140e-10	-4.691408e+00	2.724646e+01
2.540000e-06	-7.765455e-07	-7.716337e-10	-5.563307e+00	-5.371237e+01
2.550000e-06	-8.979584e-07	-2.029273e-09	-6.433130e+00	-1.361965e+02
2.560000e-06	-1.019079e-06	-3.316166e-09	-7.300860e+00	-2.205964e+02
2.570000e-06	-1.139886e-06	-4.636148e-09	-8.166339e+00	-3.070818e+02
2.580000e-06	-1.260354e-06	-5.984048e-09	-9.029394e+00	-3.955347e+02
2.590000e-06	-1.380436e-06	-7.355428e-09	-9.889683e+00	-4.855271e+02
2.600000e-06	-1.499998e-06	-8.744626e-09	-1.074624e+01	-5.763475e+02
2.610000e-06	-1.618979e-06	-1.013574e-08	-1.159865e+01	-6.670709e+02
2.620000e-06	-1.737180e-06	-1.150957e-08	-1.244546e+01	-7.566605e+02
2.630000e-06	-1.854518e-06	-1.284962e-08	-1.328609e+01	-8.440815e+02
2.640000e-06	-1.971040e-06	-1.414214e-08	-1.412087e+01	-9.284081e+02
2.650000e-06	-2.086691e-06	-1.537633e-08	-1.494942e+01	-1.008908e+03
2.660000e-06	-2.201547e-06	-1.654278e-08	-1.577226e+01	-1.085089e+03
2.670000e-06	-2.315504e-06	-1.763902e-08	-1.658868e+01	-1.156715e+03
2.680000e-06	-2.428337e-06	-1.866623e-08	-1.739703e+01	-1.223772e+03
2.690000e-06	-2.540136e-06	-1.962562e-08	-1.819797e+01	-1.286427e+03
2.700000e-06	-2.650888e-06	-2.052375e-08	-1.899142e+01	-1.344959e+03
2.710000e-06	-2.760569e-06	-2.136602e-08	-1.977719e+01	-1.399697e+03
2.720000e-06	-2.869382e-06	-2.215608e-08	-2.055675e+01	-1.450970e+03
2.730000e-06	-2.977338e-06	-2.289693e-08	-2.133016e+01	-1.499076e+03
2.740000e-06	-3.084365e-06	-2.358938e-08	-2.209693e+01	-1.544261e+03
2.750000e-06	-3.190357e-06	-2.423619e-08	-2.285627e+01	-1.586729e+03
2.760000e-06	-3.295277e-06	-2.484449e-08	-2.360794e+01	-1.626651e+03
2.770000e-06	-3.399076e-06	-2.542142e-08	-2.435157e+01	-1.664179e+03
2.780000e-06	-3.501567e-06	-2.596481e-08	-2.508583e+01	-1.699466e+03
2.790000e-06	-3.602650e-06	-2.647292e-08	-2.581001e+01	-1.732667e+03
2.800000e-06	-3.702461e-06	-2.694990e-08	-2.652507e+01	-1.763944e+03
2.810000e-06	-3.801092e-06	-2.740142e-08	-2.723168e+01	-1.793456e+03
2.820000e-06	-3.898461e-06	-2.782956e-08	-2.792925e+01	-1.821354e+03
2.830000e-06	-3.994554e-06	-2.823505e-08	-2.861768e+01	-1.847769e+03
2.840000e-06	-4.089210e-06	-2.862102e-08	-2.929581e+01	-1.872813e+03
2.850000e-06	-4.182307e-06	-2.898525e-08	-2.996277e+01	-1.896572e+03
2.860000e-06	-4.273936e-06	-2.932837e-08	-3.061922e+01	-1.919116e+03
2.870000e-06	-4.364045e-06	-2.965293e-08	-3.126478e+01	-1.940501e+03
2.880000e-06	-4.452629e-06	-2.996083e-08	-3.189940e+01	-1.960781e+03
2.890000e-06	-4.539674e-06	-3.025503e-08	-3.252301e+01	-1.980010e+03
2.900000e-06	-4.624978e-06	-3.053635e-08	-3.313414e+01	-1.998246e+03
2.910000e-06	-4.708600e-06	-3.080287e-08	-3.373323e+01	-2.015548e+03
2.920000e-06	-4.790650e-06	-3.105499e-08	-3.432105e+01	-2.031978e+03
2.930000e-06	-4.871100e-06	-3.129441e-08	-3.489740e+01	-2.047591e+03
2.940000e-06	-4.949574e-06	-3.152291e-08	-3.545961e+01	-2.062438e+03
2.950000e-06	-5.025897e-06	-3.174215e-08	-3.600640e+01	-2.076561e+03
2.960000e-06	-5.100302e-06	-3.194901e-08	-3.653945e+01	-2.089995e+03
2.970000e-06	-5.172911e-06	-3.214281e-08	-3.705963e+01	-2.102770e+03
2.980000e-06	-5.243581e-06	-3.232678e-08	-3.756592e+01	-2.114917e+03
2.990000e-06	-5.312209e-06	-3.250331e-08	-3.805758e+01	-2.126461e+03
3.000000e-06	-5.378979e-06	-3.267173e-08	-3.853594e+01	-2.137434e+03
3.010000e-06	-5.444011e-06	-3.283087e-08	-3.900184e+01	-2.147862e+03
3.020000e-06	-5.507104e-06	-3.298052e-08	-3.945385e+01	-2.157769e+03
3.030000e-06	-5.568085e-06	-3.312260e-08	-3.989072e+01	-2.167174e+03
3.040000e-06	-5.627037e-06	-3.325750e-08	-4.031307e+01	-2.176088e+03
3.050000e-06	-5.684135e-06	-3.338525e-08	-4.072213e+01	-2.184512e+03
3.060000e-06	-5.739295e-06	-3.350528e-08	-4.111730e+01	-2.192448e+03
3.070000e-06	-5.792117e-06	-3.361647e-08	-4.149573e+01	-2.199894e+03
3.080000e-06	-5.842436e-06	-3.371980e-08	-4.185622e+01	-2.206855e+03
3.090000e-06	-5.890336e-06	-3.381859e-08	-4.219939e+01	-2.213346e+03
3.100000e-06	-5.936166e-06	-3.391116e-08	-4.252772e+01	-2.219391e+03
3.110000e-06	-5.980155e-06	-3.399873e-08	-4.284287e+01	-2.225024e+03
3.120000e-06	-6.022259e-06	-3.408079e-08	-4.314451e+01	-2.230284e+03
3.130000e-06	-6.062401e-06	-3.415585e-08	-4.343209e+01	-2.235206e+03
3.140000e-06	-6.100401e-06	-3.422569e-08	-4.370433e+01	-2.239821e+03
3.150000e-06	-6.136174e-06	-3.429174e-08	-4.396061e+01	-2.244142e+03
3.160000e-06	-6.169822e-06	-3.435449e-08	-4.420167e+01	-2.248172e+03
3.170000e-06	-6.201297e-06	-3.441056e-08	-4.442717e+01	-2.251900e+03
3.180000e-06	-6.230438e-06	-3.446096e-08	-4.463594e+01	-2.255304e+03
3.190000e-06	-6.257283e-06	-3.450716e-08	-4.482826e+01	-2.258366e+03
3.200000e-06	-6.281985e-06	-3.454904e-08	-4.500523e+01	-2.261071e+03
3.210000e-06	-6.304379e-06	-3.458495e-08	-4.516567e+01	-2.263413e+03
3.220000e-06	-6.324449e-06	-3.461555e-08	-4.530945e+01	-2.265401e+03
3.230000e-06	-6.342417e-06	-3.463983e-08	-4.543818e+01	-2.267055e+03
3.240000e-06	-6.358100e-06	-3.466003e-08	-4.555053e+01	-2.268402e+03
3.250000e-06	-6.371183e-06	-3.467764e-08	-4.564426e+01	-2.269471e+03
3.260000e-06	-6.381717e-06	-3.469232e-08	-4.571973e+01	-2.270285e+03
3.270000e-06	-6.389995e-06	-3.469982e-08	-4.577904e+01	-2.270863e+03
3.280000e-06	-6.395952e-06	-3.470203e-08	-4.582171e+01	-2.271213e+03
3.290000e-06	-6.399610e-06	-3.470137e-08	-4.584792e+01	-2.271334e+03
3.300000e-06	-6.401147e-06	-3.469453e-08	-4.585893e+01	-2.271222e+03
