# Temperatura_=_27.3
# Concentracion g/m^3_=_28200.0
# C_Vs_to_Am_M_A/Vsm_=_65563218390.804596
# pendiente_HvsI_1/m_=_3716.3
# ordenada_HvsI_A/m_=_1297.0
# frecuencia_Hz_=_302274.9863605802

Tiempo_(s)	Campo_(V.s)	Magnetizacion_(V.s)	Campo_(kA/m)	Magnetizacion_(A/m)
0.000000e+00	-6.920714e-06	-2.347668e-08	-4.952517e+01	-1.534753e+03
1.000000e-08	-6.917443e-06	-2.347122e-08	-4.950176e+01	-1.534395e+03
2.000000e-08	-6.911900e-06	-2.346057e-08	-4.946209e+01	-1.533882e+03
3.000000e-08	-6.904219e-06	-2.344802e-08	-4.940713e+01	-1.533204e+03
4.000000e-08	-6.894145e-06	-2.343406e-08	-4.933504e+01	-1.532354e+03
5.000000e-08	-6.881471e-06	-2.341682e-08	-4.924434e+01	-1.531330e+03
6.000000e-08	-6.866240e-06	-2.339937e-08	-4.913535e+01	-1.530131e+03
7.000000e-08	-6.848668e-06	-2.337442e-08	-4.900960e+01	-1.528767e+03
8.000000e-08	-6.829026e-06	-2.334325e-08	-4.886904e+01	-1.527255e+03
9.000000e-08	-6.807163e-06	-2.332970e-08	-4.871259e+01	-1.525617e+03
1.000000e-07	-6.782539e-06	-2.332092e-08	-4.853638e+01	-1.523877e+03
1.100000e-07	-6.755053e-06	-2.327941e-08	-4.833968e+01	-1.522058e+03
1.200000e-07	-6.725118e-06	-2.324021e-08	-4.812547e+01	-1.520178e+03
1.300000e-07	-6.693023e-06	-2.320693e-08	-4.789579e+01	-1.518241e+03
1.400000e-07	-6.658862e-06	-2.314754e-08	-4.765133e+01	-1.516235e+03
1.500000e-07	-6.622890e-06	-2.309210e-08	-4.739391e+01	-1.514134e+03
1.600000e-07	-6.585094e-06	-2.310104e-08	-4.712344e+01	-1.511898e+03
1.700000e-07	-6.545148e-06	-2.306275e-08	-4.683759e+01	-1.509480e+03
1.800000e-07	-6.502906e-06	-2.298766e-08	-4.653530e+01	-1.506831e+03
1.900000e-07	-6.458214e-06	-2.297293e-08	-4.621548e+01	-1.503912e+03
2.000000e-07	-6.411045e-06	-2.288454e-08	-4.587793e+01	-1.500696e+03
2.100000e-07	-6.361285e-06	-2.281011e-08	-4.552185e+01	-1.497177e+03
2.200000e-07	-6.308870e-06	-2.277003e-08	-4.514676e+01	-1.493367e+03
2.300000e-07	-6.254051e-06	-2.270566e-08	-4.475448e+01	-1.489294e+03
2.400000e-07	-6.196857e-06	-2.266432e-08	-4.434519e+01	-1.484992e+03
2.500000e-07	-6.137235e-06	-2.258758e-08	-4.391853e+01	-1.480497e+03
2.600000e-07	-6.075357e-06	-2.251205e-08	-4.347573e+01	-1.475834e+03
2.700000e-07	-6.011226e-06	-2.242835e-08	-4.301680e+01	-1.471014e+03
2.800000e-07	-5.944791e-06	-2.234280e-08	-4.254139e+01	-1.466029e+03
2.900000e-07	-5.876178e-06	-2.227956e-08	-4.205039e+01	-1.460857e+03
3.000000e-07	-5.805434e-06	-2.220059e-08	-4.154413e+01	-1.455464e+03
3.100000e-07	-5.732429e-06	-2.212658e-08	-4.102171e+01	-1.449815e+03
3.200000e-07	-5.657096e-06	-2.202693e-08	-4.048262e+01	-1.443878e+03
3.300000e-07	-5.579453e-06	-2.190972e-08	-3.992700e+01	-1.437631e+03
3.400000e-07	-5.499511e-06	-2.180193e-08	-3.935493e+01	-1.431067e+03
3.500000e-07	-5.417520e-06	-2.170187e-08	-3.876820e+01	-1.424187e+03
3.600000e-07	-5.333783e-06	-2.160482e-08	-3.816897e+01	-1.417003e+03
3.700000e-07	-5.248355e-06	-2.148856e-08	-3.755764e+01	-1.409523e+03
3.800000e-07	-5.161175e-06	-2.137028e-08	-3.693377e+01	-1.401752e+03
3.900000e-07	-5.072136e-06	-2.124041e-08	-3.629660e+01	-1.393684e+03
4.000000e-07	-4.981226e-06	-2.110031e-08	-3.564604e+01	-1.385301e+03
4.100000e-07	-4.888586e-06	-2.096785e-08	-3.498310e+01	-1.376576e+03
4.200000e-07	-4.794363e-06	-2.083371e-08	-3.430884e+01	-1.367479e+03
4.300000e-07	-4.698491e-06	-2.069235e-08	-3.362277e+01	-1.357978e+03
4.400000e-07	-4.600855e-06	-2.053664e-08	-3.292408e+01	-1.348051e+03
4.500000e-07	-4.501512e-06	-2.037416e-08	-3.221317e+01	-1.337683e+03
4.600000e-07	-4.400545e-06	-2.020743e-08	-3.149064e+01	-1.326867e+03
4.700000e-07	-4.298058e-06	-2.003645e-08	-3.075724e+01	-1.315602e+03
4.800000e-07	-4.194090e-06	-1.986165e-08	-3.001323e+01	-1.303886e+03
4.900000e-07	-4.088574e-06	-1.967501e-08	-2.925816e+01	-1.291708e+03
5.000000e-07	-3.981473e-06	-1.947726e-08	-2.849173e+01	-1.279049e+03
5.100000e-07	-3.872914e-06	-1.927015e-08	-2.771487e+01	-1.265873e+03
5.200000e-07	-3.763055e-06	-1.905682e-08	-2.692872e+01	-1.252135e+03
5.300000e-07	-3.651838e-06	-1.883327e-08	-2.613284e+01	-1.237785e+03
5.400000e-07	-3.539191e-06	-1.859985e-08	-2.532673e+01	-1.222769e+03
5.500000e-07	-3.425109e-06	-1.835880e-08	-2.451035e+01	-1.207041e+03
5.600000e-07	-3.309528e-06	-1.810851e-08	-2.368324e+01	-1.190562e+03
5.700000e-07	-3.192516e-06	-1.784686e-08	-2.284589e+01	-1.173299e+03
5.800000e-07	-3.074361e-06	-1.757039e-08	-2.200036e+01	-1.155223e+03
5.900000e-07	-2.955157e-06	-1.727800e-08	-2.114734e+01	-1.136304e+03
6.000000e-07	-2.834775e-06	-1.696961e-08	-2.028587e+01	-1.116498e+03
6.100000e-07	-2.713277e-06	-1.664872e-08	-1.941642e+01	-1.095748e+03
6.200000e-07	-2.590781e-06	-1.631470e-08	-1.853983e+01	-1.073976e+03
6.300000e-07	-2.467251e-06	-1.596489e-08	-1.765584e+01	-1.051087e+03
6.400000e-07	-2.342749e-06	-1.559395e-08	-1.676490e+01	-1.026974e+03
6.500000e-07	-2.217473e-06	-1.520036e-08	-1.586841e+01	-1.001522e+03
6.600000e-07	-2.091549e-06	-1.478536e-08	-1.496729e+01	-9.746159e+02
6.700000e-07	-1.964956e-06	-1.434927e-08	-1.406137e+01	-9.461436e+02
6.800000e-07	-1.837693e-06	-1.389325e-08	-1.315067e+01	-9.159957e+02
6.900000e-07	-1.709773e-06	-1.340903e-08	-1.223527e+01	-8.840637e+02
7.000000e-07	-1.581238e-06	-1.289044e-08	-1.131546e+01	-8.502360e+02
7.100000e-07	-1.452226e-06	-1.233753e-08	-1.039224e+01	-8.143973e+02
7.200000e-07	-1.322768e-06	-1.175362e-08	-9.465829e+00	-7.764316e+02
7.300000e-07	-1.192875e-06	-1.113987e-08	-8.536305e+00	-7.362344e+02
7.400000e-07	-1.062560e-06	-1.049356e-08	-7.603759e+00	-6.937307e+02
7.500000e-07	-9.318377e-07	-9.812450e-09	-6.668303e+00	-6.488998e+02
7.600000e-07	-8.008148e-07	-9.096377e-09	-5.730693e+00	-6.018002e+02
7.700000e-07	-6.694695e-07	-8.346516e-09	-4.790776e+00	-5.525889e+02
7.800000e-07	-5.377893e-07	-7.565108e-09	-3.848462e+00	-5.015287e+02
7.900000e-07	-4.059251e-07	-6.761790e-09	-2.904832e+00	-4.489788e+02
8.000000e-07	-2.739068e-07	-5.944938e-09	-1.960098e+00	-3.953656e+02
8.100000e-07	-1.417220e-07	-5.119819e-09	-1.014174e+00	-3.411372e+02
8.200000e-07	-9.475118e-09	-4.291779e-09	-6.780468e-02	-2.867067e+02
8.300000e-07	1.227809e-07	-3.466619e-09	8.786294e-01	-2.323944e+02
8.400000e-07	2.550301e-07	-2.646667e-09	1.825015e+00	-1.783799e+02
8.500000e-07	3.872301e-07	-1.830142e-09	2.771049e+00	-1.246745e+02
8.600000e-07	5.192964e-07	-1.015167e-09	3.716126e+00	-7.112070e+01
8.700000e-07	6.511671e-07	-1.983656e-10	4.659802e+00	-1.742257e+01
8.800000e-07	7.827981e-07	6.246102e-10	5.601764e+00	3.679823e+01
8.900000e-07	9.141256e-07	1.463200e-09	6.541554e+00	9.192769e+01
9.000000e-07	1.045117e-06	2.322749e-09	7.478935e+00	1.482795e+02
9.100000e-07	1.175708e-06	3.203494e-09	8.413459e+00	2.060234e+02
9.200000e-07	1.305840e-06	4.103830e-09	9.344696e+00	2.651350e+02
9.300000e-07	1.435515e-06	5.018455e-09	1.027266e+01	3.253750e+02
9.400000e-07	1.564750e-06	5.945090e-09	1.119747e+01	3.863026e+02
9.500000e-07	1.693433e-06	6.873628e-09	1.211834e+01	4.473190e+02
9.600000e-07	1.821423e-06	7.790818e-09	1.303425e+01	5.077333e+02
9.700000e-07	1.948678e-06	8.688808e-09	1.394489e+01	5.668391e+02
9.800000e-07	2.075199e-06	9.558185e-09	1.485028e+01	6.239890e+02
9.900000e-07	2.201000e-06	1.038999e-08	1.575053e+01	6.786545e+02
1.000000e-06	2.326071e-06	1.117474e-08	1.664555e+01	7.304639e+02
1.010000e-06	2.450415e-06	1.190985e-08	1.753536e+01	7.792152e+02
1.020000e-06	2.573840e-06	1.259846e-08	1.841860e+01	8.248637e+02
1.030000e-06	2.696175e-06	1.324324e-08	1.929404e+01	8.674932e+02
1.040000e-06	2.817449e-06	1.384765e-08	2.016189e+01	9.072749e+02
1.050000e-06	2.937621e-06	1.441346e-08	2.102185e+01	9.444270e+02
1.060000e-06	3.056677e-06	1.493958e-08	2.187382e+01	9.791779e+02
1.070000e-06	3.174716e-06	1.542948e-08	2.271852e+01	1.011742e+03
1.080000e-06	3.291714e-06	1.589090e-08	2.355576e+01	1.042307e+03
1.090000e-06	3.407365e-06	1.632795e-08	2.438337e+01	1.071029e+03
1.100000e-06	3.521503e-06	1.673898e-08	2.520015e+01	1.098043e+03
1.110000e-06	3.634237e-06	1.712360e-08	2.600688e+01	1.123467e+03
1.120000e-06	3.745669e-06	1.748634e-08	2.680430e+01	1.147410e+03
1.130000e-06	3.855860e-06	1.782990e-08	2.759284e+01	1.169982e+03
1.140000e-06	3.964811e-06	1.815514e-08	2.837250e+01	1.191287e+03
1.150000e-06	4.072417e-06	1.846246e-08	2.914253e+01	1.211427e+03
1.160000e-06	4.178529e-06	1.875204e-08	2.990188e+01	1.230493e+03
1.170000e-06	4.283060e-06	1.902423e-08	3.064991e+01	1.248567e+03
1.180000e-06	4.386025e-06	1.928049e-08	3.138673e+01	1.265713e+03
1.190000e-06	4.487488e-06	1.952516e-08	3.211281e+01	1.281984e+03
1.200000e-06	4.587433e-06	1.976048e-08	3.282803e+01	1.297425e+03
1.210000e-06	4.685677e-06	1.998326e-08	3.353107e+01	1.312072e+03
1.220000e-06	4.782087e-06	2.019310e-08	3.422099e+01	1.325966e+03
1.230000e-06	4.876737e-06	2.039073e-08	3.489831e+01	1.339146e+03
1.240000e-06	4.969746e-06	2.057724e-08	3.556389e+01	1.351656e+03
1.250000e-06	5.061067e-06	2.075585e-08	3.621739e+01	1.363543e+03
1.260000e-06	5.150530e-06	2.092733e-08	3.685759e+01	1.374848e+03
1.270000e-06	5.238053e-06	2.109105e-08	3.748391e+01	1.385607e+03
1.280000e-06	5.323717e-06	2.124658e-08	3.809693e+01	1.395846e+03
1.290000e-06	5.407573e-06	2.139657e-08	3.869702e+01	1.405581e+03
1.300000e-06	5.489455e-06	2.153981e-08	3.928297e+01	1.414818e+03
1.310000e-06	5.569200e-06	2.167359e-08	3.985363e+01	1.423561e+03
1.320000e-06	5.646874e-06	2.179962e-08	4.040947e+01	1.431811e+03
1.330000e-06	5.722406e-06	2.191717e-08	4.094998e+01	1.439576e+03
1.340000e-06	5.795695e-06	2.202618e-08	4.147445e+01	1.446873e+03
1.350000e-06	5.866873e-06	2.212926e-08	4.198380e+01	1.453729e+03
1.360000e-06	5.936002e-06	2.222980e-08	4.247849e+01	1.460179e+03
1.370000e-06	6.003054e-06	2.232500e-08	4.295832e+01	1.466263e+03
1.380000e-06	6.067868e-06	2.241253e-08	4.342213e+01	1.472021e+03
1.390000e-06	6.130472e-06	2.249434e-08	4.387014e+01	1.477489e+03
1.400000e-06	6.191032e-06	2.257161e-08	4.430351e+01	1.482695e+03
1.410000e-06	6.249499e-06	2.264474e-08	4.472190e+01	1.487656e+03
1.420000e-06	6.305744e-06	2.271412e-08	4.512439e+01	1.492381e+03
1.430000e-06	6.359664e-06	2.278062e-08	4.551025e+01	1.496868e+03
1.440000e-06	6.411103e-06	2.284524e-08	4.587835e+01	1.501114e+03
1.450000e-06	6.459890e-06	2.290659e-08	4.622747e+01	1.505110e+03
1.460000e-06	6.506223e-06	2.296358e-08	4.655904e+01	1.508851e+03
1.470000e-06	6.550365e-06	2.301551e-08	4.687492e+01	1.512334e+03
1.480000e-06	6.592206e-06	2.306247e-08	4.717434e+01	1.515560e+03
1.490000e-06	6.631589e-06	2.310598e-08	4.745617e+01	1.518531e+03
1.500000e-06	6.668736e-06	2.314695e-08	4.772200e+01	1.521253e+03
1.510000e-06	6.703604e-06	2.318339e-08	4.797151e+01	1.523732e+03
1.520000e-06	6.735974e-06	2.321504e-08	4.820315e+01	1.525974e+03
1.530000e-06	6.765980e-06	2.324370e-08	4.841788e+01	1.527984e+03
1.540000e-06	6.793669e-06	2.327069e-08	4.861602e+01	1.529770e+03
1.550000e-06	6.818822e-06	2.329507e-08	4.879602e+01	1.531336e+03
1.560000e-06	6.841429e-06	2.331536e-08	4.895780e+01	1.532690e+03
1.570000e-06	6.861735e-06	2.333388e-08	4.910311e+01	1.533841e+03
1.580000e-06	6.879684e-06	2.334850e-08	4.923156e+01	1.534797e+03
1.590000e-06	6.895026e-06	2.335883e-08	4.934134e+01	1.535569e+03
1.600000e-06	6.907701e-06	2.336750e-08	4.943204e+01	1.536168e+03
1.610000e-06	6.917670e-06	2.337450e-08	4.950338e+01	1.536605e+03
1.620000e-06	6.924968e-06	2.337881e-08	4.955561e+01	1.536888e+03
1.630000e-06	6.929868e-06	2.338037e-08	4.959067e+01	1.537024e+03
1.640000e-06	6.932386e-06	2.338143e-08	4.960869e+01	1.537016e+03
1.650000e-06	6.932415e-06	2.338281e-08	4.960890e+01	1.536865e+03
1.660000e-06	6.930073e-06	2.338009e-08	4.959214e+01	1.536566e+03
1.670000e-06	6.925438e-06	2.337202e-08	4.955897e+01	1.536115e+03
1.680000e-06	6.918420e-06	2.336337e-08	4.950875e+01	1.535502e+03
1.690000e-06	6.909150e-06	2.335368e-08	4.944241e+01	1.534720e+03
1.700000e-06	6.897602e-06	2.334078e-08	4.935977e+01	1.533764e+03
1.710000e-06	6.883620e-06	2.332575e-08	4.925972e+01	1.532633e+03
1.720000e-06	6.867346e-06	2.331356e-08	4.914327e+01	1.531332e+03
1.730000e-06	6.849032e-06	2.329777e-08	4.901220e+01	1.529876e+03
1.740000e-06	6.828475e-06	2.324988e-08	4.886510e+01	1.528284e+03
1.750000e-06	6.804854e-06	2.321705e-08	4.869607e+01	1.526580e+03
1.760000e-06	6.777963e-06	2.321374e-08	4.850363e+01	1.524790e+03
1.770000e-06	6.748341e-06	2.318737e-08	4.829165e+01	1.522933e+03
1.780000e-06	6.716573e-06	2.315797e-08	4.806432e+01	1.521018e+03
1.790000e-06	6.683168e-06	2.315918e-08	4.782527e+01	1.519041e+03
1.800000e-06	6.648273e-06	2.310204e-08	4.757556e+01	1.516981e+03
1.810000e-06	6.611310e-06	2.305849e-08	4.731105e+01	1.514804e+03
1.820000e-06	6.571859e-06	2.307537e-08	4.702874e+01	1.512463e+03
1.830000e-06	6.530199e-06	2.299778e-08	4.673061e+01	1.509910e+03
1.840000e-06	6.486310e-06	2.298781e-08	4.641654e+01	1.507100e+03
1.850000e-06	6.440046e-06	2.296548e-08	4.608547e+01	1.504002e+03
1.860000e-06	6.391437e-06	2.286911e-08	4.573762e+01	1.500602e+03
1.870000e-06	6.340379e-06	2.284329e-08	4.537224e+01	1.496903e+03
1.880000e-06	6.286768e-06	2.274941e-08	4.498860e+01	1.492929e+03
1.890000e-06	6.230569e-06	2.269636e-08	4.458644e+01	1.488712e+03
1.900000e-06	6.171995e-06	2.263839e-08	4.416727e+01	1.484289e+03
1.910000e-06	6.111141e-06	2.254904e-08	4.373180e+01	1.479690e+03
1.920000e-06	6.047879e-06	2.253258e-08	4.327909e+01	1.474931e+03
1.930000e-06	5.982454e-06	2.243249e-08	4.281090e+01	1.470012e+03
1.940000e-06	5.914927e-06	2.235196e-08	4.232768e+01	1.464917e+03
1.950000e-06	5.845060e-06	2.225712e-08	4.182771e+01	1.459615e+03
1.960000e-06	5.772812e-06	2.215033e-08	4.131069e+01	1.454071e+03
1.970000e-06	5.698331e-06	2.210301e-08	4.077770e+01	1.448250e+03
1.980000e-06	5.621634e-06	2.199908e-08	4.022885e+01	1.442126e+03
1.990000e-06	5.542627e-06	2.191996e-08	3.966347e+01	1.435686e+03
2.000000e-06	5.461595e-06	2.181082e-08	3.908360e+01	1.428929e+03
2.010000e-06	5.378746e-06	2.169768e-08	3.849073e+01	1.421863e+03
2.020000e-06	5.294005e-06	2.158252e-08	3.788431e+01	1.414498e+03
2.030000e-06	5.207242e-06	2.145569e-08	3.726343e+01	1.406842e+03
2.040000e-06	5.118528e-06	2.136951e-08	3.662859e+01	1.398891e+03
2.050000e-06	5.028177e-06	2.124295e-08	3.598202e+01	1.390635e+03
2.060000e-06	4.936157e-06	2.111335e-08	3.532353e+01	1.382047e+03
2.070000e-06	4.842399e-06	2.096096e-08	3.465259e+01	1.373100e+03
2.080000e-06	4.746872e-06	2.081661e-08	3.396898e+01	1.363760e+03
2.090000e-06	4.649631e-06	2.067063e-08	3.327312e+01	1.354003e+03
2.100000e-06	4.550909e-06	2.051330e-08	3.256666e+01	1.343809e+03
2.110000e-06	4.450636e-06	2.036162e-08	3.184910e+01	1.333169e+03
2.120000e-06	4.348708e-06	2.019016e-08	3.111970e+01	1.322080e+03
2.130000e-06	4.245128e-06	2.001682e-08	3.037847e+01	1.310542e+03
2.140000e-06	4.139996e-06	1.982959e-08	2.962613e+01	1.298547e+03
2.150000e-06	4.033490e-06	1.964745e-08	2.886397e+01	1.286080e+03
2.160000e-06	3.925643e-06	1.945511e-08	2.809221e+01	1.273111e+03
2.170000e-06	3.816365e-06	1.925541e-08	2.731021e+01	1.259600e+03
2.180000e-06	3.705664e-06	1.904132e-08	2.651802e+01	1.245496e+03
2.190000e-06	3.593480e-06	1.881299e-08	2.571522e+01	1.230748e+03
2.200000e-06	3.479837e-06	1.857734e-08	2.490199e+01	1.215305e+03
2.210000e-06	3.364818e-06	1.833285e-08	2.407890e+01	1.199124e+03
2.220000e-06	3.248331e-06	1.807928e-08	2.324531e+01	1.182172e+03
2.230000e-06	3.130458e-06	1.781102e-08	2.240180e+01	1.164419e+03
2.240000e-06	3.011380e-06	1.753434e-08	2.154967e+01	1.145835e+03
2.250000e-06	2.891143e-06	1.724003e-08	2.068925e+01	1.126383e+03
2.260000e-06	2.769881e-06	1.693053e-08	1.982148e+01	1.106012e+03
2.270000e-06	2.647668e-06	1.660223e-08	1.894692e+01	1.084651e+03
2.280000e-06	2.524486e-06	1.626100e-08	1.806542e+01	1.062213e+03
2.290000e-06	2.400354e-06	1.590378e-08	1.717712e+01	1.038594e+03
2.300000e-06	2.275319e-06	1.552776e-08	1.628236e+01	1.013682e+03
2.310000e-06	2.149492e-06	1.512975e-08	1.538193e+01	9.873602e+02
2.320000e-06	2.022949e-06	1.470756e-08	1.447638e+01	9.595161e+02
2.330000e-06	1.895679e-06	1.426062e-08	1.356563e+01	9.300391e+02
2.340000e-06	1.767614e-06	1.378603e-08	1.264918e+01	8.988208e+02
2.350000e-06	1.638931e-06	1.328435e-08	1.172832e+01	8.657511e+02
2.360000e-06	1.509812e-06	1.275197e-08	1.080433e+01	8.307161e+02
2.370000e-06	1.380317e-06	1.218699e-08	9.877657e+00	7.935992e+02
2.380000e-06	1.250445e-06	1.158607e-08	8.948285e+00	7.542895e+02
2.390000e-06	1.120160e-06	1.094806e-08	8.015953e+00	7.126976e+02
2.400000e-06	9.895178e-07	1.027479e-08	7.081066e+00	6.687786e+02
2.410000e-06	8.585360e-07	9.571337e-09	6.143750e+00	6.225571e+02
2.420000e-06	7.272376e-07	8.838122e-09	5.204169e+00	5.741495e+02
2.430000e-06	5.956835e-07	8.073154e-09	4.262758e+00	5.237775e+02
2.440000e-06	4.638984e-07	7.279201e-09	3.319693e+00	4.717646e+02
2.450000e-06	3.319968e-07	6.463076e-09	2.375795e+00	4.185154e+02
2.460000e-06	1.999731e-07	5.633191e-09	1.431023e+00	3.644759e+02
2.470000e-06	6.779417e-08	4.798378e-09	4.851403e-01	3.100799e+02
2.480000e-06	-6.442705e-08	3.965885e-09	-4.610450e-01	2.556908e+02
2.490000e-06	-1.966420e-07	3.140447e-09	-1.407185e+00	2.015480e+02
2.500000e-06	-3.287708e-07	2.319793e-09	-2.352710e+00	1.477307e+02
2.510000e-06	-4.607845e-07	1.499177e-09	-3.297410e+00	9.414563e+01
2.520000e-06	-5.927091e-07	6.770548e-10	-4.241473e+00	4.054600e+01
2.530000e-06	-7.244157e-07	-1.491247e-10	-5.183975e+00	-1.342236e+01
2.540000e-06	-8.558546e-07	-9.869681e-10	-6.124562e+00	-6.815197e+01
2.550000e-06	-9.870592e-07	-1.841184e-09	-7.063472e+00	-1.239942e+02
2.560000e-06	-1.117877e-06	-2.712790e-09	-7.999612e+00	-1.811829e+02
2.570000e-06	-1.248254e-06	-3.604433e-09	-8.932603e+00	-2.397740e+02
2.580000e-06	-1.378197e-06	-4.517471e-09	-9.862485e+00	-2.996131e+02
2.590000e-06	-1.507666e-06	-5.447953e-09	-1.078897e+01	-3.603349e+02
2.600000e-06	-1.636722e-06	-6.384997e-09	-1.171251e+01	-4.213956e+02
2.610000e-06	-1.765334e-06	-7.316756e-09	-1.263287e+01	-4.821319e+02
2.620000e-06	-1.893279e-06	-8.231151e-09	-1.354845e+01	-5.418340e+02
2.630000e-06	-2.020446e-06	-9.119337e-09	-1.445847e+01	-5.998233e+02
2.640000e-06	-2.146814e-06	-9.973939e-09	-1.536277e+01	-6.555187e+02
2.650000e-06	-2.272360e-06	-1.078610e-08	-1.626119e+01	-7.084839e+02
2.660000e-06	-2.397041e-06	-1.155186e-08	-1.715341e+01	-7.584504e+02
2.670000e-06	-2.520754e-06	-1.227182e-08	-1.803871e+01	-8.053144e+02
2.680000e-06	-2.643404e-06	-1.294466e-08	-1.891640e+01	-8.491137e+02
2.690000e-06	-2.765034e-06	-1.357169e-08	-1.978680e+01	-8.899902e+02
2.700000e-06	-2.885760e-06	-1.415776e-08	-2.065073e+01	-9.281483e+02
2.710000e-06	-3.005372e-06	-1.470834e-08	-2.150667e+01	-9.638160e+02
2.720000e-06	-3.123770e-06	-1.522351e-08	-2.235394e+01	-9.972156e+02
2.730000e-06	-3.241002e-06	-1.570358e-08	-2.319286e+01	-1.028546e+03
2.740000e-06	-3.356945e-06	-1.615233e-08	-2.402256e+01	-1.057975e+03
2.750000e-06	-3.471531e-06	-1.657294e-08	-2.484254e+01	-1.085646e+03
2.760000e-06	-3.584696e-06	-1.697227e-08	-2.565236e+01	-1.111681e+03
2.770000e-06	-3.696437e-06	-1.734862e-08	-2.645199e+01	-1.136193e+03
2.780000e-06	-3.806722e-06	-1.770173e-08	-2.724120e+01	-1.159292e+03
2.790000e-06	-3.915678e-06	-1.803709e-08	-2.802089e+01	-1.181082e+03
2.800000e-06	-4.023449e-06	-1.835436e-08	-2.879211e+01	-1.201668e+03
2.810000e-06	-4.129930e-06	-1.865355e-08	-2.955410e+01	-1.221146e+03
2.820000e-06	-4.235041e-06	-1.893664e-08	-3.030628e+01	-1.239601e+03
2.830000e-06	-4.338656e-06	-1.920410e-08	-3.104776e+01	-1.257105e+03
2.840000e-06	-4.440560e-06	-1.945770e-08	-3.177699e+01	-1.273715e+03
2.850000e-06	-4.540743e-06	-1.969980e-08	-3.249391e+01	-1.289478e+03
2.860000e-06	-4.639401e-06	-1.993141e-08	-3.319991e+01	-1.304432e+03
2.870000e-06	-4.736542e-06	-2.015212e-08	-3.389506e+01	-1.318618e+03
2.880000e-06	-4.831994e-06	-2.036100e-08	-3.457813e+01	-1.332073e+03
2.890000e-06	-4.925635e-06	-2.055789e-08	-3.524823e+01	-1.344842e+03
2.900000e-06	-5.017489e-06	-2.074391e-08	-3.590554e+01	-1.356968e+03
2.910000e-06	-5.107616e-06	-2.092060e-08	-3.655050e+01	-1.368498e+03
2.920000e-06	-5.195918e-06	-2.108836e-08	-3.718239e+01	-1.379468e+03
2.930000e-06	-5.282217e-06	-2.124850e-08	-3.779996e+01	-1.389909e+03
2.940000e-06	-5.366495e-06	-2.140056e-08	-3.840305e+01	-1.399841e+03
2.950000e-06	-5.448916e-06	-2.154474e-08	-3.899287e+01	-1.409274e+03
2.960000e-06	-5.529458e-06	-2.168176e-08	-3.956923e+01	-1.418210e+03
2.970000e-06	-5.607908e-06	-2.181011e-08	-4.013062e+01	-1.426654e+03
2.980000e-06	-5.684099e-06	-2.193043e-08	-4.067585e+01	-1.434608e+03
2.990000e-06	-5.758079e-06	-2.204379e-08	-4.120526e+01	-1.442087e+03
3.000000e-06	-5.830007e-06	-2.215056e-08	-4.171998e+01	-1.449113e+03
3.010000e-06	-5.899800e-06	-2.225115e-08	-4.221942e+01	-1.455718e+03
3.020000e-06	-5.967452e-06	-2.234637e-08	-4.270355e+01	-1.461941e+03
3.030000e-06	-6.033035e-06	-2.243800e-08	-4.317287e+01	-1.467823e+03
3.040000e-06	-6.096573e-06	-2.252541e-08	-4.362755e+01	-1.473401e+03
3.050000e-06	-6.157885e-06	-2.260838e-08	-4.406630e+01	-1.478708e+03
3.060000e-06	-6.216876e-06	-2.268772e-08	-4.448845e+01	-1.483764e+03
3.070000e-06	-6.273767e-06	-2.276338e-08	-4.489557e+01	-1.488582e+03
3.080000e-06	-6.328478e-06	-2.283473e-08	-4.528708e+01	-1.493163e+03
3.090000e-06	-6.380670e-06	-2.290076e-08	-4.566057e+01	-1.497504e+03
3.100000e-06	-6.430199e-06	-2.296322e-08	-4.601501e+01	-1.501599e+03
3.110000e-06	-6.477155e-06	-2.302128e-08	-4.635102e+01	-1.505442e+03
3.120000e-06	-6.521876e-06	-2.307605e-08	-4.667105e+01	-1.509027e+03
3.130000e-06	-6.564552e-06	-2.312856e-08	-4.697645e+01	-1.512354e+03
3.140000e-06	-6.605069e-06	-2.317661e-08	-4.726638e+01	-1.515424e+03
3.150000e-06	-6.643246e-06	-2.322258e-08	-4.753958e+01	-1.518244e+03
3.160000e-06	-6.679018e-06	-2.326584e-08	-4.779557e+01	-1.520818e+03
3.170000e-06	-6.712458e-06	-2.330373e-08	-4.803487e+01	-1.523152e+03
3.180000e-06	-6.743487e-06	-2.333630e-08	-4.825692e+01	-1.525253e+03
3.190000e-06	-6.772025e-06	-2.336338e-08	-4.846114e+01	-1.527127e+03
3.200000e-06	-6.798153e-06	-2.338655e-08	-4.864811e+01	-1.528779e+03
3.210000e-06	-6.821863e-06	-2.340861e-08	-4.881778e+01	-1.530216e+03
3.220000e-06	-6.843016e-06	-2.342833e-08	-4.896916e+01	-1.531446e+03
3.230000e-06	-6.861753e-06	-2.344349e-08	-4.910324e+01	-1.532477e+03
3.240000e-06	-6.878117e-06	-2.345618e-08	-4.922034e+01	-1.533321e+03
3.250000e-06	-6.891774e-06	-2.346835e-08	-4.931807e+01	-1.533987e+03
3.260000e-06	-6.902679e-06	-2.347729e-08	-4.939611e+01	-1.534486e+03
3.270000e-06	-6.911126e-06	-2.348195e-08	-4.945656e+01	-1.534829e+03
3.280000e-06	-6.917103e-06	-2.348396e-08	-4.949933e+01	-1.535022e+03
3.290000e-06	-6.920589e-06	-2.348408e-08	-4.952427e+01	-1.535071e+03
3.300000e-06	-6.921744e-06	-2.348207e-08	-4.953254e+01	-1.534976e+03
