# Temperatura_=_43.98
# Concentracion g/m^3_=_56400.0
# C_Vs_to_Am_M_A/Vsm_=_65563218390.804596
# pendiente_HvsI_1/m_=_3716.3
# ordenada_HvsI_A/m_=_1297.0
# frecuencia_Hz_=_302442.20929911215

Tiempo_(s)	Campo_(V.s)	Magnetizacion_(V.s)	Campo_(kA/m)	Magnetizacion_(A/m)
0.000000e+00	-7.935155e-06	-6.018118e-08	-5.688169e+01	-3.939094e+03
1.000000e-08	-7.932329e-06	-6.017367e-08	-5.686143e+01	-3.938678e+03
2.000000e-08	-7.926947e-06	-6.015570e-08	-5.682285e+01	-3.938069e+03
3.000000e-08	-7.919014e-06	-6.012996e-08	-5.676599e+01	-3.937140e+03
4.000000e-08	-7.908340e-06	-6.010180e-08	-5.668947e+01	-3.935770e+03
5.000000e-08	-7.894761e-06	-6.006671e-08	-5.659214e+01	-3.933885e+03
6.000000e-08	-7.878284e-06	-6.002367e-08	-5.647403e+01	-3.931476e+03
7.000000e-08	-7.859344e-06	-5.997784e-08	-5.633826e+01	-3.928604e+03
8.000000e-08	-7.838207e-06	-5.992945e-08	-5.618674e+01	-3.925390e+03
9.000000e-08	-7.814370e-06	-5.994891e-08	-5.601586e+01	-3.921976e+03
1.000000e-07	-7.787365e-06	-5.992494e-08	-5.582229e+01	-3.918495e+03
1.100000e-07	-7.757329e-06	-5.980355e-08	-5.560698e+01	-3.915038e+03
1.200000e-07	-7.724380e-06	-5.971877e-08	-5.537079e+01	-3.911629e+03
1.300000e-07	-7.688683e-06	-5.965998e-08	-5.511490e+01	-3.908231e+03
1.400000e-07	-7.650632e-06	-5.955830e-08	-5.484214e+01	-3.904754e+03
1.500000e-07	-7.610360e-06	-5.942381e-08	-5.455346e+01	-3.901082e+03
1.600000e-07	-7.567721e-06	-5.942924e-08	-5.424781e+01	-3.897103e+03
1.700000e-07	-7.522476e-06	-5.939380e-08	-5.392348e+01	-3.892727e+03
1.800000e-07	-7.474532e-06	-5.918006e-08	-5.357980e+01	-3.887900e+03
1.900000e-07	-7.423693e-06	-5.915459e-08	-5.321538e+01	-3.882600e+03
2.000000e-07	-7.369920e-06	-5.906112e-08	-5.282991e+01	-3.876821e+03
2.100000e-07	-7.313431e-06	-5.890479e-08	-5.242498e+01	-3.870561e+03
2.200000e-07	-7.254282e-06	-5.883230e-08	-5.200098e+01	-3.863803e+03
2.300000e-07	-7.192523e-06	-5.867890e-08	-5.155827e+01	-3.856509e+03
2.400000e-07	-7.128088e-06	-5.856682e-08	-5.109638e+01	-3.848631e+03
2.500000e-07	-7.060934e-06	-5.840025e-08	-5.061500e+01	-3.840118e+03
2.600000e-07	-6.991140e-06	-5.827089e-08	-5.011469e+01	-3.830938e+03
2.700000e-07	-6.918581e-06	-5.812004e-08	-4.959457e+01	-3.821096e+03
2.800000e-07	-6.843277e-06	-5.796128e-08	-4.905477e+01	-3.810632e+03
2.900000e-07	-6.765219e-06	-5.781542e-08	-4.849522e+01	-3.799622e+03
3.000000e-07	-6.684393e-06	-5.762407e-08	-4.791583e+01	-3.788148e+03
3.100000e-07	-6.601204e-06	-5.745922e-08	-4.731951e+01	-3.776278e+03
3.200000e-07	-6.515867e-06	-5.725510e-08	-4.670779e+01	-3.764036e+03
3.300000e-07	-6.428237e-06	-5.705733e-08	-4.607963e+01	-3.751388e+03
3.400000e-07	-6.338210e-06	-5.684059e-08	-4.543428e+01	-3.738243e+03
3.500000e-07	-6.245887e-06	-5.661040e-08	-4.477248e+01	-3.724464e+03
3.600000e-07	-6.151382e-06	-5.639516e-08	-4.409505e+01	-3.709905e+03
3.700000e-07	-6.054591e-06	-5.615627e-08	-4.340122e+01	-3.694444e+03
3.800000e-07	-5.955545e-06	-5.590252e-08	-4.269122e+01	-3.678007e+03
3.900000e-07	-5.854438e-06	-5.563268e-08	-4.196646e+01	-3.660590e+03
4.000000e-07	-5.751265e-06	-5.536217e-08	-4.122688e+01	-3.642248e+03
4.100000e-07	-5.646034e-06	-5.506736e-08	-4.047255e+01	-3.623071e+03
4.200000e-07	-5.538819e-06	-5.476466e-08	-3.970400e+01	-3.603145e+03
4.300000e-07	-5.429692e-06	-5.445557e-08	-3.892174e+01	-3.582517e+03
4.400000e-07	-5.318614e-06	-5.412284e-08	-3.812550e+01	-3.561159e+03
4.500000e-07	-5.205462e-06	-5.376652e-08	-3.731440e+01	-3.538965e+03
4.600000e-07	-5.090219e-06	-5.339669e-08	-3.648829e+01	-3.515761e+03
4.700000e-07	-4.973068e-06	-5.301376e-08	-3.564852e+01	-3.491338e+03
4.800000e-07	-4.854158e-06	-5.261128e-08	-3.479613e+01	-3.465499e+03
4.900000e-07	-4.733448e-06	-5.219523e-08	-3.393084e+01	-3.438101e+03
5.000000e-07	-4.611014e-06	-5.175887e-08	-3.305320e+01	-3.409078e+03
5.100000e-07	-4.486931e-06	-5.129671e-08	-3.216373e+01	-3.378443e+03
5.200000e-07	-4.361215e-06	-5.080551e-08	-3.126256e+01	-3.346262e+03
5.300000e-07	-4.233880e-06	-5.029208e-08	-3.034979e+01	-3.312611e+03
5.400000e-07	-4.104980e-06	-4.975338e-08	-2.942579e+01	-3.277517e+03
5.500000e-07	-3.974546e-06	-4.918959e-08	-2.849080e+01	-3.240918e+03
5.600000e-07	-3.842584e-06	-4.859344e-08	-2.754485e+01	-3.202639e+03
5.700000e-07	-3.709207e-06	-4.796640e-08	-2.658877e+01	-3.162398e+03
5.800000e-07	-3.574407e-06	-4.730362e-08	-2.562248e+01	-3.119845e+03
5.900000e-07	-3.438223e-06	-4.660406e-08	-2.464627e+01	-3.074621e+03
6.000000e-07	-3.300711e-06	-4.586599e-08	-2.366054e+01	-3.026416e+03
6.100000e-07	-3.161824e-06	-4.508504e-08	-2.266495e+01	-2.975018e+03
6.200000e-07	-3.021528e-06	-4.425729e-08	-2.165926e+01	-2.920321e+03
6.300000e-07	-2.879956e-06	-4.337561e-08	-2.064443e+01	-2.862304e+03
6.400000e-07	-2.737256e-06	-4.244257e-08	-1.962151e+01	-2.800962e+03
6.500000e-07	-2.593539e-06	-4.145287e-08	-1.859131e+01	-2.736221e+03
6.600000e-07	-2.448978e-06	-4.040297e-08	-1.755504e+01	-2.667846e+03
6.700000e-07	-2.303482e-06	-3.928151e-08	-1.651208e+01	-2.595375e+03
6.800000e-07	-2.157144e-06	-3.808089e-08	-1.546309e+01	-2.518095e+03
6.900000e-07	-2.010189e-06	-3.679076e-08	-1.440967e+01	-2.435078e+03
7.000000e-07	-1.862616e-06	-3.540164e-08	-1.335182e+01	-2.345267e+03
7.100000e-07	-1.714417e-06	-3.390645e-08	-1.228948e+01	-2.247611e+03
7.200000e-07	-1.565699e-06	-3.229383e-08	-1.122343e+01	-2.141215e+03
7.300000e-07	-1.416579e-06	-3.055383e-08	-1.015449e+01	-2.025485e+03
7.400000e-07	-1.267077e-06	-2.867099e-08	-9.082806e+00	-1.900240e+03
7.500000e-07	-1.117098e-06	-2.663544e-08	-8.007711e+00	-1.765762e+03
7.600000e-07	-9.666327e-07	-2.444331e-08	-6.929128e+00	-1.622787e+03
7.700000e-07	-8.158254e-07	-2.210528e-08	-5.848093e+00	-1.472440e+03
7.800000e-07	-6.647402e-07	-1.967810e-08	-4.765068e+00	-1.316117e+03
7.900000e-07	-5.134208e-07	-1.722633e-08	-3.680362e+00	-1.155345e+03
8.000000e-07	-3.619265e-07	-1.476736e-08	-2.594403e+00	-9.916428e+02
8.100000e-07	-2.102608e-07	-1.230330e-08	-1.507216e+00	-8.263886e+02
8.200000e-07	-5.844312e-08	-9.839171e-09	-4.189387e-01	-6.607264e+02
8.300000e-07	9.344895e-08	-7.375003e-09	6.698715e-01	-4.955009e+02
8.400000e-07	2.452892e-07	-4.910718e-09	1.758310e+00	-3.312303e+02
8.500000e-07	3.970400e-07	-2.449191e-09	2.846108e+00	-1.681097e+02
8.600000e-07	5.486730e-07	1.047270e-11	3.933061e+00	-6.042290e+00
8.700000e-07	7.000955e-07	2.472306e-09	5.018505e+00	1.553060e+02
8.800000e-07	8.513201e-07	4.935517e-09	6.102531e+00	3.164299e+02
8.900000e-07	1.002325e-06	7.394900e-09	7.184984e+00	4.778882e+02
9.000000e-07	1.152990e-06	9.851694e-09	8.264996e+00	6.401904e+02
9.100000e-07	1.303225e-06	1.230800e-08	9.341929e+00	8.036741e+02
9.200000e-07	1.453010e-06	1.476358e-08	1.041563e+01	9.683866e+02
9.300000e-07	1.602270e-06	1.721876e-08	1.148558e+01	1.133988e+03
9.400000e-07	1.750934e-06	1.967466e-08	1.255124e+01	1.299695e+03
9.500000e-07	1.898982e-06	2.213114e-08	1.361250e+01	1.464282e+03
9.600000e-07	2.046308e-06	2.458511e-08	1.466858e+01	1.626151e+03
9.700000e-07	2.192905e-06	2.702415e-08	1.571944e+01	1.783470e+03
9.800000e-07	2.338783e-06	2.937969e-08	1.676514e+01	1.934356e+03
9.900000e-07	2.483752e-06	3.156313e-08	1.780432e+01	2.077086e+03
1.000000e-06	2.627679e-06	3.355570e-08	1.883603e+01	2.210301e+03
1.010000e-06	2.770603e-06	3.537542e-08	1.986056e+01	2.333158e+03
1.020000e-06	2.912475e-06	3.704111e-08	2.087754e+01	2.445412e+03
1.030000e-06	3.053176e-06	3.856937e-08	2.188613e+01	2.547404e+03
1.040000e-06	3.192609e-06	3.997547e-08	2.288563e+01	2.639972e+03
1.050000e-06	3.330797e-06	4.127417e-08	2.387620e+01	2.724282e+03
1.060000e-06	3.467748e-06	4.247597e-08	2.485791e+01	2.801634e+03
1.070000e-06	3.603348e-06	4.358793e-08	2.582993e+01	2.873267e+03
1.080000e-06	3.737611e-06	4.461985e-08	2.679238e+01	2.940205e+03
1.090000e-06	3.870529e-06	4.558415e-08	2.774517e+01	3.003172e+03
1.100000e-06	4.002069e-06	4.648467e-08	2.868809e+01	3.062576e+03
1.110000e-06	4.132170e-06	4.732487e-08	2.962070e+01	3.118566e+03
1.120000e-06	4.260746e-06	4.811040e-08	3.054237e+01	3.171136e+03
1.130000e-06	4.387889e-06	4.884490e-08	3.145377e+01	3.220236e+03
1.140000e-06	4.513599e-06	4.953295e-08	3.235490e+01	3.265881e+03
1.150000e-06	4.637722e-06	5.017912e-08	3.324465e+01	3.308210e+03
1.160000e-06	4.760202e-06	5.078703e-08	3.412263e+01	3.347501e+03
1.170000e-06	4.880946e-06	5.135906e-08	3.498816e+01	3.384136e+03
1.180000e-06	4.999928e-06	5.189579e-08	3.584106e+01	3.418535e+03
1.190000e-06	5.117149e-06	5.240073e-08	3.668134e+01	3.451083e+03
1.200000e-06	5.232489e-06	5.287594e-08	3.750813e+01	3.482062e+03
1.210000e-06	5.345799e-06	5.332510e-08	3.832037e+01	3.511625e+03
1.220000e-06	5.457049e-06	5.374862e-08	3.911785e+01	3.539798e+03
1.230000e-06	5.566325e-06	5.414869e-08	3.990117e+01	3.566517e+03
1.240000e-06	5.673648e-06	5.452591e-08	4.067050e+01	3.591692e+03
1.250000e-06	5.778882e-06	5.488225e-08	4.142485e+01	3.615265e+03
1.260000e-06	5.881976e-06	5.522156e-08	4.216386e+01	3.637254e+03
1.270000e-06	5.982977e-06	5.554419e-08	4.288787e+01	3.657771e+03
1.280000e-06	6.081761e-06	5.585030e-08	4.359598e+01	3.677004e+03
1.290000e-06	6.178217e-06	5.613797e-08	4.428741e+01	3.695183e+03
1.300000e-06	6.272396e-06	5.640912e-08	4.496251e+01	3.712523e+03
1.310000e-06	6.364370e-06	5.666515e-08	4.562181e+01	3.729179e+03
1.320000e-06	6.454037e-06	5.690874e-08	4.626457e+01	3.745220e+03
1.330000e-06	6.541373e-06	5.714138e-08	4.689062e+01	3.760628e+03
1.340000e-06	6.626460e-06	5.736251e-08	4.750055e+01	3.775319e+03
1.350000e-06	6.709216e-06	5.757141e-08	4.809377e+01	3.789184e+03
1.360000e-06	6.789489e-06	5.776786e-08	4.866920e+01	3.802140e+03
1.370000e-06	6.867272e-06	5.795277e-08	4.922677e+01	3.814163e+03
1.380000e-06	6.942490e-06	5.812757e-08	4.976595e+01	3.825301e+03
1.390000e-06	7.015074e-06	5.829517e-08	5.028626e+01	3.835673e+03
1.400000e-06	7.085168e-06	5.845480e-08	5.078872e+01	3.845430e+03
1.410000e-06	7.152812e-06	5.860612e-08	5.127361e+01	3.854723e+03
1.420000e-06	7.217836e-06	5.874962e-08	5.173973e+01	3.863655e+03
1.430000e-06	7.280267e-06	5.888474e-08	5.218725e+01	3.872263e+03
1.440000e-06	7.340230e-06	5.901124e-08	5.261708e+01	3.880510e+03
1.450000e-06	7.397620e-06	5.912979e-08	5.302848e+01	3.888305e+03
1.460000e-06	7.452350e-06	5.923981e-08	5.342079e+01	3.895536e+03
1.470000e-06	7.504230e-06	5.934085e-08	5.379269e+01	3.902114e+03
1.480000e-06	7.553016e-06	5.943426e-08	5.414240e+01	3.908000e+03
1.490000e-06	7.598942e-06	5.951971e-08	5.447161e+01	3.913231e+03
1.500000e-06	7.642263e-06	5.959848e-08	5.478215e+01	3.917904e+03
1.510000e-06	7.682854e-06	5.967180e-08	5.507312e+01	3.922156e+03
1.520000e-06	7.720728e-06	5.974102e-08	5.534461e+01	3.926125e+03
1.530000e-06	7.755963e-06	5.980535e-08	5.559719e+01	3.929909e+03
1.540000e-06	7.788430e-06	5.986415e-08	5.582992e+01	3.933544e+03
1.550000e-06	7.818126e-06	5.991887e-08	5.604279e+01	3.936988e+03
1.560000e-06	7.845064e-06	5.996806e-08	5.623589e+01	3.940144e+03
1.570000e-06	7.869091e-06	6.001007e-08	5.640813e+01	3.942885e+03
1.580000e-06	7.890305e-06	6.004381e-08	5.656019e+01	3.945099e+03
1.590000e-06	7.908835e-06	6.007061e-08	5.669303e+01	3.946719e+03
1.600000e-06	7.924463e-06	6.009263e-08	5.680505e+01	3.947753e+03
1.610000e-06	7.936997e-06	6.011016e-08	5.689489e+01	3.948275e+03
1.620000e-06	7.946418e-06	6.012365e-08	5.696243e+01	3.948411e+03
1.630000e-06	7.952884e-06	6.013427e-08	5.700878e+01	3.948305e+03
1.640000e-06	7.956595e-06	6.014185e-08	5.703538e+01	3.948071e+03
1.650000e-06	7.957449e-06	6.014483e-08	5.704150e+01	3.947772e+03
1.660000e-06	7.955522e-06	6.013398e-08	5.702769e+01	3.947395e+03
1.670000e-06	7.950985e-06	6.011709e-08	5.699516e+01	3.946860e+03
1.680000e-06	7.943756e-06	6.010284e-08	5.694335e+01	3.946047e+03
1.690000e-06	7.933921e-06	6.008442e-08	5.687285e+01	3.944829e+03
1.700000e-06	7.921390e-06	6.006081e-08	5.678302e+01	3.943114e+03
1.710000e-06	7.906046e-06	6.003938e-08	5.667303e+01	3.940868e+03
1.720000e-06	7.888210e-06	6.002057e-08	5.654518e+01	3.938134e+03
1.730000e-06	7.868108e-06	5.997579e-08	5.640108e+01	3.935014e+03
1.740000e-06	7.845305e-06	5.983834e-08	5.623762e+01	3.931647e+03
1.750000e-06	7.819098e-06	5.980794e-08	5.604976e+01	3.928175e+03
1.760000e-06	7.789207e-06	5.982355e-08	5.583549e+01	3.924704e+03
1.770000e-06	7.756176e-06	5.975629e-08	5.559871e+01	3.921280e+03
1.780000e-06	7.720813e-06	5.970555e-08	5.534522e+01	3.917886e+03
1.790000e-06	7.683215e-06	5.974653e-08	5.507571e+01	3.914445e+03
1.800000e-06	7.643554e-06	5.964809e-08	5.479140e+01	3.910848e+03
1.810000e-06	7.601816e-06	5.950033e-08	5.449221e+01	3.906978e+03
1.820000e-06	7.557452e-06	5.958613e-08	5.417420e+01	3.902737e+03
1.830000e-06	7.510451e-06	5.946894e-08	5.383728e+01	3.898058e+03
1.840000e-06	7.460723e-06	5.946325e-08	5.348081e+01	3.892910e+03
1.850000e-06	7.407973e-06	5.943110e-08	5.310268e+01	3.887284e+03
1.860000e-06	7.352329e-06	5.927496e-08	5.270381e+01	3.881179e+03
1.870000e-06	7.294011e-06	5.926371e-08	5.228577e+01	3.874583e+03
1.880000e-06	7.233190e-06	5.905789e-08	5.184978e+01	3.867467e+03
1.890000e-06	7.169616e-06	5.899882e-08	5.139407e+01	3.859781e+03
1.900000e-06	7.103165e-06	5.888222e-08	5.091773e+01	3.851476e+03
1.910000e-06	7.034048e-06	5.870119e-08	5.042228e+01	3.842512e+03
1.920000e-06	6.962189e-06	5.861951e-08	4.990716e+01	3.832879e+03
1.930000e-06	6.887619e-06	5.840480e-08	4.937262e+01	3.822607e+03
1.940000e-06	6.810296e-06	5.829863e-08	4.881835e+01	3.811763e+03
1.950000e-06	6.730277e-06	5.810318e-08	4.824475e+01	3.800428e+03
1.960000e-06	6.647805e-06	5.793582e-08	4.765356e+01	3.788680e+03
1.970000e-06	6.562865e-06	5.777532e-08	4.704469e+01	3.776557e+03
1.980000e-06	6.475451e-06	5.756462e-08	4.641807e+01	3.764047e+03
1.990000e-06	6.385699e-06	5.740607e-08	4.577470e+01	3.751074e+03
2.000000e-06	6.293796e-06	5.715586e-08	4.511591e+01	3.737514e+03
2.010000e-06	6.199655e-06	5.695323e-08	4.444108e+01	3.723221e+03
2.020000e-06	6.103211e-06	5.670359e-08	4.374974e+01	3.708059e+03
2.030000e-06	6.004645e-06	5.647255e-08	4.304319e+01	3.691939e+03
2.040000e-06	5.904002e-06	5.622201e-08	4.232175e+01	3.674833e+03
2.050000e-06	5.801206e-06	5.596245e-08	4.158487e+01	3.656779e+03
2.060000e-06	5.696337e-06	5.569177e-08	4.083314e+01	3.637859e+03
2.070000e-06	5.589555e-06	5.537691e-08	4.006769e+01	3.618166e+03
2.080000e-06	5.480888e-06	5.507595e-08	3.928873e+01	3.597762e+03
2.090000e-06	5.370265e-06	5.474709e-08	3.849575e+01	3.576646e+03
2.100000e-06	5.257596e-06	5.442544e-08	3.768810e+01	3.554736e+03
2.110000e-06	5.142928e-06	5.406839e-08	3.686613e+01	3.531878e+03
2.120000e-06	5.026343e-06	5.370999e-08	3.603041e+01	3.507868e+03
2.130000e-06	4.907809e-06	5.331560e-08	3.518072e+01	3.482503e+03
2.140000e-06	4.787359e-06	5.290734e-08	3.431730e+01	3.455617e+03
2.150000e-06	4.665184e-06	5.248075e-08	3.344151e+01	3.427118e+03
2.160000e-06	4.541334e-06	5.203495e-08	3.255371e+01	3.396995e+03
2.170000e-06	4.415824e-06	5.156670e-08	3.165402e+01	3.365301e+03
2.180000e-06	4.288666e-06	5.106870e-08	3.074251e+01	3.332115e+03
2.190000e-06	4.159922e-06	5.054801e-08	2.981963e+01	3.297486e+03
2.200000e-06	4.029735e-06	4.999417e-08	2.888641e+01	3.261384e+03
2.210000e-06	3.898040e-06	4.941708e-08	2.794238e+01	3.223670e+03
2.220000e-06	3.764857e-06	4.880626e-08	2.698769e+01	3.184095e+03
2.230000e-06	3.630298e-06	4.817051e-08	2.602312e+01	3.142324e+03
2.240000e-06	3.494310e-06	4.749230e-08	2.504832e+01	3.097996e+03
2.250000e-06	3.356963e-06	4.677661e-08	2.406377e+01	3.050777e+03
2.260000e-06	3.218330e-06	4.601681e-08	2.307000e+01	3.000420e+03
2.270000e-06	3.078418e-06	4.521355e-08	2.206707e+01	2.946789e+03
2.280000e-06	2.937323e-06	4.435980e-08	2.105566e+01	2.889838e+03
2.290000e-06	2.795098e-06	4.345489e-08	2.003614e+01	2.829567e+03
2.300000e-06	2.651865e-06	4.249614e-08	1.900940e+01	2.765934e+03
2.310000e-06	2.507677e-06	4.147696e-08	1.797582e+01	2.698765e+03
2.320000e-06	2.362543e-06	4.038907e-08	1.693545e+01	2.627675e+03
2.330000e-06	2.216648e-06	3.922287e-08	1.588963e+01	2.552033e+03
2.340000e-06	2.070030e-06	3.797435e-08	1.483863e+01	2.470971e+03
2.350000e-06	1.922656e-06	3.663339e-08	1.378220e+01	2.383461e+03
2.360000e-06	1.774689e-06	3.518789e-08	1.272153e+01	2.288434e+03
2.370000e-06	1.626200e-06	3.362570e-08	1.165712e+01	2.184928e+03
2.380000e-06	1.477181e-06	3.193515e-08	1.058890e+01	2.072239e+03
2.390000e-06	1.327626e-06	3.010659e-08	9.516841e+00	1.950044e+03
2.400000e-06	1.177595e-06	2.813341e-08	8.441369e+00	1.818473e+03
2.410000e-06	1.027183e-06	2.600888e-08	7.363173e+00	1.678123e+03
2.420000e-06	8.764727e-07	2.372927e-08	6.282833e+00	1.530003e+03
2.430000e-06	7.255458e-07	2.130786e-08	5.200941e+00	1.375436e+03
2.440000e-06	5.744558e-07	1.880608e-08	4.117880e+00	1.215925e+03
2.450000e-06	4.231696e-07	1.628782e-08	3.033413e+00	1.053005e+03
2.460000e-06	2.717042e-07	1.376975e-08	1.947662e+00	8.881110e+02
2.470000e-06	1.201145e-07	1.125223e-08	8.610186e-01	7.224719e+02
2.480000e-06	-3.155532e-08	8.735851e-09	-2.261985e-01	5.570329e+02
2.490000e-06	-1.832108e-07	6.215623e-09	-1.313313e+00	3.924183e+02
2.500000e-06	-3.348392e-07	3.694900e-09	-2.400233e+00	2.289247e+02
2.510000e-06	-4.863706e-07	1.181271e-09	-3.486458e+00	6.654450e+01
2.520000e-06	-6.377495e-07	-1.325316e-09	-4.571590e+00	-9.498760e+01
2.530000e-06	-7.889223e-07	-3.833289e-09	-5.655244e+00	-2.561243e+02
2.540000e-06	-9.398642e-07	-6.346840e-09	-6.737243e+00	-4.174155e+02
2.550000e-06	-1.090558e-06	-8.863027e-09	-7.817465e+00	-5.793996e+02
2.560000e-06	-1.240860e-06	-1.138189e-08	-8.894879e+00	-7.424829e+02
2.570000e-06	-1.390708e-06	-1.390098e-08	-9.969035e+00	-9.068180e+02
2.580000e-06	-1.540070e-06	-1.641494e-08	-1.103971e+01	-1.072198e+03
2.590000e-06	-1.688823e-06	-1.892627e-08	-1.210601e+01	-1.237985e+03
2.600000e-06	-1.836934e-06	-2.144055e-08	-1.316772e+01	-1.403091e+03
2.610000e-06	-1.984425e-06	-2.395653e-08	-1.422498e+01	-1.566026e+03
2.620000e-06	-2.131203e-06	-2.646313e-08	-1.527713e+01	-1.725016e+03
2.630000e-06	-2.277193e-06	-2.889824e-08	-1.632363e+01	-1.878170e+03
2.640000e-06	-2.422299e-06	-3.117006e-08	-1.736381e+01	-2.023692e+03
2.650000e-06	-2.566422e-06	-3.324429e-08	-1.839692e+01	-2.160085e+03
2.660000e-06	-2.709529e-06	-3.513425e-08	-1.942276e+01	-2.286328e+03
2.670000e-06	-2.851582e-06	-3.686059e-08	-2.044104e+01	-2.401980e+03
2.680000e-06	-2.992452e-06	-3.844214e-08	-2.145084e+01	-2.507201e+03
2.690000e-06	-3.132065e-06	-3.989533e-08	-2.245163e+01	-2.602684e+03
2.700000e-06	-3.270505e-06	-4.123586e-08	-2.344401e+01	-2.689510e+03
2.710000e-06	-3.407744e-06	-4.247582e-08	-2.442779e+01	-2.768957e+03
2.720000e-06	-3.543693e-06	-4.362411e-08	-2.540231e+01	-2.842304e+03
2.730000e-06	-3.678340e-06	-4.468763e-08	-2.636750e+01	-2.910658e+03
2.740000e-06	-3.811651e-06	-4.567433e-08	-2.732311e+01	-2.974843e+03
2.750000e-06	-3.943635e-06	-4.659276e-08	-2.826922e+01	-3.035366e+03
2.760000e-06	-4.074274e-06	-4.745142e-08	-2.920568e+01	-3.092450e+03
2.770000e-06	-4.203545e-06	-4.825395e-08	-3.013234e+01	-3.146125e+03
2.780000e-06	-4.331371e-06	-4.900455e-08	-3.104863e+01	-3.196345e+03
2.790000e-06	-4.457618e-06	-4.970984e-08	-3.195361e+01	-3.243093e+03
2.800000e-06	-4.582296e-06	-5.037072e-08	-3.284734e+01	-3.286464e+03
2.810000e-06	-4.705448e-06	-5.099038e-08	-3.373013e+01	-3.326695e+03
2.820000e-06	-4.826985e-06	-5.157351e-08	-3.460135e+01	-3.364138e+03
2.830000e-06	-4.946693e-06	-5.212268e-08	-3.545945e+01	-3.399212e+03
2.840000e-06	-5.064398e-06	-5.263647e-08	-3.630320e+01	-3.432318e+03
2.850000e-06	-5.180086e-06	-5.311696e-08	-3.713249e+01	-3.463780e+03
2.860000e-06	-5.293672e-06	-5.356923e-08	-3.794671e+01	-3.493791e+03
2.870000e-06	-5.405131e-06	-5.399408e-08	-3.874568e+01	-3.522414e+03
2.880000e-06	-5.514606e-06	-5.439423e-08	-3.953044e+01	-3.549611e+03
2.890000e-06	-5.622177e-06	-5.477625e-08	-4.030154e+01	-3.575292e+03
2.900000e-06	-5.727848e-06	-5.514017e-08	-4.105902e+01	-3.599383e+03
2.910000e-06	-5.831427e-06	-5.548205e-08	-4.180151e+01	-3.621874e+03
2.920000e-06	-5.932782e-06	-5.580313e-08	-4.252806e+01	-3.642847e+03
2.930000e-06	-6.031998e-06	-5.610545e-08	-4.323926e+01	-3.662470e+03
2.940000e-06	-6.129137e-06	-5.639168e-08	-4.393558e+01	-3.680964e+03
2.950000e-06	-6.224047e-06	-5.666295e-08	-4.461593e+01	-3.698553e+03
2.960000e-06	-6.316606e-06	-5.691941e-08	-4.527943e+01	-3.715417e+03
2.970000e-06	-6.406932e-06	-5.716256e-08	-4.592691e+01	-3.731655e+03
2.980000e-06	-6.495038e-06	-5.739534e-08	-4.655848e+01	-3.747274e+03
2.990000e-06	-6.580771e-06	-5.761680e-08	-4.717304e+01	-3.762208e+03
3.000000e-06	-6.664105e-06	-5.782573e-08	-4.777041e+01	-3.776350e+03
3.010000e-06	-6.745063e-06	-5.802151e-08	-4.835074e+01	-3.789605e+03
3.020000e-06	-6.823446e-06	-5.820435e-08	-4.891261e+01	-3.801926e+03
3.030000e-06	-6.899199e-06	-5.837608e-08	-4.945563e+01	-3.813340e+03
3.040000e-06	-6.972453e-06	-5.853958e-08	-4.998074e+01	-3.823943e+03
3.050000e-06	-7.043191e-06	-5.869306e-08	-5.048781e+01	-3.833882e+03
3.060000e-06	-7.111358e-06	-5.883547e-08	-5.097645e+01	-3.843310e+03
3.070000e-06	-7.177079e-06	-5.897024e-08	-5.144756e+01	-3.852351e+03
3.080000e-06	-7.240332e-06	-5.909920e-08	-5.190098e+01	-3.861065e+03
3.090000e-06	-7.300997e-06	-5.921917e-08	-5.233585e+01	-3.869437e+03
3.100000e-06	-7.359062e-06	-5.933161e-08	-5.275208e+01	-3.877390e+03
3.110000e-06	-7.414452e-06	-5.943585e-08	-5.314913e+01	-3.884814e+03
3.120000e-06	-7.467009e-06	-5.953049e-08	-5.352588e+01	-3.891609e+03
3.130000e-06	-7.516439e-06	-5.961639e-08	-5.388020e+01	-3.897719e+03
3.140000e-06	-7.562937e-06	-5.969386e-08	-5.421352e+01	-3.903153e+03
3.150000e-06	-7.607028e-06	-5.976620e-08	-5.452957e+01	-3.907992e+03
3.160000e-06	-7.648685e-06	-5.983519e-08	-5.482818e+01	-3.912364e+03
3.170000e-06	-7.687616e-06	-5.990077e-08	-5.510725e+01	-3.916411e+03
3.180000e-06	-7.723774e-06	-5.996079e-08	-5.536645e+01	-3.920249e+03
3.190000e-06	-7.757231e-06	-6.001376e-08	-5.560627e+01	-3.923933e+03
3.200000e-06	-7.787806e-06	-6.006094e-08	-5.582545e+01	-3.927447e+03
3.210000e-06	-7.815495e-06	-6.009894e-08	-5.602393e+01	-3.930710e+03
3.220000e-06	-7.840453e-06	-6.013125e-08	-5.620284e+01	-3.933599e+03
3.230000e-06	-7.862570e-06	-6.015897e-08	-5.636138e+01	-3.935992e+03
3.240000e-06	-7.881817e-06	-6.017908e-08	-5.649935e+01	-3.937808e+03
3.250000e-06	-7.898171e-06	-6.019278e-08	-5.661658e+01	-3.939025e+03
3.260000e-06	-7.911473e-06	-6.019960e-08	-5.671194e+01	-3.939700e+03
3.270000e-06	-7.921802e-06	-6.020349e-08	-5.678597e+01	-3.939946e+03
3.280000e-06	-7.929270e-06	-6.020463e-08	-5.683951e+01	-3.939904e+03
3.290000e-06	-7.933859e-06	-6.020197e-08	-5.687240e+01	-3.939702e+03
3.300000e-06	-7.935673e-06	-6.019335e-08	-5.688540e+01	-3.939422e+03
