# Temperatura_=_82.8
# Concentracion g/m^3_=_41000.0
# C_Vs_to_Am_M_A/Vsm_=_65563218390.804596
# pendiente_HvsI_1/m_=_3716.3
# ordenada_HvsI_A/m_=_1297.0
# frecuencia_Hz_=_302016.4392787458

Tiempo_(s)	Campo_(V.s)	Magnetizacion_(V.s)	Campo_(kA/m)	Magnetizacion_(A/m)
0.000000e+00	-6.765127e-06	-2.414159e-08	-4.746189e+01	-1.583465e+03
1.000000e-08	-6.761806e-06	-2.413690e-08	-4.743860e+01	-1.583532e+03
2.000000e-08	-6.756272e-06	-2.412837e-08	-4.739977e+01	-1.583035e+03
3.000000e-08	-6.748712e-06	-2.412071e-08	-4.734673e+01	-1.581977e+03
4.000000e-08	-6.738927e-06	-2.411004e-08	-4.727808e+01	-1.580501e+03
5.000000e-08	-6.726669e-06	-2.409628e-08	-4.719208e+01	-1.578850e+03
6.000000e-08	-6.711897e-06	-2.407838e-08	-4.708845e+01	-1.577290e+03
7.000000e-08	-6.694761e-06	-2.406492e-08	-4.696823e+01	-1.576031e+03
8.000000e-08	-6.675435e-06	-2.410100e-08	-4.683264e+01	-1.575163e+03
9.000000e-08	-6.653719e-06	-2.412381e-08	-4.668029e+01	-1.574629e+03
1.000000e-07	-6.629297e-06	-2.406221e-08	-4.650895e+01	-1.574243e+03
1.100000e-07	-6.602175e-06	-2.400606e-08	-4.631868e+01	-1.573751e+03
1.200000e-07	-6.572771e-06	-2.398324e-08	-4.611239e+01	-1.572901e+03
1.300000e-07	-6.541472e-06	-2.389562e-08	-4.589281e+01	-1.571523e+03
1.400000e-07	-6.508322e-06	-2.384257e-08	-4.566024e+01	-1.569575e+03
1.500000e-07	-6.473169e-06	-2.393849e-08	-4.541361e+01	-1.567149e+03
1.600000e-07	-6.435980e-06	-2.386484e-08	-4.515271e+01	-1.564438e+03
1.700000e-07	-6.396744e-06	-2.381037e-08	-4.487744e+01	-1.561673e+03
1.800000e-07	-6.355157e-06	-2.384964e-08	-4.458568e+01	-1.559047e+03
1.900000e-07	-6.311081e-06	-2.374887e-08	-4.427646e+01	-1.556650e+03
2.000000e-07	-6.264724e-06	-2.374571e-08	-4.395123e+01	-1.554449e+03
2.100000e-07	-6.215966e-06	-2.371853e-08	-4.360916e+01	-1.552297e+03
2.200000e-07	-6.164559e-06	-2.363696e-08	-4.324851e+01	-1.549981e+03
2.300000e-07	-6.110670e-06	-2.359475e-08	-4.287044e+01	-1.547299e+03
2.400000e-07	-6.054439e-06	-2.352547e-08	-4.247594e+01	-1.544120e+03
2.500000e-07	-5.995859e-06	-2.348491e-08	-4.206496e+01	-1.540432e+03
2.600000e-07	-5.935022e-06	-2.344282e-08	-4.163815e+01	-1.536348e+03
2.700000e-07	-5.872144e-06	-2.338948e-08	-4.119702e+01	-1.532067e+03
2.800000e-07	-5.807159e-06	-2.332266e-08	-4.074110e+01	-1.527809e+03
2.900000e-07	-5.739826e-06	-2.325333e-08	-4.026872e+01	-1.523747e+03
3.000000e-07	-5.670289e-06	-2.320322e-08	-3.978087e+01	-1.519943e+03
3.100000e-07	-5.598707e-06	-2.312832e-08	-3.927868e+01	-1.516326e+03
3.200000e-07	-5.524967e-06	-2.308702e-08	-3.876134e+01	-1.512712e+03
3.300000e-07	-5.449017e-06	-2.301649e-08	-3.822850e+01	-1.508856e+03
3.400000e-07	-5.370839e-06	-2.292368e-08	-3.768003e+01	-1.504533e+03
3.500000e-07	-5.290473e-06	-2.285717e-08	-3.711621e+01	-1.499604e+03
3.600000e-07	-5.208170e-06	-2.277522e-08	-3.653880e+01	-1.494068e+03
3.700000e-07	-5.124210e-06	-2.270101e-08	-3.594976e+01	-1.488060e+03
3.800000e-07	-5.038586e-06	-2.261735e-08	-3.534905e+01	-1.481815e+03
3.900000e-07	-4.951286e-06	-2.252939e-08	-3.473659e+01	-1.475590e+03
4.000000e-07	-4.862268e-06	-2.243182e-08	-3.411206e+01	-1.469584e+03
4.100000e-07	-4.771450e-06	-2.234164e-08	-3.347491e+01	-1.463872e+03
4.200000e-07	-4.679012e-06	-2.225261e-08	-3.282640e+01	-1.458378e+03
4.300000e-07	-4.585094e-06	-2.215211e-08	-3.216750e+01	-1.452889e+03
4.400000e-07	-4.489615e-06	-2.205471e-08	-3.149765e+01	-1.447124e+03
4.500000e-07	-4.392319e-06	-2.194798e-08	-3.081506e+01	-1.440817e+03
4.600000e-07	-4.293296e-06	-2.183653e-08	-3.012035e+01	-1.433801e+03
4.700000e-07	-4.192811e-06	-2.172195e-08	-2.941538e+01	-1.426062e+03
4.800000e-07	-4.090862e-06	-2.161096e-08	-2.870013e+01	-1.417746e+03
4.900000e-07	-3.987538e-06	-2.149615e-08	-2.797525e+01	-1.409113e+03
5.000000e-07	-3.882784e-06	-2.137284e-08	-2.724033e+01	-1.400452e+03
5.100000e-07	-3.776410e-06	-2.124614e-08	-2.649404e+01	-1.391990e+03
5.200000e-07	-3.668604e-06	-2.111498e-08	-2.573771e+01	-1.383807e+03
5.300000e-07	-3.559584e-06	-2.097488e-08	-2.497286e+01	-1.375805e+03
5.400000e-07	-3.449358e-06	-2.082760e-08	-2.419956e+01	-1.367726e+03
5.500000e-07	-3.337951e-06	-2.068324e-08	-2.341796e+01	-1.359228e+03
5.600000e-07	-3.225207e-06	-2.053536e-08	-2.262699e+01	-1.349983e+03
5.700000e-07	-3.110953e-06	-2.037909e-08	-2.182542e+01	-1.339782e+03
5.800000e-07	-2.995283e-06	-2.021530e-08	-2.101391e+01	-1.328602e+03
5.900000e-07	-2.878411e-06	-2.004819e-08	-2.019398e+01	-1.316616e+03
6.000000e-07	-2.760465e-06	-1.987279e-08	-1.936651e+01	-1.304140e+03
6.100000e-07	-2.641596e-06	-1.968997e-08	-1.853256e+01	-1.291530e+03
6.200000e-07	-2.521896e-06	-1.950190e-08	-1.769279e+01	-1.279064e+03
6.300000e-07	-2.401180e-06	-1.930623e-08	-1.684588e+01	-1.266837e+03
6.400000e-07	-2.279346e-06	-1.910131e-08	-1.599113e+01	-1.254713e+03
6.500000e-07	-2.156622e-06	-1.888752e-08	-1.513015e+01	-1.242347e+03
6.600000e-07	-2.033232e-06	-1.866616e-08	-1.426448e+01	-1.229278e+03
6.700000e-07	-1.909164e-06	-1.843502e-08	-1.339406e+01	-1.215055e+03
6.800000e-07	-1.784457e-06	-1.819555e-08	-1.251916e+01	-1.199382e+03
6.900000e-07	-1.659157e-06	-1.794805e-08	-1.164009e+01	-1.182201e+03
7.000000e-07	-1.533289e-06	-1.769149e-08	-1.075705e+01	-1.163719e+03
7.100000e-07	-1.406940e-06	-1.741954e-08	-9.870629e+00	-1.144333e+03
7.200000e-07	-1.280204e-06	-1.713168e-08	-8.981486e+00	-1.124492e+03
7.300000e-07	-1.153132e-06	-1.682828e-08	-8.089996e+00	-1.104526e+03
7.400000e-07	-1.025731e-06	-1.650612e-08	-7.196187e+00	-1.084496e+03
7.500000e-07	-8.980020e-07	-1.616695e-08	-6.300085e+00	-1.064112e+03
7.600000e-07	-7.699423e-07	-1.580960e-08	-5.401661e+00	-1.042760e+03
7.700000e-07	-6.415666e-07	-1.543002e-08	-4.501019e+00	-1.019628e+03
7.800000e-07	-5.129377e-07	-1.502647e-08	-3.598601e+00	-9.939100e+02
7.900000e-07	-3.841191e-07	-1.459525e-08	-2.694852e+00	-9.650157e+02
8.000000e-07	-2.551024e-07	-1.413017e-08	-1.789714e+00	-9.327254e+02
8.100000e-07	-1.258947e-07	-1.362509e-08	-8.832358e-01	-8.972240e+02
8.200000e-07	3.394100e-09	-1.307640e-08	2.381189e-02	-8.589820e+02
8.300000e-07	1.326765e-07	-1.247906e-08	9.308143e-01	-8.184963e+02
8.400000e-07	2.619366e-07	-1.182322e-08	1.837661e+00	-7.759455e+02
8.500000e-07	3.911225e-07	-1.109991e-08	2.743986e+00	-7.308515e+02
8.600000e-07	5.202102e-07	-1.029564e-08	3.649623e+00	-6.818503e+02
8.700000e-07	6.491136e-07	-9.394586e-09	4.553966e+00	-6.266620e+02
8.800000e-07	7.777532e-07	-8.376272e-09	5.456459e+00	-5.623092e+02
8.900000e-07	9.061291e-07	-7.208174e-09	6.357102e+00	-4.855741e+02
9.000000e-07	1.034147e-06	-5.850125e-09	7.255233e+00	-3.936252e+02
9.100000e-07	1.161781e-06	-4.255832e-09	8.150673e+00	-2.846897e+02
9.200000e-07	1.289066e-06	-2.381355e-09	9.043659e+00	-1.586300e+02
9.300000e-07	1.415969e-06	-2.176921e-10	9.933969e+00	-1.728316e+01
9.400000e-07	1.542446e-06	2.154398e-09	1.082129e+01	1.355276e+02
9.500000e-07	1.668441e-06	4.602230e-09	1.170523e+01	2.943406e+02
9.600000e-07	1.793870e-06	7.046520e-09	1.258520e+01	4.527125e+02
9.700000e-07	1.918690e-06	9.401169e-09	1.346089e+01	6.040700e+02
9.800000e-07	2.042879e-06	1.151617e-08	1.433217e+01	7.425954e+02
9.900000e-07	2.166364e-06	1.329564e-08	1.519849e+01	8.639791e+02
1.000000e-06	2.289043e-06	1.474125e-08	1.605917e+01	9.658994e+02
1.010000e-06	2.410754e-06	1.590004e-08	1.691305e+01	1.048149e+03
1.020000e-06	2.531313e-06	1.683246e-08	1.775885e+01	1.112401e+03
1.030000e-06	2.650829e-06	1.758893e-08	1.859734e+01	1.161691e+03
1.040000e-06	2.769503e-06	1.821148e-08	1.942992e+01	1.199729e+03
1.050000e-06	2.887274e-06	1.872980e-08	2.025616e+01	1.230198e+03
1.060000e-06	3.004009e-06	1.916608e-08	2.107513e+01	1.256179e+03
1.070000e-06	3.119536e-06	1.954006e-08	2.188563e+01	1.279799e+03
1.080000e-06	3.233694e-06	1.986880e-08	2.268653e+01	1.302147e+03
1.090000e-06	3.346456e-06	2.016121e-08	2.347763e+01	1.323422e+03
1.100000e-06	3.457937e-06	2.042425e-08	2.425974e+01	1.343258e+03
1.110000e-06	3.568292e-06	2.066208e-08	2.503396e+01	1.361096e+03
1.120000e-06	3.677523e-06	2.087905e-08	2.580028e+01	1.376520e+03
1.130000e-06	3.785629e-06	2.107924e-08	2.655872e+01	1.389472e+03
1.140000e-06	3.892482e-06	2.126367e-08	2.730836e+01	1.400298e+03
1.150000e-06	3.997764e-06	2.143604e-08	2.804699e+01	1.409659e+03
1.160000e-06	4.101473e-06	2.159850e-08	2.877458e+01	1.418335e+03
1.170000e-06	4.203798e-06	2.175105e-08	2.949246e+01	1.427009e+03
1.180000e-06	4.304775e-06	2.189525e-08	3.020088e+01	1.436090e+03
1.190000e-06	4.404353e-06	2.203146e-08	3.089949e+01	1.445632e+03
1.200000e-06	4.502253e-06	2.215789e-08	3.158632e+01	1.455366e+03
1.210000e-06	4.598344e-06	2.227595e-08	3.226046e+01	1.464820e+03
1.220000e-06	4.692786e-06	2.238729e-08	3.292304e+01	1.473493e+03
1.230000e-06	4.785635e-06	2.249543e-08	3.357443e+01	1.481025e+03
1.240000e-06	4.876893e-06	2.259699e-08	3.421467e+01	1.487307e+03
1.250000e-06	4.966364e-06	2.269306e-08	3.484237e+01	1.492510e+03
1.260000e-06	5.053935e-06	2.278441e-08	3.545673e+01	1.497024e+03
1.270000e-06	5.139725e-06	2.286818e-08	3.605861e+01	1.501335e+03
1.280000e-06	5.223839e-06	2.294741e-08	3.664873e+01	1.505879e+03
1.290000e-06	5.306082e-06	2.302705e-08	3.722572e+01	1.510918e+03
1.300000e-06	5.386279e-06	2.310529e-08	3.778835e+01	1.516475e+03
1.310000e-06	5.464475e-06	2.318112e-08	3.833695e+01	1.522347e+03
1.320000e-06	5.540627e-06	2.325306e-08	3.887121e+01	1.528184e+03
1.330000e-06	5.614599e-06	2.332102e-08	3.939017e+01	1.533607e+03
1.340000e-06	5.686395e-06	2.338670e-08	3.989387e+01	1.538330e+03
1.350000e-06	5.756221e-06	2.344975e-08	4.038374e+01	1.542245e+03
1.360000e-06	5.824122e-06	2.350917e-08	4.086012e+01	1.545448e+03
1.370000e-06	5.889883e-06	2.356516e-08	4.132147e+01	1.548200e+03
1.380000e-06	5.953426e-06	2.361963e-08	4.176727e+01	1.550842e+03
1.390000e-06	6.014982e-06	2.367275e-08	4.219912e+01	1.553679e+03
1.400000e-06	6.074608e-06	2.372426e-08	4.261744e+01	1.556891e+03
1.410000e-06	6.132050e-06	2.377310e-08	4.302043e+01	1.560480e+03
1.420000e-06	6.187247e-06	2.382009e-08	4.340768e+01	1.564273e+03
1.430000e-06	6.240171e-06	2.386388e-08	4.377898e+01	1.567984e+03
1.440000e-06	6.290500e-06	2.390283e-08	4.413207e+01	1.571308e+03
1.450000e-06	6.338285e-06	2.393772e-08	4.446731e+01	1.574018e+03
1.460000e-06	6.383854e-06	2.397064e-08	4.478701e+01	1.576031e+03
1.470000e-06	6.427282e-06	2.400198e-08	4.509169e+01	1.577437e+03
1.480000e-06	6.468365e-06	2.403245e-08	4.537991e+01	1.578463e+03
1.490000e-06	6.507114e-06	2.406185e-08	4.565176e+01	1.579403e+03
1.500000e-06	6.543778e-06	2.408936e-08	4.590898e+01	1.580521e+03
1.510000e-06	6.578216e-06	2.411394e-08	4.615059e+01	1.581978e+03
1.520000e-06	6.610231e-06	2.413455e-08	4.637520e+01	1.583776e+03
1.530000e-06	6.639912e-06	2.415355e-08	4.658343e+01	1.585769e+03
1.540000e-06	6.667343e-06	2.417027e-08	4.677588e+01	1.587708e+03
1.550000e-06	6.692305e-06	2.418543e-08	4.695100e+01	1.589328e+03
1.560000e-06	6.714728e-06	2.419982e-08	4.710831e+01	1.590425e+03
1.570000e-06	6.734854e-06	2.421255e-08	4.724951e+01	1.590927e+03
1.580000e-06	6.752623e-06	2.422525e-08	4.737417e+01	1.590913e+03
1.590000e-06	6.767877e-06	2.423759e-08	4.748118e+01	1.590586e+03
1.600000e-06	6.780620e-06	2.424805e-08	4.757059e+01	1.590210e+03
1.610000e-06	6.790704e-06	2.425355e-08	4.764133e+01	1.590025e+03
1.620000e-06	6.798158e-06	2.425605e-08	4.769363e+01	1.590174e+03
1.630000e-06	6.803281e-06	2.425955e-08	4.772957e+01	1.590657e+03
1.640000e-06	6.806023e-06	2.426377e-08	4.774881e+01	1.591332e+03
1.650000e-06	6.806300e-06	2.426542e-08	4.775075e+01	1.591959e+03
1.660000e-06	6.804275e-06	2.425657e-08	4.773654e+01	1.592281e+03
1.670000e-06	6.800059e-06	2.424880e-08	4.770696e+01	1.592098e+03
1.680000e-06	6.793530e-06	2.424159e-08	4.766116e+01	1.591333e+03
1.690000e-06	6.784760e-06	2.423209e-08	4.759963e+01	1.590057e+03
1.700000e-06	6.773935e-06	2.422265e-08	4.752369e+01	1.588469e+03
1.710000e-06	6.760789e-06	2.421513e-08	4.743146e+01	1.586831e+03
1.720000e-06	6.745203e-06	2.420490e-08	4.732212e+01	1.585393e+03
1.730000e-06	6.727525e-06	2.412368e-08	4.719809e+01	1.584315e+03
1.740000e-06	6.707565e-06	2.405847e-08	4.705806e+01	1.583619e+03
1.750000e-06	6.684495e-06	2.408807e-08	4.689621e+01	1.583185e+03
1.760000e-06	6.658317e-06	2.409214e-08	4.671255e+01	1.582785e+03
1.770000e-06	6.629671e-06	2.408784e-08	4.651158e+01	1.582156e+03
1.780000e-06	6.598931e-06	2.416498e-08	4.629592e+01	1.581078e+03
1.790000e-06	6.566624e-06	2.409533e-08	4.606926e+01	1.579434e+03
1.800000e-06	6.532740e-06	2.402774e-08	4.583155e+01	1.577246e+03
1.810000e-06	6.496487e-06	2.406373e-08	4.557720e+01	1.574662e+03
1.820000e-06	6.457852e-06	2.395561e-08	4.530616e+01	1.571900e+03
1.830000e-06	6.417125e-06	2.397561e-08	4.502043e+01	1.569183e+03
1.840000e-06	6.374224e-06	2.392865e-08	4.471945e+01	1.566660e+03
1.850000e-06	6.329208e-06	2.378513e-08	4.440363e+01	1.564369e+03
1.860000e-06	6.281862e-06	2.382722e-08	4.407147e+01	1.562216e+03
1.870000e-06	6.232132e-06	2.374610e-08	4.372258e+01	1.560017e+03
1.880000e-06	6.180045e-06	2.372405e-08	4.335715e+01	1.557556e+03
1.890000e-06	6.125316e-06	2.370764e-08	4.297319e+01	1.554654e+03
1.900000e-06	6.068185e-06	2.359641e-08	4.257238e+01	1.551235e+03
1.910000e-06	6.008857e-06	2.360615e-08	4.215615e+01	1.547345e+03
1.920000e-06	5.947214e-06	2.352508e-08	4.172369e+01	1.543143e+03
1.930000e-06	5.883369e-06	2.348579e-08	4.127577e+01	1.538848e+03
1.940000e-06	5.817372e-06	2.343558e-08	4.081276e+01	1.534668e+03
1.950000e-06	5.749244e-06	2.336735e-08	4.033479e+01	1.530727e+03
1.960000e-06	5.678847e-06	2.332259e-08	3.984092e+01	1.527029e+03
1.970000e-06	5.606238e-06	2.319516e-08	3.933151e+01	1.523444e+03
1.980000e-06	5.531559e-06	2.316491e-08	3.880759e+01	1.519750e+03
1.990000e-06	5.454660e-06	2.309144e-08	3.826809e+01	1.515704e+03
2.000000e-06	5.375630e-06	2.301893e-08	3.771364e+01	1.511111e+03
2.010000e-06	5.294656e-06	2.295409e-08	3.714555e+01	1.505893e+03
2.020000e-06	5.211926e-06	2.285526e-08	3.656515e+01	1.500116e+03
2.030000e-06	5.127351e-06	2.279232e-08	3.597180e+01	1.493967e+03
2.040000e-06	5.040782e-06	2.269257e-08	3.536446e+01	1.487703e+03
2.050000e-06	4.952428e-06	2.261906e-08	3.474460e+01	1.481563e+03
2.060000e-06	4.862469e-06	2.252550e-08	3.411348e+01	1.475696e+03
2.070000e-06	4.770969e-06	2.244119e-08	3.347154e+01	1.470106e+03
2.080000e-06	4.677726e-06	2.234530e-08	3.281738e+01	1.464648e+03
2.090000e-06	4.582706e-06	2.223948e-08	3.215075e+01	1.459069e+03
2.100000e-06	4.486099e-06	2.214394e-08	3.147299e+01	1.453083e+03
2.110000e-06	4.388011e-06	2.203699e-08	3.078484e+01	1.446461e+03
2.120000e-06	4.288562e-06	2.193846e-08	3.008713e+01	1.439103e+03
2.130000e-06	4.187544e-06	2.182059e-08	2.937843e+01	1.431072e+03
2.140000e-06	4.084775e-06	2.170734e-08	2.865743e+01	1.422574e+03
2.150000e-06	3.980483e-06	2.158236e-08	2.792575e+01	1.413896e+03
2.160000e-06	3.874846e-06	2.146379e-08	2.718464e+01	1.405308e+03
2.170000e-06	3.767954e-06	2.134358e-08	2.643472e+01	1.396978e+03
2.180000e-06	3.659839e-06	2.121941e-08	2.567622e+01	1.388904e+03
2.190000e-06	3.550305e-06	2.108395e-08	2.490776e+01	1.380908e+03
2.200000e-06	3.439361e-06	2.094092e-08	2.412942e+01	1.372681e+03
2.210000e-06	3.327060e-06	2.079894e-08	2.334155e+01	1.363873e+03
2.220000e-06	3.213407e-06	2.064927e-08	2.254420e+01	1.354202e+03
2.230000e-06	3.098523e-06	2.049553e-08	2.173821e+01	1.343539e+03
2.240000e-06	2.982447e-06	2.033179e-08	2.092386e+01	1.331955e+03
2.250000e-06	2.865080e-06	2.016546e-08	2.010045e+01	1.319698e+03
2.260000e-06	2.746443e-06	1.998950e-08	1.926814e+01	1.307120e+03
2.270000e-06	2.626809e-06	1.981258e-08	1.842883e+01	1.294554e+03
2.280000e-06	2.506232e-06	1.962848e-08	1.758289e+01	1.282202e+03
2.290000e-06	2.384724e-06	1.943640e-08	1.673043e+01	1.270056e+03
2.300000e-06	2.262423e-06	1.923421e-08	1.587241e+01	1.257874e+03
2.310000e-06	2.139473e-06	1.902374e-08	1.500983e+01	1.245244e+03
2.320000e-06	2.015960e-06	1.880588e-08	1.414331e+01	1.231691e+03
2.330000e-06	1.891824e-06	1.857667e-08	1.327241e+01	1.216820e+03
2.340000e-06	1.766924e-06	1.833642e-08	1.239615e+01	1.200440e+03
2.350000e-06	1.641237e-06	1.808402e-08	1.151438e+01	1.182617e+03
2.360000e-06	1.514886e-06	1.782118e-08	1.062794e+01	1.163660e+03
2.370000e-06	1.388034e-06	1.754498e-08	9.737985e+00	1.144012e+03
2.380000e-06	1.260784e-06	1.725630e-08	8.845240e+00	1.124088e+03
2.390000e-06	1.133113e-06	1.695114e-08	7.949549e+00	1.104107e+03
2.400000e-06	1.005039e-06	1.662454e-08	7.051019e+00	1.083972e+03
2.410000e-06	8.766670e-07	1.627865e-08	6.150406e+00	1.063233e+03
2.420000e-06	7.480625e-07	1.591464e-08	5.248159e+00	1.041162e+03
2.430000e-06	6.192322e-07	1.552826e-08	4.344328e+00	1.016923e+03
2.440000e-06	4.901516e-07	1.511465e-08	3.438741e+00	9.897860e+02
2.450000e-06	3.608546e-07	1.466945e-08	2.531637e+00	9.593188e+02
2.460000e-06	2.314260e-07	1.418874e-08	1.623608e+00	9.254947e+02
2.470000e-06	1.019092e-07	1.366583e-08	7.149614e-01	8.886554e+02
2.480000e-06	-2.763839e-08	1.309827e-08	-1.939018e-01	8.493227e+02
2.490000e-06	-1.571845e-07	1.247873e-08	-1.102754e+00	8.078906e+02
2.500000e-06	-2.867143e-07	1.179761e-08	-2.011493e+00	7.642708e+02
2.510000e-06	-4.161624e-07	1.104540e-08	-2.919658e+00	7.175920e+02
2.520000e-06	-5.454385e-07	1.020690e-08	-3.826616e+00	6.660540e+02
2.530000e-06	-6.745685e-07	9.264587e-09	-4.732550e+00	6.070107e+02
2.540000e-06	-8.035777e-07	8.192346e-09	-5.637635e+00	5.373034e+02
2.550000e-06	-9.322855e-07	6.957886e-09	-6.540607e+00	4.538099e+02
2.560000e-06	-1.060584e-06	5.519984e-09	-7.440709e+00	3.541088e+02
2.570000e-06	-1.188531e-06	3.830201e-09	-8.338343e+00	2.371265e+02
2.580000e-06	-1.316070e-06	1.849756e-09	-9.233115e+00	1.036182e+02
2.590000e-06	-1.443175e-06	-4.149545e-10	-1.012484e+01	-4.363623e+01
2.600000e-06	-1.569840e-06	-2.867365e-09	-1.101348e+01	-1.999889e+02
2.610000e-06	-1.695865e-06	-5.378876e-09	-1.189763e+01	-3.594254e+02
2.620000e-06	-1.821064e-06	-7.855152e-09	-1.277598e+01	-5.153302e+02
2.630000e-06	-1.945363e-06	-1.016790e-08	-1.364802e+01	-6.613748e+02
2.640000e-06	-2.068855e-06	-1.217990e-08	-1.451441e+01	-7.923622e+02
2.650000e-06	-2.191579e-06	-1.384629e-08	-1.537540e+01	-9.048665e+02
2.660000e-06	-2.313531e-06	-1.519410e-08	-1.623097e+01	-9.975542e+02
2.670000e-06	-2.434724e-06	-1.627405e-08	-1.708122e+01	-1.071140e+03
2.680000e-06	-2.555091e-06	-1.714403e-08	-1.792567e+01	-1.128009e+03
2.690000e-06	-2.674549e-06	-1.785205e-08	-1.876375e+01	-1.171598e+03
2.700000e-06	-2.792939e-06	-1.843404e-08	-1.959434e+01	-1.205687e+03
2.710000e-06	-2.910071e-06	-1.891858e-08	-2.041610e+01	-1.233739e+03
2.720000e-06	-3.025930e-06	-1.932969e-08	-2.122892e+01	-1.258422e+03
2.730000e-06	-3.140640e-06	-1.968559e-08	-2.203369e+01	-1.281374e+03
2.740000e-06	-3.254123e-06	-1.999677e-08	-2.282985e+01	-1.303240e+03
2.750000e-06	-3.366184e-06	-2.027307e-08	-2.361603e+01	-1.323911e+03
2.760000e-06	-3.476783e-06	-2.052243e-08	-2.439196e+01	-1.342885e+03
2.770000e-06	-3.586139e-06	-2.075188e-08	-2.515916e+01	-1.359633e+03
2.780000e-06	-3.694405e-06	-2.096429e-08	-2.591872e+01	-1.373890e+03
2.790000e-06	-3.801579e-06	-2.115785e-08	-2.667062e+01	-1.385786e+03
2.800000e-06	-3.907509e-06	-2.133346e-08	-2.741379e+01	-1.395836e+03
2.810000e-06	-4.012021e-06	-2.149508e-08	-2.814701e+01	-1.404781e+03
2.820000e-06	-4.115038e-06	-2.164809e-08	-2.886975e+01	-1.413383e+03
2.830000e-06	-4.216450e-06	-2.179366e-08	-2.958122e+01	-1.422214e+03
2.840000e-06	-4.316320e-06	-2.193222e-08	-3.028187e+01	-1.431522e+03
2.850000e-06	-4.414782e-06	-2.206458e-08	-3.097265e+01	-1.441201e+03
2.860000e-06	-4.511805e-06	-2.218936e-08	-3.165333e+01	-1.450867e+03
2.870000e-06	-4.607269e-06	-2.230707e-08	-3.232308e+01	-1.460014e+03
2.880000e-06	-4.700945e-06	-2.241745e-08	-3.298028e+01	-1.468187e+03
2.890000e-06	-4.792896e-06	-2.251930e-08	-3.362537e+01	-1.475132e+03
2.900000e-06	-4.883265e-06	-2.261393e-08	-3.425937e+01	-1.480874e+03
2.910000e-06	-4.971923e-06	-2.270251e-08	-3.488137e+01	-1.485698e+03
2.920000e-06	-5.058739e-06	-2.278620e-08	-3.549044e+01	-1.490055e+03
2.930000e-06	-5.143566e-06	-2.286695e-08	-3.608556e+01	-1.494426e+03
2.940000e-06	-5.226559e-06	-2.294670e-08	-3.666781e+01	-1.499179e+03
2.950000e-06	-5.307811e-06	-2.302520e-08	-3.723785e+01	-1.504468e+03
2.960000e-06	-5.387085e-06	-2.310020e-08	-3.779401e+01	-1.510206e+03
2.970000e-06	-5.464159e-06	-2.317119e-08	-3.833473e+01	-1.516109e+03
2.980000e-06	-5.539010e-06	-2.324024e-08	-3.885987e+01	-1.521796e+03
2.990000e-06	-5.611878e-06	-2.330865e-08	-3.937108e+01	-1.526918e+03
3.000000e-06	-5.682734e-06	-2.337370e-08	-3.986818e+01	-1.531265e+03
3.010000e-06	-5.751456e-06	-2.343387e-08	-4.035031e+01	-1.534823e+03
3.020000e-06	-5.818101e-06	-2.349200e-08	-4.081788e+01	-1.537775e+03
3.030000e-06	-5.882793e-06	-2.354917e-08	-4.127173e+01	-1.540432e+03
3.040000e-06	-5.945497e-06	-2.360416e-08	-4.171164e+01	-1.543130e+03
3.050000e-06	-6.006038e-06	-2.365784e-08	-4.213638e+01	-1.546127e+03
3.060000e-06	-6.064371e-06	-2.370945e-08	-4.254562e+01	-1.549524e+03
3.070000e-06	-6.120584e-06	-2.375483e-08	-4.293999e+01	-1.553235e+03
3.080000e-06	-6.174565e-06	-2.379342e-08	-4.331870e+01	-1.557027e+03
3.090000e-06	-6.226021e-06	-2.382811e-08	-4.367970e+01	-1.560592e+03
3.100000e-06	-6.274870e-06	-2.386284e-08	-4.402241e+01	-1.563650e+03
3.110000e-06	-6.321290e-06	-2.389894e-08	-4.434808e+01	-1.566034e+03
3.120000e-06	-6.365612e-06	-2.393380e-08	-4.465903e+01	-1.567742e+03
3.130000e-06	-6.407888e-06	-2.396597e-08	-4.495562e+01	-1.568936e+03
3.140000e-06	-6.448043e-06	-2.399518e-08	-4.523734e+01	-1.569883e+03
3.150000e-06	-6.485903e-06	-2.402026e-08	-4.550295e+01	-1.570875e+03
3.160000e-06	-6.521404e-06	-2.404181e-08	-4.575201e+01	-1.572138e+03
3.170000e-06	-6.554633e-06	-2.406148e-08	-4.598514e+01	-1.573761e+03
3.180000e-06	-6.585508e-06	-2.407948e-08	-4.620175e+01	-1.575673e+03
3.190000e-06	-6.614021e-06	-2.409409e-08	-4.640179e+01	-1.577673e+03
3.200000e-06	-6.640208e-06	-2.410773e-08	-4.658550e+01	-1.579493e+03
3.210000e-06	-6.664078e-06	-2.412089e-08	-4.675297e+01	-1.580887e+03
3.220000e-06	-6.685520e-06	-2.413192e-08	-4.690340e+01	-1.581705e+03
3.230000e-06	-6.704550e-06	-2.414004e-08	-4.703691e+01	-1.581947e+03
3.240000e-06	-6.721256e-06	-2.414575e-08	-4.715411e+01	-1.581755e+03
3.250000e-06	-6.735354e-06	-2.415055e-08	-4.725301e+01	-1.581370e+03
3.260000e-06	-6.746709e-06	-2.415343e-08	-4.733268e+01	-1.581055e+03
3.270000e-06	-6.755592e-06	-2.415382e-08	-4.739500e+01	-1.581014e+03
3.280000e-06	-6.762071e-06	-2.415114e-08	-4.744045e+01	-1.581326e+03
3.290000e-06	-6.766098e-06	-2.414721e-08	-4.746871e+01	-1.581920e+03
3.300000e-06	-6.767786e-06	-2.414178e-08	-4.748055e+01	-1.582604e+03
3.310000e-06	-6.767125e-06	-2.413937e-08	-4.747591e+01	-1.583118e+03
