# Temperatura_=_61.56
# Concentracion g/m^3_=_41000.0
# C_Vs_to_Am_M_A/Vsm_=_65563218390.804596
# pendiente_HvsI_1/m_=_3716.3
# ordenada_HvsI_A/m_=_1297.0
# frecuencia_Hz_=_302015.06956050853

Tiempo_(s)	Campo_(V.s)	Magnetizacion_(V.s)	Campo_(kA/m)	Magnetizacion_(A/m)
0.000000e+00	-6.725004e-06	-2.440118e-08	-4.746682e+01	-1.599662e+03
1.000000e-08	-6.722110e-06	-2.440051e-08	-4.744640e+01	-1.600006e+03
2.000000e-08	-6.716999e-06	-2.439566e-08	-4.741032e+01	-1.599944e+03
3.000000e-08	-6.709858e-06	-2.438963e-08	-4.735992e+01	-1.599367e+03
4.000000e-08	-6.700445e-06	-2.438008e-08	-4.729348e+01	-1.598299e+03
5.000000e-08	-6.688529e-06	-2.436611e-08	-4.720937e+01	-1.596884e+03
6.000000e-08	-6.674140e-06	-2.435169e-08	-4.710781e+01	-1.595345e+03
7.000000e-08	-6.657387e-06	-2.433789e-08	-4.698956e+01	-1.593915e+03
8.000000e-08	-6.638475e-06	-2.435136e-08	-4.685607e+01	-1.592766e+03
9.000000e-08	-6.617305e-06	-2.438881e-08	-4.670665e+01	-1.591955e+03
1.000000e-07	-6.593520e-06	-2.434885e-08	-4.653877e+01	-1.591414e+03
1.100000e-07	-6.566969e-06	-2.428716e-08	-4.635137e+01	-1.590971e+03
1.200000e-07	-6.537968e-06	-2.426253e-08	-4.614667e+01	-1.590405e+03
1.300000e-07	-6.507034e-06	-2.419830e-08	-4.592833e+01	-1.589517e+03
1.400000e-07	-6.474348e-06	-2.412701e-08	-4.569763e+01	-1.588191e+03
1.500000e-07	-6.439692e-06	-2.421084e-08	-4.545301e+01	-1.586424e+03
1.600000e-07	-6.402946e-06	-2.419887e-08	-4.519365e+01	-1.584326e+03
1.700000e-07	-6.364231e-06	-2.409692e-08	-4.492039e+01	-1.582077e+03
1.800000e-07	-6.323289e-06	-2.415726e-08	-4.463142e+01	-1.579869e+03
1.900000e-07	-6.279860e-06	-2.408059e-08	-4.432488e+01	-1.577836e+03
2.000000e-07	-6.234127e-06	-2.401289e-08	-4.400208e+01	-1.576011e+03
2.100000e-07	-6.186065e-06	-2.402547e-08	-4.366285e+01	-1.574314e+03
2.200000e-07	-6.135370e-06	-2.396518e-08	-4.330503e+01	-1.572572e+03
2.300000e-07	-6.082096e-06	-2.393810e-08	-4.292901e+01	-1.570580e+03
2.400000e-07	-6.026515e-06	-2.389325e-08	-4.253671e+01	-1.568162e+03
2.500000e-07	-5.968636e-06	-2.384214e-08	-4.212818e+01	-1.565230e+03
2.600000e-07	-5.908472e-06	-2.379906e-08	-4.170353e+01	-1.561815e+03
2.700000e-07	-5.846227e-06	-2.374563e-08	-4.126419e+01	-1.558059e+03
2.800000e-07	-5.781947e-06	-2.370786e-08	-4.081048e+01	-1.554170e+03
2.900000e-07	-5.715456e-06	-2.365237e-08	-4.034117e+01	-1.550354e+03
3.000000e-07	-5.646762e-06	-2.360881e-08	-3.985631e+01	-1.546753e+03
3.100000e-07	-5.575928e-06	-2.353761e-08	-3.935635e+01	-1.543393e+03
3.200000e-07	-5.502956e-06	-2.347321e-08	-3.884129e+01	-1.540173e+03
3.300000e-07	-5.427843e-06	-2.342450e-08	-3.831112e+01	-1.536895e+03
3.400000e-07	-5.350510e-06	-2.334748e-08	-3.776528e+01	-1.533326e+03
3.500000e-07	-5.270922e-06	-2.329289e-08	-3.720354e+01	-1.529267e+03
3.600000e-07	-5.189315e-06	-2.322437e-08	-3.662753e+01	-1.524619e+03
3.700000e-07	-5.106019e-06	-2.314770e-08	-3.603960e+01	-1.519416e+03
3.800000e-07	-5.021097e-06	-2.306882e-08	-3.544021e+01	-1.513818e+03
3.900000e-07	-4.934611e-06	-2.298906e-08	-3.482976e+01	-1.508058e+03
4.000000e-07	-4.846473e-06	-2.290919e-08	-3.420767e+01	-1.502370e+03
4.100000e-07	-4.756526e-06	-2.282539e-08	-3.357280e+01	-1.496915e+03
4.200000e-07	-4.664859e-06	-2.274679e-08	-3.292579e+01	-1.491721e+03
4.300000e-07	-4.571613e-06	-2.265804e-08	-3.226763e+01	-1.486674e+03
4.400000e-07	-4.476838e-06	-2.256647e-08	-3.159869e+01	-1.481542e+03
4.500000e-07	-4.380447e-06	-2.247138e-08	-3.091833e+01	-1.476051e+03
4.600000e-07	-4.282309e-06	-2.236828e-08	-3.022565e+01	-1.469961e+03
4.700000e-07	-4.182576e-06	-2.226215e-08	-2.952171e+01	-1.463147e+03
4.800000e-07	-4.081445e-06	-2.215673e-08	-2.880790e+01	-1.455636e+03
4.900000e-07	-3.978931e-06	-2.205115e-08	-2.808432e+01	-1.447601e+03
5.000000e-07	-3.874971e-06	-2.193520e-08	-2.735055e+01	-1.439309e+03
5.100000e-07	-3.769573e-06	-2.181540e-08	-2.660662e+01	-1.431028e+03
5.200000e-07	-3.662713e-06	-2.169195e-08	-2.585238e+01	-1.422947e+03
5.300000e-07	-3.554457e-06	-2.156183e-08	-2.508828e+01	-1.415099e+03
5.400000e-07	-3.444989e-06	-2.142931e-08	-2.431563e+01	-1.407349e+03
5.500000e-07	-3.334400e-06	-2.129419e-08	-2.353506e+01	-1.399418e+03
5.600000e-07	-3.222546e-06	-2.115415e-08	-2.274557e+01	-1.390970e+03
5.700000e-07	-3.109304e-06	-2.100235e-08	-2.194627e+01	-1.381708e+03
5.800000e-07	-2.994693e-06	-2.084156e-08	-2.113732e+01	-1.371468e+03
5.900000e-07	-2.878739e-06	-2.067858e-08	-2.031888e+01	-1.360272e+03
6.000000e-07	-2.761668e-06	-2.051360e-08	-1.949257e+01	-1.348321e+03
6.100000e-07	-2.643652e-06	-2.034226e-08	-1.865958e+01	-1.335933e+03
6.200000e-07	-2.524734e-06	-2.016040e-08	-1.782023e+01	-1.323437e+03
6.300000e-07	-2.404856e-06	-1.996900e-08	-1.697410e+01	-1.311060e+03
6.400000e-07	-2.284031e-06	-1.976886e-08	-1.612128e+01	-1.298836e+03
6.500000e-07	-2.162407e-06	-1.956315e-08	-1.526283e+01	-1.286578e+03
6.600000e-07	-2.039937e-06	-1.935001e-08	-1.439840e+01	-1.273913e+03
6.700000e-07	-1.916600e-06	-1.912685e-08	-1.352786e+01	-1.260384e+03
6.800000e-07	-1.792584e-06	-1.889322e-08	-1.265252e+01	-1.245577e+03
6.900000e-07	-1.668012e-06	-1.864969e-08	-1.177326e+01	-1.229249e+03
7.000000e-07	-1.542951e-06	-1.839486e-08	-1.089055e+01	-1.211399e+03
7.100000e-07	-1.417422e-06	-1.812476e-08	-1.000453e+01	-1.192272e+03
7.200000e-07	-1.291472e-06	-1.784108e-08	-9.115544e+00	-1.172266e+03
7.300000e-07	-1.165156e-06	-1.754173e-08	-8.223970e+00	-1.151797e+03
7.400000e-07	-1.038485e-06	-1.722509e-08	-7.329899e+00	-1.131127e+03
7.500000e-07	-9.114572e-07	-1.688958e-08	-6.433301e+00	-1.110235e+03
7.600000e-07	-7.841087e-07	-1.653475e-08	-5.534442e+00	-1.088761e+03
7.700000e-07	-6.564688e-07	-1.615804e-08	-4.633527e+00	-1.066050e+03
7.800000e-07	-5.285724e-07	-1.575792e-08	-3.730801e+00	-1.041301e+03
7.900000e-07	-4.005150e-07	-1.533408e-08	-2.826939e+00	-1.013761e+03
8.000000e-07	-2.722940e-07	-1.487956e-08	-1.921922e+00	-9.829268e+02
8.100000e-07	-1.438743e-07	-1.438663e-08	-1.015502e+00	-9.486683e+02
8.200000e-07	-1.534828e-08	-1.385154e-08	-1.083322e-01	-9.112327e+02
8.300000e-07	1.132122e-07	-1.327158e-08	7.990812e-01	-8.710983e+02
8.400000e-07	2.418126e-07	-1.264114e-08	1.706776e+00	-8.287018e+02
8.500000e-07	3.703533e-07	-1.195109e-08	2.614050e+00	-7.841010e+02
8.600000e-07	4.986947e-07	-1.118887e-08	3.519916e+00	-7.366636e+02
8.700000e-07	6.268501e-07	-1.034257e-08	4.424470e+00	-6.848814e+02
8.800000e-07	7.548788e-07	-9.398207e-09	5.328130e+00	-6.263890e+02
8.900000e-07	8.826621e-07	-8.333228e-09	6.230058e+00	-5.582235e+02
9.000000e-07	1.010066e-06	-7.114489e-09	7.129306e+00	-4.773046e+02
9.100000e-07	1.137086e-06	-5.700486e-09	8.025848e+00	-3.810551e+02
9.200000e-07	1.263732e-06	-4.047259e-09	8.919752e+00	-2.680413e+02
9.300000e-07	1.389926e-06	-2.118101e-09	9.810459e+00	-1.384899e+02
9.400000e-07	1.515685e-06	8.678675e-11	1.069809e+01	5.440896e+00
9.500000e-07	1.641061e-06	2.477753e-09	1.158303e+01	1.597168e+02
9.600000e-07	1.765942e-06	4.929266e-09	1.246448e+01	3.188227e+02
9.700000e-07	1.890178e-06	7.370278e-09	1.334137e+01	4.764371e+02
9.800000e-07	2.013738e-06	9.698837e-09	1.421348e+01	6.262659e+02
9.900000e-07	2.136558e-06	1.177079e-08	1.508038e+01	7.628786e+02
1.000000e-06	2.258503e-06	1.351678e-08	1.594110e+01	8.823897e+02
1.010000e-06	2.379489e-06	1.495161e-08	1.679505e+01	9.828613e+02
1.020000e-06	2.499496e-06	1.611880e-08	1.764209e+01	1.064362e+03
1.030000e-06	2.618532e-06	1.707070e-08	1.848228e+01	1.128692e+03
1.040000e-06	2.736630e-06	1.785306e-08	1.931584e+01	1.178855e+03
1.050000e-06	2.853802e-06	1.849961e-08	2.014287e+01	1.218390e+03
1.060000e-06	2.969903e-06	1.904048e-08	2.096234e+01	1.250722e+03
1.070000e-06	3.084769e-06	1.950053e-08	2.177310e+01	1.278649e+03
1.080000e-06	3.198342e-06	1.989855e-08	2.257473e+01	1.304048e+03
1.090000e-06	3.310590e-06	2.024706e-08	2.336700e+01	1.327834e+03
1.100000e-06	3.421582e-06	2.055490e-08	2.415041e+01	1.350138e+03
1.110000e-06	3.531472e-06	2.082916e-08	2.492604e+01	1.370617e+03
1.120000e-06	3.640277e-06	2.107653e-08	2.569402e+01	1.388809e+03
1.130000e-06	3.747829e-06	2.129953e-08	2.645315e+01	1.404427e+03
1.140000e-06	3.854070e-06	2.150196e-08	2.720303e+01	1.417533e+03
1.150000e-06	3.958970e-06	2.169046e-08	2.794344e+01	1.428553e+03
1.160000e-06	4.062378e-06	2.186799e-08	2.867331e+01	1.438174e+03
1.170000e-06	4.164367e-06	2.203307e-08	2.939318e+01	1.447146e+03
1.180000e-06	4.264998e-06	2.218708e-08	3.010346e+01	1.456091e+03
1.190000e-06	4.364107e-06	2.233143e-08	3.080300e+01	1.465344e+03
1.200000e-06	4.461530e-06	2.246597e-08	3.149063e+01	1.474904e+03
1.210000e-06	4.557214e-06	2.258943e-08	3.216600e+01	1.484481e+03
1.220000e-06	4.651286e-06	2.270394e-08	3.282998e+01	1.493621e+03
1.230000e-06	4.743829e-06	2.281119e-08	3.348317e+01	1.501877e+03
1.240000e-06	4.834747e-06	2.291116e-08	3.412490e+01	1.508961e+03
1.250000e-06	4.923898e-06	2.300627e-08	3.475415e+01	1.514829e+03
1.260000e-06	5.011210e-06	2.309857e-08	3.537042e+01	1.519698e+03
1.270000e-06	5.096770e-06	2.318782e-08	3.597432e+01	1.523971e+03
1.280000e-06	5.180608e-06	2.327052e-08	3.656607e+01	1.528112e+03
1.290000e-06	5.262604e-06	2.334849e-08	3.714483e+01	1.532512e+03
1.300000e-06	5.342611e-06	2.342288e-08	3.770953e+01	1.537379e+03
1.310000e-06	5.420630e-06	2.349381e-08	3.826021e+01	1.542693e+03
1.320000e-06	5.496657e-06	2.356041e-08	3.879683e+01	1.548228e+03
1.330000e-06	5.570512e-06	2.362320e-08	3.931811e+01	1.553638e+03
1.340000e-06	5.642238e-06	2.368476e-08	3.982438e+01	1.558572e+03
1.350000e-06	5.711933e-06	2.374399e-08	4.031631e+01	1.562785e+03
1.360000e-06	5.779636e-06	2.380112e-08	4.079417e+01	1.566212e+03
1.370000e-06	5.845235e-06	2.385715e-08	4.125718e+01	1.568976e+03
1.380000e-06	5.908656e-06	2.391176e-08	4.170483e+01	1.571349e+03
1.390000e-06	5.970128e-06	2.396240e-08	4.213871e+01	1.573655e+03
1.400000e-06	6.029684e-06	2.400835e-08	4.255907e+01	1.576171e+03
1.410000e-06	6.087112e-06	2.405070e-08	4.296442e+01	1.579044e+03
1.420000e-06	6.142333e-06	2.409077e-08	4.335418e+01	1.582247e+03
1.430000e-06	6.195301e-06	2.412820e-08	4.372804e+01	1.585597e+03
1.440000e-06	6.245709e-06	2.416265e-08	4.408383e+01	1.588820e+03
1.450000e-06	6.293552e-06	2.419574e-08	4.442152e+01	1.591637e+03
1.460000e-06	6.339172e-06	2.422749e-08	4.474352e+01	1.593855e+03
1.470000e-06	6.382719e-06	2.425687e-08	4.505088e+01	1.595430e+03
1.480000e-06	6.424021e-06	2.428446e-08	4.534240e+01	1.596471e+03
1.490000e-06	6.462950e-06	2.431150e-08	4.561718e+01	1.597210e+03
1.500000e-06	6.499677e-06	2.433642e-08	4.587640e+01	1.597926e+03
1.510000e-06	6.534153e-06	2.435756e-08	4.611975e+01	1.598859e+03
1.520000e-06	6.566217e-06	2.437579e-08	4.634606e+01	1.600134e+03
1.530000e-06	6.596005e-06	2.439252e-08	4.655632e+01	1.601732e+03
1.540000e-06	6.623657e-06	2.440728e-08	4.675149e+01	1.603492e+03
1.550000e-06	6.648881e-06	2.442092e-08	4.692953e+01	1.605172e+03
1.560000e-06	6.671528e-06	2.443569e-08	4.708938e+01	1.606523e+03
1.570000e-06	6.691885e-06	2.444960e-08	4.723306e+01	1.607370e+03
1.580000e-06	6.709879e-06	2.446124e-08	4.736006e+01	1.607664e+03
1.590000e-06	6.725324e-06	2.447195e-08	4.746908e+01	1.607495e+03
1.600000e-06	6.738264e-06	2.448078e-08	4.756041e+01	1.607067e+03
1.610000e-06	6.748560e-06	2.448639e-08	4.763309e+01	1.606626e+03
1.620000e-06	6.756244e-06	2.448948e-08	4.768732e+01	1.606389e+03
1.630000e-06	6.761585e-06	2.449237e-08	4.772502e+01	1.606474e+03
1.640000e-06	6.764621e-06	2.449517e-08	4.774645e+01	1.606864e+03
1.650000e-06	6.765230e-06	2.449798e-08	4.775075e+01	1.607416e+03
1.660000e-06	6.763487e-06	2.449322e-08	4.773845e+01	1.607906e+03
1.670000e-06	6.759664e-06	2.448638e-08	4.771146e+01	1.608099e+03
1.680000e-06	6.753567e-06	2.448128e-08	4.766842e+01	1.607825e+03
1.690000e-06	6.745129e-06	2.447391e-08	4.760887e+01	1.607030e+03
1.700000e-06	6.734596e-06	2.446606e-08	4.753453e+01	1.605792e+03
1.710000e-06	6.721794e-06	2.445947e-08	4.744416e+01	1.604297e+03
1.720000e-06	6.706622e-06	2.445375e-08	4.733707e+01	1.602781e+03
1.730000e-06	6.689375e-06	2.440653e-08	4.721534e+01	1.601459e+03
1.740000e-06	6.669971e-06	2.431888e-08	4.707839e+01	1.600458e+03
1.750000e-06	6.647557e-06	2.433014e-08	4.692018e+01	1.599781e+03
1.760000e-06	6.621919e-06	2.435448e-08	4.673922e+01	1.599310e+03
1.770000e-06	6.593839e-06	2.434128e-08	4.654102e+01	1.598844e+03
1.780000e-06	6.563622e-06	2.440623e-08	4.632775e+01	1.598163e+03
1.790000e-06	6.531708e-06	2.438264e-08	4.610249e+01	1.597098e+03
1.800000e-06	6.498342e-06	2.424964e-08	4.586699e+01	1.595579e+03
1.810000e-06	6.462731e-06	2.428205e-08	4.561563e+01	1.593654e+03
1.820000e-06	6.424657e-06	2.425748e-08	4.534690e+01	1.591470e+03
1.830000e-06	6.384475e-06	2.425471e-08	4.506328e+01	1.589220e+03
1.840000e-06	6.342151e-06	2.431905e-08	4.476454e+01	1.587079e+03
1.850000e-06	6.297769e-06	2.417553e-08	4.445128e+01	1.585140e+03
1.860000e-06	6.251104e-06	2.417796e-08	4.412191e+01	1.583389e+03
1.870000e-06	6.201990e-06	2.414753e-08	4.377526e+01	1.581700e+03
1.880000e-06	6.150637e-06	2.404887e-08	4.341279e+01	1.579878e+03
1.890000e-06	6.096596e-06	2.407508e-08	4.303135e+01	1.577724e+03
1.900000e-06	6.040044e-06	2.399768e-08	4.263220e+01	1.575092e+03
1.910000e-06	5.981350e-06	2.400347e-08	4.221792e+01	1.571945e+03
1.920000e-06	5.920437e-06	2.395826e-08	4.178798e+01	1.568364e+03
1.930000e-06	5.857359e-06	2.386096e-08	4.134276e+01	1.564527e+03
1.940000e-06	5.792047e-06	2.385171e-08	4.088177e+01	1.560649e+03
1.950000e-06	5.724653e-06	2.376328e-08	4.040609e+01	1.556917e+03
1.960000e-06	5.654986e-06	2.374904e-08	3.991436e+01	1.553426e+03
1.970000e-06	5.582989e-06	2.366211e-08	3.940618e+01	1.550147e+03
1.980000e-06	5.508977e-06	2.360499e-08	3.888379e+01	1.546933e+03
1.990000e-06	5.432899e-06	2.357266e-08	3.834681e+01	1.543562e+03
2.000000e-06	5.354688e-06	2.346649e-08	3.779477e+01	1.539805e+03
2.010000e-06	5.274393e-06	2.342399e-08	3.722803e+01	1.535500e+03
2.020000e-06	5.192278e-06	2.333774e-08	3.664844e+01	1.530605e+03
2.030000e-06	5.108501e-06	2.328492e-08	3.605713e+01	1.525211e+03
2.040000e-06	5.022873e-06	2.320741e-08	3.545274e+01	1.519515e+03
2.050000e-06	4.935312e-06	2.312486e-08	3.483471e+01	1.513763e+03
2.060000e-06	4.846029e-06	2.305509e-08	3.420453e+01	1.508165e+03
2.070000e-06	4.755249e-06	2.296126e-08	3.356378e+01	1.502829e+03
2.080000e-06	4.662905e-06	2.288248e-08	3.291199e+01	1.497723e+03
2.090000e-06	4.568784e-06	2.278123e-08	3.224766e+01	1.492675e+03
2.100000e-06	4.472956e-06	2.269956e-08	3.157128e+01	1.487425e+03
2.110000e-06	4.375720e-06	2.260577e-08	3.088496e+01	1.481704e+03
2.120000e-06	4.277089e-06	2.250970e-08	3.018880e+01	1.475313e+03
2.130000e-06	4.176914e-06	2.240329e-08	2.948174e+01	1.468191e+03
2.140000e-06	4.075144e-06	2.229307e-08	2.876342e+01	1.460430e+03
2.150000e-06	3.971678e-06	2.218428e-08	2.803313e+01	1.452253e+03
2.160000e-06	3.866751e-06	2.206840e-08	2.729253e+01	1.443938e+03
2.170000e-06	3.760583e-06	2.195853e-08	2.654317e+01	1.435730e+03
2.180000e-06	3.653215e-06	2.183775e-08	2.578534e+01	1.427757e+03
2.190000e-06	3.544639e-06	2.171254e-08	2.501898e+01	1.419980e+03
2.200000e-06	3.434826e-06	2.157456e-08	2.424389e+01	1.412195e+03
2.210000e-06	3.323592e-06	2.143841e-08	2.345877e+01	1.404086e+03
2.220000e-06	3.210918e-06	2.129701e-08	2.266349e+01	1.395323e+03
2.230000e-06	3.097003e-06	2.115221e-08	2.185945e+01	1.385654e+03
2.240000e-06	2.981860e-06	2.099698e-08	2.104674e+01	1.374994e+03
2.250000e-06	2.865542e-06	2.083513e-08	2.022574e+01	1.363443e+03
2.260000e-06	2.748054e-06	2.066784e-08	1.939648e+01	1.351265e+03
2.270000e-06	2.629399e-06	2.049569e-08	1.855898e+01	1.338797e+03
2.280000e-06	2.509585e-06	2.032110e-08	1.771330e+01	1.326336e+03
2.290000e-06	2.388824e-06	2.013526e-08	1.686094e+01	1.314036e+03
2.300000e-06	2.267337e-06	1.993826e-08	1.600345e+01	1.301835e+03
2.310000e-06	2.145183e-06	1.972673e-08	1.514125e+01	1.289459e+03
2.320000e-06	2.022403e-06	1.950792e-08	1.427464e+01	1.276484e+03
2.330000e-06	1.899005e-06	1.927933e-08	1.340367e+01	1.262453e+03
2.340000e-06	1.774870e-06	1.904346e-08	1.252750e+01	1.247013e+03
2.350000e-06	1.650002e-06	1.879903e-08	1.164614e+01	1.230020e+03
2.360000e-06	1.524585e-06	1.854252e-08	1.076092e+01	1.211584e+03
2.370000e-06	1.398760e-06	1.826983e-08	9.872811e+00	1.192029e+03
2.380000e-06	1.272522e-06	1.798035e-08	8.981792e+00	1.171782e+03
2.390000e-06	1.145799e-06	1.767635e-08	8.087350e+00	1.151212e+03
2.400000e-06	1.018603e-06	1.735303e-08	7.189566e+00	1.130472e+03
2.410000e-06	8.909627e-07	1.701066e-08	6.288645e+00	1.109396e+03
2.420000e-06	7.629772e-07	1.664856e-08	5.385291e+00	1.087487e+03
2.430000e-06	6.347807e-07	1.626460e-08	4.480447e+00	1.064006e+03
2.440000e-06	5.063384e-07	1.585392e-08	3.573867e+00	1.038145e+03
2.450000e-06	3.777058e-07	1.541439e-08	2.665946e+00	1.009238e+03
2.460000e-06	2.489782e-07	1.494459e-08	1.757352e+00	9.769309e+02
2.470000e-06	1.201866e-07	1.443627e-08	8.483082e-01	9.412648e+02
2.480000e-06	-8.637289e-09	1.388578e-08	-6.096422e-02	9.026118e+02
2.490000e-06	-1.375212e-07	1.328610e-08	-9.706605e-01	8.614714e+02
2.500000e-06	-2.663971e-07	1.262922e-08	-1.880300e+00	8.181599e+02
2.510000e-06	-3.951697e-07	1.190998e-08	-2.789210e+00	7.724723e+02
2.520000e-06	-5.238045e-07	1.111813e-08	-3.697148e+00	7.234132e+02
2.530000e-06	-6.523255e-07	1.023888e-08	-4.604282e+00	6.690910e+02
2.540000e-06	-7.806892e-07	9.252126e-09	-5.510307e+00	6.068384e+02
2.550000e-06	-9.087241e-07	8.131353e-09	-6.414010e+00	5.335728e+02
2.560000e-06	-1.036382e-06	6.843693e-09	-7.315050e+00	4.463492e+02
2.570000e-06	-1.163620e-06	5.347103e-09	-8.213135e+00	3.430061e+02
2.580000e-06	-1.290339e-06	3.597419e-09	-9.107550e+00	2.227698e+02
2.590000e-06	-1.416555e-06	1.563623e-09	-9.998414e+00	8.667971e+01
2.600000e-06	-1.542354e-06	-7.388428e-10	-1.088633e+01	-6.227495e+01
2.610000e-06	-1.667600e-06	-3.206825e-09	-1.177035e+01	-2.193584e+02
2.620000e-06	-1.792087e-06	-5.719062e-09	-1.264901e+01	-3.786148e+02
2.630000e-06	-1.915807e-06	-8.180778e-09	-1.352226e+01	-5.336283e+02
2.640000e-06	-2.038691e-06	-1.045452e-08	-1.438961e+01	-6.783781e+02
2.650000e-06	-2.160795e-06	-1.242243e-08	-1.525145e+01	-8.080267e+02
2.660000e-06	-2.282255e-06	-1.406175e-08	-1.610875e+01	-9.194931e+02
2.670000e-06	-2.402957e-06	-1.540380e-08	-1.696069e+01	-1.011712e+03
2.680000e-06	-2.522708e-06	-1.649767e-08	-1.780593e+01	-1.085547e+03
2.690000e-06	-2.641479e-06	-1.739158e-08	-1.864424e+01	-1.143388e+03
2.700000e-06	-2.759168e-06	-1.812660e-08	-1.947492e+01	-1.188552e+03
2.710000e-06	-2.875666e-06	-1.873813e-08	-2.029719e+01	-1.224605e+03
2.720000e-06	-2.990941e-06	-1.925122e-08	-2.111084e+01	-1.254755e+03
2.730000e-06	-3.104955e-06	-1.968567e-08	-2.191558e+01	-1.281423e+03
2.740000e-06	-3.217728e-06	-2.005955e-08	-2.271156e+01	-1.306068e+03
2.750000e-06	-3.329206e-06	-2.038677e-08	-2.349840e+01	-1.329236e+03
2.760000e-06	-3.439377e-06	-2.067866e-08	-2.427601e+01	-1.350811e+03
2.770000e-06	-3.548390e-06	-2.094142e-08	-2.504546e+01	-1.370359e+03
2.780000e-06	-3.656328e-06	-2.118121e-08	-2.580731e+01	-1.387463e+03
2.790000e-06	-3.763158e-06	-2.140191e-08	-2.656134e+01	-1.401972e+03
2.800000e-06	-3.868732e-06	-2.160159e-08	-2.730652e+01	-1.414110e+03
2.810000e-06	-3.972860e-06	-2.178110e-08	-2.804148e+01	-1.424435e+03
2.820000e-06	-4.075462e-06	-2.194633e-08	-2.876567e+01	-1.433686e+03
2.830000e-06	-4.176499e-06	-2.210124e-08	-2.947881e+01	-1.442582e+03
2.840000e-06	-4.276036e-06	-2.224802e-08	-3.018137e+01	-1.451635e+03
2.850000e-06	-4.374182e-06	-2.238678e-08	-3.087411e+01	-1.461036e+03
2.860000e-06	-4.470880e-06	-2.251680e-08	-3.155663e+01	-1.470650e+03
2.870000e-06	-4.566023e-06	-2.263871e-08	-3.222818e+01	-1.480095e+03
2.880000e-06	-4.659495e-06	-2.275288e-08	-3.288793e+01	-1.488902e+03
2.890000e-06	-4.751247e-06	-2.285916e-08	-3.353553e+01	-1.496676e+03
2.900000e-06	-4.841276e-06	-2.295770e-08	-3.417098e+01	-1.503225e+03
2.910000e-06	-4.929543e-06	-2.304902e-08	-3.479400e+01	-1.508623e+03
2.920000e-06	-5.016015e-06	-2.313301e-08	-3.540434e+01	-1.513177e+03
2.930000e-06	-5.100564e-06	-2.321164e-08	-3.600111e+01	-1.517335e+03
2.940000e-06	-5.183299e-06	-2.328928e-08	-3.658507e+01	-1.521545e+03
2.950000e-06	-5.264346e-06	-2.336582e-08	-3.715712e+01	-1.526130e+03
2.960000e-06	-5.343465e-06	-2.343943e-08	-3.771556e+01	-1.531202e+03
2.970000e-06	-5.420371e-06	-2.350988e-08	-3.825838e+01	-1.536646e+03
2.980000e-06	-5.495114e-06	-2.357680e-08	-3.878594e+01	-1.542170e+03
2.990000e-06	-5.567906e-06	-2.364084e-08	-3.929972e+01	-1.547412e+03
3.000000e-06	-5.638698e-06	-2.370171e-08	-3.979939e+01	-1.552055e+03
3.010000e-06	-5.707356e-06	-2.375988e-08	-4.028400e+01	-1.555925e+03
3.020000e-06	-5.773944e-06	-2.381662e-08	-4.075399e+01	-1.559040e+03
3.030000e-06	-5.838572e-06	-2.387086e-08	-4.121016e+01	-1.561595e+03
3.040000e-06	-5.901095e-06	-2.392096e-08	-4.165146e+01	-1.563897e+03
3.050000e-06	-5.961436e-06	-2.396752e-08	-4.207736e+01	-1.566263e+03
3.060000e-06	-6.019690e-06	-2.401144e-08	-4.248854e+01	-1.568921e+03
3.070000e-06	-6.075886e-06	-2.405256e-08	-4.288518e+01	-1.571946e+03
3.080000e-06	-6.129831e-06	-2.408954e-08	-4.326594e+01	-1.575239e+03
3.090000e-06	-6.181247e-06	-2.412472e-08	-4.362885e+01	-1.578568e+03
3.100000e-06	-6.230036e-06	-2.415684e-08	-4.397321e+01	-1.581645e+03
3.110000e-06	-6.276445e-06	-2.418814e-08	-4.430078e+01	-1.584218e+03
3.120000e-06	-6.320857e-06	-2.421874e-08	-4.461425e+01	-1.586154e+03
3.130000e-06	-6.363262e-06	-2.424665e-08	-4.491356e+01	-1.587475e+03
3.140000e-06	-6.403548e-06	-2.427153e-08	-4.519790e+01	-1.588351e+03
3.150000e-06	-6.441561e-06	-2.429449e-08	-4.546621e+01	-1.589044e+03
3.160000e-06	-6.477216e-06	-2.431708e-08	-4.571787e+01	-1.589827e+03
3.170000e-06	-6.510629e-06	-2.433600e-08	-4.595371e+01	-1.590896e+03
3.180000e-06	-6.541717e-06	-2.435167e-08	-4.617314e+01	-1.592318e+03
3.190000e-06	-6.570399e-06	-2.436441e-08	-4.637558e+01	-1.594008e+03
3.200000e-06	-6.596771e-06	-2.437629e-08	-4.656172e+01	-1.595763e+03
3.210000e-06	-6.620840e-06	-2.438861e-08	-4.673160e+01	-1.597328e+03
3.220000e-06	-6.642425e-06	-2.440084e-08	-4.688396e+01	-1.598476e+03
3.230000e-06	-6.661614e-06	-2.440981e-08	-4.701940e+01	-1.599080e+03
3.240000e-06	-6.678548e-06	-2.441468e-08	-4.713892e+01	-1.599154e+03
3.250000e-06	-6.692860e-06	-2.441708e-08	-4.723994e+01	-1.598842e+03
3.260000e-06	-6.704448e-06	-2.441953e-08	-4.732174e+01	-1.598376e+03
3.270000e-06	-6.713624e-06	-2.442048e-08	-4.738650e+01	-1.597998e+03
3.280000e-06	-6.720393e-06	-2.441866e-08	-4.743427e+01	-1.597889e+03
3.290000e-06	-6.724720e-06	-2.441415e-08	-4.746482e+01	-1.598112e+03
3.300000e-06	-6.726761e-06	-2.440744e-08	-4.747922e+01	-1.598593e+03
3.310000e-06	-6.726537e-06	-2.440297e-08	-4.747764e+01	-1.599145e+03
