# Temperatura_=_79.01
# Concentracion g/m^3_=_28200.0
# C_Vs_to_Am_M_A/Vsm_=_65563218390.804596
# pendiente_HvsI_1/m_=_3716.3
# ordenada_HvsI_A/m_=_1297.0
# frecuencia_Hz_=_301957.3805488558

Tiempo_(s)	Campo_(V.s)	Magnetizacion_(V.s)	Campo_(kA/m)	Magnetizacion_(A/m)
0.000000e+00	-5.894263e-06	-2.481133e-08	-4.193060e+01	-1.623603e+03
1.000000e-08	-5.891039e-06	-2.480794e-08	-4.190766e+01	-1.623108e+03
2.000000e-08	-5.885880e-06	-2.479346e-08	-4.187096e+01	-1.622425e+03
3.000000e-08	-5.878926e-06	-2.477762e-08	-4.182149e+01	-1.621555e+03
4.000000e-08	-5.870210e-06	-2.475852e-08	-4.175949e+01	-1.620501e+03
5.000000e-08	-5.859296e-06	-2.473626e-08	-4.168185e+01	-1.619265e+03
6.000000e-08	-5.846111e-06	-2.471300e-08	-4.158805e+01	-1.617849e+03
7.000000e-08	-5.830804e-06	-2.467527e-08	-4.147916e+01	-1.616256e+03
8.000000e-08	-5.813332e-06	-2.467276e-08	-4.135487e+01	-1.614488e+03
9.000000e-08	-5.793757e-06	-2.473538e-08	-4.121561e+01	-1.612553e+03
1.000000e-07	-5.771963e-06	-2.466263e-08	-4.106058e+01	-1.610460e+03
1.100000e-07	-5.747961e-06	-2.455422e-08	-4.088983e+01	-1.608219e+03
1.200000e-07	-5.721757e-06	-2.453983e-08	-4.070342e+01	-1.605845e+03
1.300000e-07	-5.693802e-06	-2.440869e-08	-4.050455e+01	-1.603345e+03
1.400000e-07	-5.664490e-06	-2.433778e-08	-4.029604e+01	-1.600725e+03
1.500000e-07	-5.633524e-06	-2.453593e-08	-4.007575e+01	-1.597976e+03
1.600000e-07	-5.600729e-06	-2.434087e-08	-3.984245e+01	-1.595083e+03
1.700000e-07	-5.566026e-06	-2.427086e-08	-3.959558e+01	-1.592017e+03
1.800000e-07	-5.529277e-06	-2.438864e-08	-3.933416e+01	-1.588744e+03
1.900000e-07	-5.490575e-06	-2.409910e-08	-3.905884e+01	-1.585230e+03
2.000000e-07	-5.450047e-06	-2.413354e-08	-3.877053e+01	-1.581444e+03
2.100000e-07	-5.407425e-06	-2.414510e-08	-3.846733e+01	-1.577369e+03
2.200000e-07	-5.362736e-06	-2.394703e-08	-3.814942e+01	-1.572998e+03
2.300000e-07	-5.316069e-06	-2.394510e-08	-3.781744e+01	-1.568341e+03
2.400000e-07	-5.267058e-06	-2.386254e-08	-3.746879e+01	-1.563415e+03
2.500000e-07	-5.215620e-06	-2.376361e-08	-3.710286e+01	-1.558244e+03
2.600000e-07	-5.161999e-06	-2.373103e-08	-3.672142e+01	-1.552846e+03
2.700000e-07	-5.106588e-06	-2.359963e-08	-3.632724e+01	-1.547231e+03
2.800000e-07	-5.049384e-06	-2.350905e-08	-3.592029e+01	-1.541396e+03
2.900000e-07	-4.990179e-06	-2.340611e-08	-3.549912e+01	-1.535326e+03
3.000000e-07	-4.929125e-06	-2.334185e-08	-3.506479e+01	-1.528995e+03
3.100000e-07	-4.866344e-06	-2.323219e-08	-3.461819e+01	-1.522379e+03
3.200000e-07	-4.801763e-06	-2.310841e-08	-3.415877e+01	-1.515453e+03
3.300000e-07	-4.735283e-06	-2.301468e-08	-3.368584e+01	-1.508204e+03
3.400000e-07	-4.667010e-06	-2.285370e-08	-3.320016e+01	-1.500632e+03
3.500000e-07	-4.597031e-06	-2.276398e-08	-3.270235e+01	-1.492746e+03
3.600000e-07	-4.525562e-06	-2.264110e-08	-3.219393e+01	-1.484559e+03
3.700000e-07	-4.452550e-06	-2.251902e-08	-3.167454e+01	-1.476087e+03
3.800000e-07	-4.377631e-06	-2.239190e-08	-3.114158e+01	-1.467332e+03
3.900000e-07	-4.300916e-06	-2.221499e-08	-3.059584e+01	-1.458288e+03
4.000000e-07	-4.222480e-06	-2.207622e-08	-3.003787e+01	-1.448932e+03
4.100000e-07	-4.142280e-06	-2.194119e-08	-2.946734e+01	-1.439232e+03
4.200000e-07	-4.060611e-06	-2.179831e-08	-2.888636e+01	-1.429151e+03
4.300000e-07	-3.977678e-06	-2.162497e-08	-2.829639e+01	-1.418655e+03
4.400000e-07	-3.893552e-06	-2.145202e-08	-2.769794e+01	-1.407720e+03
4.500000e-07	-3.808233e-06	-2.127605e-08	-2.709100e+01	-1.396334e+03
4.600000e-07	-3.721654e-06	-2.108663e-08	-2.647510e+01	-1.384499e+03
4.700000e-07	-3.634019e-06	-2.091346e-08	-2.585168e+01	-1.372222e+03
4.800000e-07	-3.545044e-06	-2.072322e-08	-2.521872e+01	-1.359513e+03
4.900000e-07	-3.454458e-06	-2.051374e-08	-2.457431e+01	-1.346369e+03
5.000000e-07	-3.362595e-06	-2.029781e-08	-2.392082e+01	-1.332775e+03
5.100000e-07	-3.269539e-06	-2.008055e-08	-2.325884e+01	-1.318693e+03
5.200000e-07	-3.175335e-06	-1.985722e-08	-2.258869e+01	-1.304075e+03
5.300000e-07	-3.080069e-06	-1.962455e-08	-2.191099e+01	-1.288862e+03
5.400000e-07	-2.983674e-06	-1.938318e-08	-2.122526e+01	-1.272993e+03
5.500000e-07	-2.885996e-06	-1.912539e-08	-2.053039e+01	-1.256421e+03
5.600000e-07	-2.787099e-06	-1.885291e-08	-1.982686e+01	-1.239109e+03
5.700000e-07	-2.687179e-06	-1.857469e-08	-1.911605e+01	-1.221038e+03
5.800000e-07	-2.586284e-06	-1.828877e-08	-1.839830e+01	-1.202194e+03
5.900000e-07	-2.484435e-06	-1.799134e-08	-1.767377e+01	-1.182566e+03
6.000000e-07	-2.381735e-06	-1.767468e-08	-1.694318e+01	-1.162131e+03
6.100000e-07	-2.278319e-06	-1.734714e-08	-1.620750e+01	-1.140844e+03
6.200000e-07	-2.174039e-06	-1.700756e-08	-1.546567e+01	-1.118634e+03
6.300000e-07	-2.068751e-06	-1.664958e-08	-1.471668e+01	-1.095404e+03
6.400000e-07	-1.962543e-06	-1.627414e-08	-1.396113e+01	-1.071040e+03
6.500000e-07	-1.855587e-06	-1.587835e-08	-1.320027e+01	-1.045419e+03
6.600000e-07	-1.748047e-06	-1.546507e-08	-1.243525e+01	-1.018421e+03
6.700000e-07	-1.639928e-06	-1.503085e-08	-1.166611e+01	-9.899346e+02
6.800000e-07	-1.531301e-06	-1.457498e-08	-1.089337e+01	-9.598617e+02
6.900000e-07	-1.422217e-06	-1.409230e-08	-1.011736e+01	-9.281105e+02
7.000000e-07	-1.312658e-06	-1.357961e-08	-9.337985e+00	-8.945877e+02
7.100000e-07	-1.202636e-06	-1.303392e-08	-8.555310e+00	-8.591886e+02
7.200000e-07	-1.092220e-06	-1.245750e-08	-7.769831e+00	-8.217921e+02
7.300000e-07	-9.815292e-07	-1.185236e-08	-6.982400e+00	-7.822629e+02
7.400000e-07	-8.705686e-07	-1.121584e-08	-6.193049e+00	-7.404662e+02
7.500000e-07	-7.593424e-07	-1.054443e-08	-5.401808e+00	-6.962909e+02
7.600000e-07	-6.478741e-07	-9.832156e-09	-4.608846e+00	-6.496805e+02
7.700000e-07	-5.362026e-07	-9.082238e-09	-3.814437e+00	-6.006615e+02
7.800000e-07	-4.243535e-07	-8.296468e-09	-3.018765e+00	-5.493640e+02
7.900000e-07	-3.123457e-07	-7.482321e-09	-2.221964e+00	-4.960252e+02
8.000000e-07	-2.002252e-07	-6.644861e-09	-1.424361e+00	-4.409724e+02
8.100000e-07	-8.802495e-08	-5.787207e-09	-6.261917e-01	-3.845847e+02
8.200000e-07	2.427667e-08	-4.914456e-09	1.726993e-01	-3.272400e+02
8.300000e-07	1.366139e-07	-4.030291e-09	9.718434e-01	-2.692555e+02
8.400000e-07	2.489246e-07	-3.140707e-09	1.770799e+00	-2.108354e+02
8.500000e-07	3.611415e-07	-2.245444e-09	2.569087e+00	-1.520372e+02
8.600000e-07	4.731781e-07	-1.344241e-09	3.366093e+00	-9.276659e+01
8.700000e-07	5.850265e-07	-4.319378e-10	4.161760e+00	-3.280434e+01
8.800000e-07	6.967319e-07	4.959545e-10	4.956410e+00	2.813708e+01
8.900000e-07	8.082700e-07	1.441523e-09	5.749869e+00	9.033678e+01
9.000000e-07	9.195604e-07	2.408655e-09	6.541567e+00	1.539826e+02
9.100000e-07	1.030572e-06	3.397622e-09	7.331279e+00	2.190985e+02
9.200000e-07	1.141275e-06	4.405713e-09	8.118796e+00	2.854960e+02
9.300000e-07	1.251679e-06	5.428868e-09	8.904195e+00	3.527612e+02
9.400000e-07	1.361710e-06	6.460127e-09	9.686930e+00	4.202800e+02
9.500000e-07	1.471243e-06	7.482421e-09	1.046613e+01	4.872964e+02
9.600000e-07	1.580247e-06	8.481001e-09	1.124156e+01	5.529955e+02
9.700000e-07	1.688735e-06	9.445972e-09	1.201332e+01	6.165941e+02
9.800000e-07	1.796611e-06	1.036529e-08	1.278072e+01	6.774237e+02
9.900000e-07	1.903819e-06	1.123305e-08	1.354339e+01	7.349925e+02
1.000000e-06	2.010418e-06	1.204898e-08	1.430170e+01	7.890166e+02
1.010000e-06	2.116203e-06	1.281186e-08	1.505424e+01	8.394188e+02
1.020000e-06	2.221044e-06	1.352336e-08	1.580006e+01	8.862984e+02
1.030000e-06	2.324943e-06	1.418508e-08	1.653917e+01	9.298818e+02
1.040000e-06	2.427901e-06	1.480104e-08	1.727160e+01	9.704645e+02
1.050000e-06	2.529990e-06	1.537604e-08	1.799783e+01	1.008358e+03
1.060000e-06	2.631220e-06	1.591703e-08	1.871796e+01	1.043847e+03
1.070000e-06	2.731602e-06	1.642313e-08	1.943206e+01	1.077169e+03
1.080000e-06	2.831152e-06	1.689887e-08	2.014024e+01	1.108508e+03
1.090000e-06	2.929747e-06	1.734575e-08	2.084163e+01	1.138002e+03
1.100000e-06	3.027017e-06	1.776477e-08	2.153359e+01	1.165763e+03
1.110000e-06	3.122959e-06	1.815952e-08	2.221610e+01	1.191895e+03
1.120000e-06	3.217853e-06	1.853266e-08	2.289116e+01	1.216505e+03
1.130000e-06	3.311751e-06	1.888649e-08	2.355912e+01	1.239712e+03
1.140000e-06	3.404555e-06	1.922280e-08	2.421932e+01	1.261639e+03
1.150000e-06	3.496244e-06	1.954237e-08	2.487157e+01	1.282411e+03
1.160000e-06	3.586737e-06	1.984340e-08	2.551532e+01	1.302140e+03
1.170000e-06	3.675759e-06	2.012950e-08	2.614861e+01	1.320915e+03
1.180000e-06	3.763420e-06	2.039917e-08	2.677221e+01	1.338802e+03
1.190000e-06	3.849901e-06	2.065530e-08	2.738742e+01	1.355841e+03
1.200000e-06	3.935127e-06	2.089860e-08	2.799370e+01	1.372059e+03
1.210000e-06	4.019117e-06	2.113255e-08	2.859119e+01	1.387474e+03
1.220000e-06	4.101777e-06	2.135482e-08	2.917921e+01	1.402109e+03
1.230000e-06	4.182864e-06	2.156478e-08	2.975605e+01	1.415996e+03
1.240000e-06	4.262329e-06	2.176417e-08	3.032135e+01	1.429181e+03
1.250000e-06	4.340287e-06	2.195379e-08	3.087592e+01	1.441721e+03
1.260000e-06	4.416703e-06	2.213497e-08	3.141953e+01	1.453673e+03
1.270000e-06	4.491369e-06	2.230980e-08	3.195069e+01	1.465091e+03
1.280000e-06	4.564153e-06	2.247758e-08	3.246846e+01	1.476015e+03
1.290000e-06	4.635177e-06	2.263715e-08	3.297371e+01	1.486471e+03
1.300000e-06	4.704588e-06	2.278912e-08	3.346749e+01	1.496467e+03
1.310000e-06	4.772389e-06	2.293378e-08	3.394981e+01	1.505997e+03
1.320000e-06	4.838383e-06	2.307079e-08	3.441928e+01	1.515052e+03
1.330000e-06	4.902498e-06	2.320029e-08	3.487538e+01	1.523627e+03
1.340000e-06	4.964906e-06	2.332476e-08	3.531934e+01	1.531722e+03
1.350000e-06	5.025712e-06	2.344325e-08	3.575190e+01	1.539352e+03
1.360000e-06	5.084943e-06	2.355602e-08	3.617326e+01	1.546540e+03
1.370000e-06	5.142258e-06	2.366035e-08	3.658098e+01	1.553322e+03
1.380000e-06	5.197504e-06	2.375644e-08	3.697399e+01	1.559733e+03
1.390000e-06	5.250910e-06	2.384643e-08	3.735391e+01	1.565808e+03
1.400000e-06	5.302250e-06	2.393139e-08	3.771914e+01	1.571577e+03
1.410000e-06	5.351325e-06	2.401362e-08	3.806825e+01	1.577059e+03
1.420000e-06	5.398348e-06	2.409355e-08	3.840276e+01	1.582266e+03
1.430000e-06	5.443579e-06	2.416851e-08	3.872452e+01	1.587204e+03
1.440000e-06	5.487097e-06	2.423812e-08	3.903410e+01	1.591877e+03
1.450000e-06	5.528557e-06	2.430640e-08	3.932904e+01	1.596284e+03
1.460000e-06	5.567909e-06	2.437383e-08	3.960898e+01	1.600429e+03
1.470000e-06	5.605433e-06	2.443652e-08	3.987591e+01	1.604314e+03
1.480000e-06	5.641113e-06	2.449154e-08	4.012973e+01	1.607942e+03
1.490000e-06	5.674704e-06	2.454099e-08	4.036870e+01	1.611315e+03
1.500000e-06	5.706196e-06	2.458539e-08	4.059273e+01	1.614433e+03
1.510000e-06	5.735804e-06	2.462576e-08	4.080335e+01	1.617292e+03
1.520000e-06	5.763551e-06	2.466508e-08	4.100074e+01	1.619887e+03
1.530000e-06	5.789143e-06	2.470308e-08	4.118279e+01	1.622216e+03
1.540000e-06	5.812438e-06	2.473789e-08	4.134851e+01	1.624278e+03
1.550000e-06	5.833685e-06	2.476773e-08	4.149965e+01	1.626076e+03
1.560000e-06	5.853069e-06	2.479230e-08	4.163755e+01	1.627622e+03
1.570000e-06	5.870378e-06	2.481087e-08	4.176068e+01	1.628928e+03
1.580000e-06	5.885404e-06	2.482401e-08	4.186758e+01	1.630013e+03
1.590000e-06	5.898249e-06	2.483505e-08	4.195895e+01	1.630894e+03
1.600000e-06	5.908713e-06	2.484521e-08	4.203339e+01	1.631586e+03
1.610000e-06	5.916804e-06	2.485577e-08	4.209095e+01	1.632098e+03
1.620000e-06	5.922797e-06	2.486495e-08	4.213358e+01	1.632434e+03
1.630000e-06	5.926875e-06	2.487111e-08	4.216259e+01	1.632595e+03
1.640000e-06	5.928802e-06	2.487502e-08	4.217630e+01	1.632576e+03
1.650000e-06	5.928512e-06	2.487594e-08	4.217423e+01	1.632374e+03
1.660000e-06	5.926344e-06	2.486335e-08	4.215881e+01	1.631985e+03
1.670000e-06	5.922394e-06	2.485461e-08	4.213071e+01	1.631408e+03
1.680000e-06	5.916409e-06	2.484637e-08	4.208814e+01	1.630642e+03
1.690000e-06	5.908362e-06	2.483206e-08	4.203089e+01	1.629691e+03
1.700000e-06	5.898515e-06	2.481736e-08	4.196084e+01	1.628557e+03
1.710000e-06	5.886777e-06	2.480463e-08	4.187734e+01	1.627241e+03
1.720000e-06	5.872859e-06	2.481086e-08	4.177833e+01	1.625747e+03
1.730000e-06	5.856904e-06	2.475635e-08	4.166483e+01	1.624076e+03
1.740000e-06	5.838996e-06	2.461120e-08	4.153744e+01	1.622234e+03
1.750000e-06	5.818342e-06	2.463726e-08	4.139051e+01	1.620228e+03
1.760000e-06	5.794683e-06	2.466219e-08	4.122220e+01	1.618068e+03
1.770000e-06	5.768823e-06	2.461751e-08	4.103824e+01	1.615766e+03
1.780000e-06	5.741590e-06	2.475666e-08	4.084451e+01	1.613335e+03
1.790000e-06	5.713525e-06	2.452548e-08	4.064486e+01	1.610782e+03
1.800000e-06	5.683903e-06	2.438042e-08	4.043414e+01	1.608106e+03
1.810000e-06	5.651749e-06	2.458330e-08	4.020540e+01	1.605297e+03
1.820000e-06	5.617727e-06	2.431957e-08	3.996338e+01	1.602331e+03
1.830000e-06	5.581973e-06	2.438332e-08	3.970903e+01	1.599179e+03
1.840000e-06	5.543851e-06	2.448547e-08	3.943784e+01	1.595805e+03
1.850000e-06	5.503688e-06	2.410823e-08	3.915212e+01	1.592175e+03
1.860000e-06	5.461635e-06	2.423765e-08	3.885297e+01	1.588265e+03
1.870000e-06	5.417902e-06	2.416177e-08	3.854186e+01	1.584060e+03
1.880000e-06	5.372457e-06	2.400304e-08	3.821857e+01	1.579563e+03
1.890000e-06	5.324716e-06	2.412244e-08	3.787895e+01	1.574786e+03
1.900000e-06	5.274909e-06	2.382293e-08	3.752464e+01	1.569751e+03
1.910000e-06	5.222971e-06	2.385478e-08	3.715516e+01	1.564478e+03
1.920000e-06	5.168688e-06	2.384579e-08	3.676900e+01	1.558985e+03
1.930000e-06	5.112484e-06	2.362768e-08	3.636918e+01	1.553275e+03
1.940000e-06	5.054455e-06	2.364131e-08	3.595637e+01	1.547339e+03
1.950000e-06	4.994683e-06	2.344371e-08	3.553116e+01	1.541159e+03
1.960000e-06	4.932988e-06	2.344153e-08	3.509228e+01	1.534707e+03
1.970000e-06	4.869329e-06	2.329309e-08	3.463942e+01	1.527958e+03
1.980000e-06	4.803943e-06	2.313420e-08	3.417428e+01	1.520893e+03
1.990000e-06	4.736878e-06	2.315919e-08	3.369719e+01	1.513503e+03
2.000000e-06	4.668239e-06	2.294259e-08	3.320891e+01	1.505793e+03
2.010000e-06	4.597675e-06	2.286816e-08	3.270693e+01	1.497774e+03
2.020000e-06	4.525328e-06	2.268057e-08	3.219227e+01	1.489462e+03
2.030000e-06	4.451457e-06	2.257865e-08	3.166676e+01	1.480866e+03
2.040000e-06	4.375911e-06	2.251527e-08	3.112934e+01	1.471987e+03
2.050000e-06	4.298524e-06	2.229525e-08	3.057883e+01	1.462811e+03
2.060000e-06	4.219330e-06	2.219358e-08	3.001546e+01	1.453310e+03
2.070000e-06	4.138745e-06	2.200067e-08	2.944219e+01	1.443450e+03
2.080000e-06	4.056792e-06	2.186929e-08	2.885920e+01	1.433193e+03
2.090000e-06	3.973465e-06	2.169913e-08	2.826643e+01	1.422508e+03
2.100000e-06	3.888778e-06	2.153625e-08	2.766398e+01	1.411378e+03
2.110000e-06	3.802482e-06	2.138301e-08	2.705009e+01	1.399797e+03
2.120000e-06	3.714829e-06	2.116620e-08	2.642654e+01	1.387770e+03
2.130000e-06	3.625995e-06	2.100097e-08	2.579459e+01	1.375305e+03
2.140000e-06	3.535898e-06	2.078788e-08	2.515366e+01	1.362409e+03
2.150000e-06	3.444649e-06	2.060573e-08	2.450454e+01	1.349073e+03
2.160000e-06	3.352295e-06	2.039263e-08	2.384755e+01	1.335273e+03
2.170000e-06	3.258613e-06	2.017759e-08	2.318111e+01	1.320966e+03
2.180000e-06	3.163549e-06	1.994184e-08	2.250485e+01	1.306099e+03
2.190000e-06	3.067369e-06	1.969763e-08	2.182065e+01	1.290609e+03
2.200000e-06	2.970137e-06	1.946667e-08	2.112895e+01	1.274443e+03
2.210000e-06	2.871866e-06	1.921125e-08	2.042987e+01	1.257555e+03
2.220000e-06	2.772605e-06	1.895114e-08	1.972375e+01	1.239917e+03
2.230000e-06	2.672449e-06	1.866475e-08	1.901126e+01	1.221514e+03
2.240000e-06	2.571282e-06	1.838287e-08	1.829158e+01	1.202334e+03
2.250000e-06	2.468911e-06	1.807877e-08	1.756333e+01	1.182362e+03
2.260000e-06	2.365547e-06	1.776170e-08	1.682803e+01	1.161567e+03
2.270000e-06	2.261321e-06	1.743063e-08	1.608658e+01	1.139892e+03
2.280000e-06	2.156266e-06	1.708760e-08	1.533924e+01	1.117256e+03
2.290000e-06	2.050445e-06	1.672577e-08	1.458645e+01	1.093553e+03
2.300000e-06	1.943935e-06	1.634437e-08	1.382876e+01	1.068663e+03
2.310000e-06	1.836893e-06	1.595092e-08	1.306729e+01	1.042465e+03
2.320000e-06	1.729433e-06	1.553418e-08	1.230284e+01	1.014839e+03
2.330000e-06	1.621498e-06	1.509479e-08	1.153501e+01	9.856827e+02
2.340000e-06	1.512964e-06	1.462427e-08	1.076292e+01	9.548997e+02
2.350000e-06	1.403837e-06	1.413278e-08	9.986614e+00	9.223991e+02
2.360000e-06	1.294210e-06	1.361168e-08	9.206751e+00	8.880839e+02
2.370000e-06	1.184255e-06	1.305963e-08	8.424547e+00	8.518426e+02
2.380000e-06	1.074005e-06	1.247136e-08	7.640257e+00	8.135470e+02
2.390000e-06	9.633648e-07	1.185019e-08	6.853182e+00	7.730598e+02
2.400000e-06	8.523646e-07	1.119761e-08	6.063549e+00	7.302529e+02
2.410000e-06	7.410463e-07	1.050990e-08	5.271654e+00	6.850347e+02
2.420000e-06	6.293567e-07	9.788806e-09	4.477117e+00	6.373810e+02
2.430000e-06	5.173639e-07	9.030540e-09	3.680422e+00	5.873612e+02
2.440000e-06	4.051474e-07	8.237809e-09	2.882137e+00	5.351519e+02
2.450000e-06	2.928113e-07	7.408809e-09	2.083000e+00	4.810324e+02
2.460000e-06	1.804008e-07	6.554178e-09	1.283334e+00	4.253578e+02
2.470000e-06	6.787560e-08	5.685353e-09	4.828533e-01	3.685138e+02
2.480000e-06	-4.469418e-08	4.806148e-09	-3.179453e-01	3.108596e+02
2.490000e-06	-1.572817e-07	3.916860e-09	-1.118870e+00	2.526695e+02
2.500000e-06	-2.697898e-07	3.020594e-09	-1.919230e+00	1.940874e+02
2.510000e-06	-3.821548e-07	2.119179e-09	-2.718572e+00	1.351046e+02
2.520000e-06	-4.944064e-07	1.207429e-09	-3.517107e+00	7.556793e+01
2.530000e-06	-6.064697e-07	2.838865e-10	-4.314302e+00	1.522064e+01
2.540000e-06	-7.182707e-07	-6.550380e-10	-5.109632e+00	-4.623132e+01
2.550000e-06	-8.296736e-07	-1.612164e-09	-5.902130e+00	-1.090379e+02
2.560000e-06	-9.406221e-07	-2.591702e-09	-6.691396e+00	-1.733245e+02
2.570000e-06	-1.051163e-06	-3.597757e-09	-7.477759e+00	-2.390279e+02
2.580000e-06	-1.161271e-06	-4.620226e-09	-8.261047e+00	-3.058627e+02
2.590000e-06	-1.271021e-06	-5.650355e-09	-9.041788e+00	-3.733237e+02
2.600000e-06	-1.380375e-06	-6.682569e-09	-9.819706e+00	-4.407272e+02
2.610000e-06	-1.489207e-06	-7.704992e-09	-1.059391e+01	-5.072811e+02
2.620000e-06	-1.597485e-06	-8.701921e-09	-1.136418e+01	-5.721729e+02
2.630000e-06	-1.705213e-06	-9.658172e-09	-1.213054e+01	-6.346595e+02
2.640000e-06	-1.812482e-06	-1.056858e-08	-1.289363e+01	-6.941420e+02
2.650000e-06	-1.919195e-06	-1.142945e-08	-1.365277e+01	-7.502160e+02
2.660000e-06	-2.025229e-06	-1.223612e-08	-1.440707e+01	-8.026881e+02
2.670000e-06	-2.130566e-06	-1.298608e-08	-1.515642e+01	-8.515617e+02
2.680000e-06	-2.235164e-06	-1.368094e-08	-1.590051e+01	-8.969976e+02
2.690000e-06	-2.338923e-06	-1.432922e-08	-1.663863e+01	-9.392588e+02
2.700000e-06	-2.441725e-06	-1.493696e-08	-1.736994e+01	-9.786535e+02
2.710000e-06	-2.543467e-06	-1.550661e-08	-1.809371e+01	-1.015486e+03
2.720000e-06	-2.644079e-06	-1.603847e-08	-1.880944e+01	-1.050023e+03
2.730000e-06	-2.743711e-06	-1.653448e-08	-1.951821e+01	-1.082477e+03
2.740000e-06	-2.842496e-06	-1.699911e-08	-2.022094e+01	-1.113012e+03
2.750000e-06	-2.940317e-06	-1.743503e-08	-2.091682e+01	-1.141753e+03
2.760000e-06	-3.037146e-06	-1.784629e-08	-2.160564e+01	-1.168805e+03
2.770000e-06	-3.133011e-06	-1.823734e-08	-2.228760e+01	-1.194273e+03
2.780000e-06	-3.227856e-06	-1.860723e-08	-2.296232e+01	-1.218269e+03
2.790000e-06	-3.321482e-06	-1.895267e-08	-2.362835e+01	-1.240914e+03
2.800000e-06	-3.413810e-06	-1.927822e-08	-2.428515e+01	-1.262333e+03
2.810000e-06	-3.504938e-06	-1.958849e-08	-2.493342e+01	-1.282647e+03
2.820000e-06	-3.594841e-06	-1.988505e-08	-2.557297e+01	-1.301960e+03
2.830000e-06	-3.683494e-06	-2.016711e-08	-2.620363e+01	-1.320350e+03
2.840000e-06	-3.770929e-06	-2.043493e-08	-2.682563e+01	-1.337872e+03
2.850000e-06	-3.856966e-06	-2.068877e-08	-2.743768e+01	-1.354559e+03
2.860000e-06	-3.941444e-06	-2.093043e-08	-2.803863e+01	-1.370432e+03
2.870000e-06	-4.024574e-06	-2.116243e-08	-2.863001e+01	-1.385511e+03
2.880000e-06	-4.106365e-06	-2.138423e-08	-2.921185e+01	-1.399823e+03
2.890000e-06	-4.186724e-06	-2.159635e-08	-2.978351e+01	-1.413405e+03
2.900000e-06	-4.265509e-06	-2.179739e-08	-3.034397e+01	-1.426308e+03
2.910000e-06	-4.342463e-06	-2.198716e-08	-3.089140e+01	-1.438591e+03
2.920000e-06	-4.417675e-06	-2.216553e-08	-3.142645e+01	-1.450310e+03
2.930000e-06	-4.491307e-06	-2.233479e-08	-3.195025e+01	-1.461515e+03
2.940000e-06	-4.563366e-06	-2.249776e-08	-3.246286e+01	-1.472239e+03
2.950000e-06	-4.633688e-06	-2.265561e-08	-3.296312e+01	-1.482499e+03
2.960000e-06	-4.702162e-06	-2.280566e-08	-3.345023e+01	-1.492298e+03
2.970000e-06	-4.768946e-06	-2.294581e-08	-3.392532e+01	-1.501628e+03
2.980000e-06	-4.834156e-06	-2.307870e-08	-3.438920e+01	-1.510480e+03
2.990000e-06	-4.897750e-06	-2.320602e-08	-3.484160e+01	-1.518850e+03
3.000000e-06	-4.959385e-06	-2.332605e-08	-3.528006e+01	-1.526745e+03
3.010000e-06	-5.019032e-06	-2.343931e-08	-3.570438e+01	-1.534184e+03
3.020000e-06	-5.077037e-06	-2.354846e-08	-3.611701e+01	-1.541196e+03
3.030000e-06	-5.133399e-06	-2.365141e-08	-3.651796e+01	-1.547816e+03
3.040000e-06	-5.187828e-06	-2.374817e-08	-3.690516e+01	-1.554081e+03
3.050000e-06	-5.240132e-06	-2.383916e-08	-3.727724e+01	-1.560024e+03
3.060000e-06	-5.290320e-06	-2.392567e-08	-3.763427e+01	-1.565670e+03
3.070000e-06	-5.338285e-06	-2.400615e-08	-3.797548e+01	-1.571035e+03
3.080000e-06	-5.384248e-06	-2.408333e-08	-3.830245e+01	-1.576129e+03
3.090000e-06	-5.428544e-06	-2.415642e-08	-3.861757e+01	-1.580955e+03
3.100000e-06	-5.471139e-06	-2.422573e-08	-3.892058e+01	-1.585515e+03
3.110000e-06	-5.511960e-06	-2.429180e-08	-3.921097e+01	-1.589812e+03
3.120000e-06	-5.550900e-06	-2.435249e-08	-3.948798e+01	-1.593847e+03
3.130000e-06	-5.587747e-06	-2.440827e-08	-3.975010e+01	-1.597623e+03
3.140000e-06	-5.622561e-06	-2.446352e-08	-3.999776e+01	-1.601144e+03
3.150000e-06	-5.655493e-06	-2.451775e-08	-4.023203e+01	-1.604410e+03
3.160000e-06	-5.686345e-06	-2.456606e-08	-4.045151e+01	-1.607420e+03
3.170000e-06	-5.715040e-06	-2.460668e-08	-4.065564e+01	-1.610168e+03
3.180000e-06	-5.741700e-06	-2.464218e-08	-4.084529e+01	-1.612652e+03
3.190000e-06	-5.766454e-06	-2.467450e-08	-4.102139e+01	-1.614868e+03
3.200000e-06	-5.789102e-06	-2.470544e-08	-4.118250e+01	-1.616818e+03
3.210000e-06	-5.809546e-06	-2.473262e-08	-4.132793e+01	-1.618508e+03
3.220000e-06	-5.828014e-06	-2.475370e-08	-4.145932e+01	-1.619951e+03
3.230000e-06	-5.844502e-06	-2.477235e-08	-4.157661e+01	-1.621163e+03
3.240000e-06	-5.858660e-06	-2.478908e-08	-4.167732e+01	-1.622160e+03
3.250000e-06	-5.870373e-06	-2.480363e-08	-4.176064e+01	-1.622961e+03
3.260000e-06	-5.879931e-06	-2.481174e-08	-4.182864e+01	-1.623576e+03
3.270000e-06	-5.887398e-06	-2.481619e-08	-4.188176e+01	-1.624015e+03
3.280000e-06	-5.892671e-06	-2.481798e-08	-4.191927e+01	-1.624278e+03
3.290000e-06	-5.895859e-06	-2.481667e-08	-4.194195e+01	-1.624365e+03
3.300000e-06	-5.897084e-06	-2.480861e-08	-4.195066e+01	-1.624270e+03
3.310000e-06	-5.896284e-06	-2.480446e-08	-4.194497e+01	-1.623990e+03
