# Temperatura_=_85.1
# Concentracion g/m^3_=_28200.0
# C_Vs_to_Am_M_A/Vsm_=_65563218390.804596
# pendiente_HvsI_1/m_=_3716.3
# ordenada_HvsI_A/m_=_1297.0
# frecuencia_Hz_=_301958.0936941008

Tiempo_(s)	Campo_(V.s)	Magnetizacion_(V.s)	Campo_(kA/m)	Magnetizacion_(A/m)
0.000000e+00	-5.876363e-06	-2.575784e-08	-4.193725e+01	-1.686931e+03
1.000000e-08	-5.874878e-06	-2.575606e-08	-4.192665e+01	-1.686573e+03
2.000000e-08	-5.871353e-06	-2.574847e-08	-4.190149e+01	-1.686035e+03
3.000000e-08	-5.865945e-06	-2.573471e-08	-4.186289e+01	-1.685316e+03
4.000000e-08	-5.858748e-06	-2.571972e-08	-4.181153e+01	-1.684411e+03
5.000000e-08	-5.849638e-06	-2.569918e-08	-4.174652e+01	-1.683315e+03
6.000000e-08	-5.838332e-06	-2.567702e-08	-4.166583e+01	-1.682019e+03
7.000000e-08	-5.824819e-06	-2.565421e-08	-4.156939e+01	-1.680514e+03
8.000000e-08	-5.809119e-06	-2.562454e-08	-4.145735e+01	-1.678799e+03
9.000000e-08	-5.791277e-06	-2.562803e-08	-4.133002e+01	-1.676878e+03
1.000000e-07	-5.771389e-06	-2.564482e-08	-4.118808e+01	-1.674762e+03
1.100000e-07	-5.749295e-06	-2.556892e-08	-4.103041e+01	-1.672472e+03
1.200000e-07	-5.724973e-06	-2.549051e-08	-4.085684e+01	-1.670032e+03
1.300000e-07	-5.698517e-06	-2.545591e-08	-4.066803e+01	-1.667467e+03
1.400000e-07	-5.670384e-06	-2.533970e-08	-4.046725e+01	-1.664792e+03
1.500000e-07	-5.640877e-06	-2.532997e-08	-4.025667e+01	-1.662013e+03
1.600000e-07	-5.609690e-06	-2.541382e-08	-4.003411e+01	-1.659117e+03
1.700000e-07	-5.576681e-06	-2.523795e-08	-3.979853e+01	-1.656077e+03
1.800000e-07	-5.541797e-06	-2.522029e-08	-3.954958e+01	-1.652853e+03
1.900000e-07	-5.504879e-06	-2.522701e-08	-3.928611e+01	-1.649398e+03
2.000000e-07	-5.466040e-06	-2.503405e-08	-3.900893e+01	-1.645671e+03
2.100000e-07	-5.425272e-06	-2.507144e-08	-3.871799e+01	-1.641640e+03
2.200000e-07	-5.382363e-06	-2.501221e-08	-3.841177e+01	-1.637291e+03
2.300000e-07	-5.337426e-06	-2.486365e-08	-3.809106e+01	-1.632626e+03
2.400000e-07	-5.290513e-06	-2.482908e-08	-3.775626e+01	-1.627665e+03
2.500000e-07	-5.241341e-06	-2.473172e-08	-3.740534e+01	-1.622435e+03
2.600000e-07	-5.189765e-06	-2.465071e-08	-3.703727e+01	-1.616963e+03
2.700000e-07	-5.136091e-06	-2.458211e-08	-3.665422e+01	-1.611267e+03
2.800000e-07	-5.080572e-06	-2.447749e-08	-3.625800e+01	-1.605351e+03
2.900000e-07	-5.023140e-06	-2.438022e-08	-3.584814e+01	-1.599202e+03
3.000000e-07	-4.963723e-06	-2.427088e-08	-3.542410e+01	-1.592793e+03
3.100000e-07	-4.902466e-06	-2.419735e-08	-3.498693e+01	-1.586090e+03
3.200000e-07	-4.839466e-06	-2.408017e-08	-3.453732e+01	-1.579062e+03
3.300000e-07	-4.774685e-06	-2.395578e-08	-3.407501e+01	-1.571687e+03
3.400000e-07	-4.708129e-06	-2.384215e-08	-3.360002e+01	-1.563958e+03
3.500000e-07	-4.639848e-06	-2.369548e-08	-3.311273e+01	-1.555883e+03
3.600000e-07	-4.569882e-06	-2.358171e-08	-3.261341e+01	-1.547480e+03
3.700000e-07	-4.498362e-06	-2.345295e-08	-3.210301e+01	-1.538775e+03
3.800000e-07	-4.425233e-06	-2.333180e-08	-3.158111e+01	-1.529783e+03
3.900000e-07	-4.350265e-06	-2.318354e-08	-3.104610e+01	-1.520511e+03
4.000000e-07	-4.273499e-06	-2.301297e-08	-3.049825e+01	-1.510946e+03
4.100000e-07	-4.194992e-06	-2.287243e-08	-2.993797e+01	-1.501060e+03
4.200000e-07	-4.114837e-06	-2.272093e-08	-2.936594e+01	-1.490812e+03
4.300000e-07	-4.033200e-06	-2.256062e-08	-2.878333e+01	-1.480162e+03
4.400000e-07	-3.950287e-06	-2.238042e-08	-2.819161e+01	-1.469072e+03
4.500000e-07	-3.866252e-06	-2.220383e-08	-2.759189e+01	-1.457521e+03
4.600000e-07	-3.781012e-06	-2.201699e-08	-2.698356e+01	-1.445499e+03
4.700000e-07	-3.694544e-06	-2.182733e-08	-2.636648e+01	-1.433013e+03
4.800000e-07	-3.606853e-06	-2.164590e-08	-2.574066e+01	-1.420075e+03
4.900000e-07	-3.517800e-06	-2.144311e-08	-2.510513e+01	-1.406692e+03
5.000000e-07	-3.427307e-06	-2.122348e-08	-2.445931e+01	-1.392861e+03
5.100000e-07	-3.335461e-06	-2.099629e-08	-2.380385e+01	-1.378560e+03
5.200000e-07	-3.242434e-06	-2.076991e-08	-2.313995e+01	-1.363749e+03
5.300000e-07	-3.148305e-06	-2.053196e-08	-2.246819e+01	-1.348372e+03
5.400000e-07	-3.053100e-06	-2.028787e-08	-2.178875e+01	-1.332369e+03
5.500000e-07	-2.956799e-06	-2.003353e-08	-2.110149e+01	-1.315682e+03
5.600000e-07	-2.859297e-06	-1.976330e-08	-2.040565e+01	-1.298265e+03
5.700000e-07	-2.760598e-06	-1.948081e-08	-1.970128e+01	-1.280087e+03
5.800000e-07	-2.660814e-06	-1.919307e-08	-1.898916e+01	-1.261132e+03
5.900000e-07	-2.560026e-06	-1.889721e-08	-1.826988e+01	-1.241389e+03
6.000000e-07	-2.458360e-06	-1.858384e-08	-1.754433e+01	-1.220842e+03
6.100000e-07	-2.355921e-06	-1.825204e-08	-1.681326e+01	-1.199460e+03
6.200000e-07	-2.252656e-06	-1.790630e-08	-1.607630e+01	-1.177186e+03
6.300000e-07	-2.148548e-06	-1.754843e-08	-1.533332e+01	-1.153937e+03
6.400000e-07	-2.043556e-06	-1.717397e-08	-1.458404e+01	-1.129607e+03
6.500000e-07	-1.937660e-06	-1.678317e-08	-1.382830e+01	-1.104076e+03
6.600000e-07	-1.830957e-06	-1.637185e-08	-1.306681e+01	-1.077220e+03
6.700000e-07	-1.723581e-06	-1.594008e-08	-1.230050e+01	-1.048922e+03
6.800000e-07	-1.615667e-06	-1.548582e-08	-1.153037e+01	-1.019078e+03
6.900000e-07	-1.507211e-06	-1.500531e-08	-1.075636e+01	-9.875928e+02
7.000000e-07	-1.398252e-06	-1.449821e-08	-9.978761e+00	-9.543762e+02
7.100000e-07	-1.288853e-06	-1.396182e-08	-9.198024e+00	-9.193292e+02
7.200000e-07	-1.179073e-06	-1.339484e-08	-8.414570e+00	-8.823356e+02
7.300000e-07	-1.068954e-06	-1.279698e-08	-7.628699e+00	-8.432581e+02
7.400000e-07	-9.584763e-07	-1.216771e-08	-6.840261e+00	-8.019455e+02
7.500000e-07	-8.476545e-07	-1.150313e-08	-6.049370e+00	-7.582511e+02
7.600000e-07	-7.365640e-07	-1.079892e-08	-5.256561e+00	-7.120613e+02
7.700000e-07	-6.253097e-07	-1.005178e-08	-4.462584e+00	-6.633279e+02
7.800000e-07	-5.138753e-07	-9.266420e-09	-3.667322e+00	-6.120967e+02
7.900000e-07	-4.023076e-07	-8.448543e-09	-2.871108e+00	-5.585244e+02
8.000000e-07	-2.906940e-07	-7.601498e-09	-2.074566e+00	-5.028762e+02
8.100000e-07	-1.789835e-07	-6.728426e-09	-1.277333e+00	-4.455006e+02
8.200000e-07	-6.718281e-08	-5.834178e-09	-4.794567e-01	-3.867854e+02
8.300000e-07	4.468184e-08	-4.927112e-09	3.188764e-01	-3.270997e+02
8.400000e-07	1.565599e-07	-4.007429e-09	1.117305e+00	-2.667345e+02
8.500000e-07	2.684070e-07	-3.079871e-09	1.915513e+00	-2.058543e+02
8.600000e-07	3.801756e-07	-2.147478e-09	2.713160e+00	-1.444718e+02
8.700000e-07	4.918171e-07	-1.204677e-09	3.509901e+00	-8.245333e+01
8.800000e-07	6.033345e-07	-2.449317e-10	4.305756e+00	-1.955722e+01
8.900000e-07	7.147009e-07	7.329097e-10	5.100533e+00	4.450119e+01
9.000000e-07	8.259192e-07	1.728622e-09	5.894254e+00	1.099679e+02
9.100000e-07	9.369368e-07	2.746902e-09	6.686541e+00	1.769685e+02
9.200000e-07	1.047705e-06	3.787054e-09	7.477053e+00	2.454413e+02
9.300000e-07	1.158156e-06	4.844084e-09	8.265292e+00	3.151005e+02
9.400000e-07	1.268165e-06	5.913151e-09	9.050384e+00	3.854358e+02
9.500000e-07	1.377705e-06	6.986525e-09	9.832131e+00	4.557508e+02
9.600000e-07	1.486800e-06	8.046603e-09	1.061070e+01	5.252322e+02
9.700000e-07	1.595390e-06	9.077548e-09	1.138565e+01	5.930385e+02
9.800000e-07	1.703446e-06	1.006989e-08	1.215681e+01	6.583914e+02
9.900000e-07	1.810968e-06	1.101312e-08	1.292415e+01	7.206549e+02
1.000000e-06	1.917854e-06	1.190230e-08	1.368696e+01	7.793888e+02
1.010000e-06	2.023907e-06	1.273451e-08	1.444381e+01	8.343703e+02
1.020000e-06	2.128985e-06	1.350975e-08	1.519371e+01	8.855826e+02
1.030000e-06	2.233098e-06	1.423147e-08	1.593672e+01	9.331773e+02
1.040000e-06	2.336365e-06	1.490163e-08	1.667370e+01	9.774201e+02
1.050000e-06	2.438836e-06	1.552750e-08	1.740499e+01	1.018631e+03
1.060000e-06	2.540445e-06	1.611328e-08	1.813014e+01	1.057134e+03
1.070000e-06	2.641190e-06	1.666311e-08	1.884911e+01	1.093218e+03
1.080000e-06	2.741133e-06	1.717821e-08	1.956236e+01	1.127117e+03
1.090000e-06	2.840228e-06	1.766181e-08	2.026957e+01	1.159013e+03
1.100000e-06	2.938201e-06	1.811679e-08	2.096876e+01	1.189042e+03
1.110000e-06	3.034787e-06	1.854458e-08	2.165806e+01	1.217317e+03
1.120000e-06	3.130156e-06	1.894842e-08	2.233866e+01	1.243944e+03
1.130000e-06	3.224509e-06	1.932874e-08	2.301203e+01	1.269034e+03
1.140000e-06	3.317834e-06	1.968981e-08	2.367805e+01	1.292707e+03
1.150000e-06	3.410124e-06	2.003301e-08	2.433669e+01	1.315090e+03
1.160000e-06	3.501422e-06	2.035855e-08	2.498824e+01	1.336305e+03
1.170000e-06	3.591433e-06	2.066678e-08	2.563062e+01	1.356463e+03
1.180000e-06	3.679889e-06	2.095915e-08	2.626189e+01	1.375651e+03
1.190000e-06	3.767001e-06	2.123645e-08	2.688357e+01	1.393933e+03
1.200000e-06	3.852915e-06	2.149905e-08	2.749671e+01	1.411350e+03
1.210000e-06	3.937631e-06	2.174907e-08	2.810129e+01	1.427931e+03
1.220000e-06	4.021165e-06	2.198766e-08	2.869744e+01	1.443695e+03
1.230000e-06	4.103336e-06	2.221281e-08	2.928386e+01	1.458669e+03
1.240000e-06	4.183892e-06	2.242715e-08	2.985876e+01	1.472888e+03
1.250000e-06	4.262798e-06	2.263134e-08	3.042188e+01	1.486399e+03
1.260000e-06	4.340150e-06	2.282687e-08	3.097391e+01	1.499257e+03
1.270000e-06	4.415975e-06	2.301429e-08	3.151504e+01	1.511521e+03
1.280000e-06	4.490051e-06	2.319287e-08	3.204369e+01	1.523241e+03
1.290000e-06	4.562223e-06	2.336466e-08	3.255875e+01	1.534458e+03
1.300000e-06	4.632660e-06	2.352854e-08	3.306143e+01	1.545196e+03
1.310000e-06	4.701552e-06	2.368468e-08	3.355309e+01	1.555464e+03
1.320000e-06	4.768861e-06	2.383271e-08	3.403345e+01	1.565260e+03
1.330000e-06	4.834315e-06	2.397451e-08	3.450056e+01	1.574575e+03
1.340000e-06	4.897906e-06	2.410954e-08	3.495439e+01	1.583403e+03
1.350000e-06	4.959868e-06	2.423724e-08	3.539659e+01	1.591744e+03
1.360000e-06	5.020278e-06	2.436007e-08	3.582771e+01	1.599608e+03
1.370000e-06	5.078952e-06	2.447535e-08	3.624644e+01	1.607018e+03
1.380000e-06	5.135623e-06	2.458110e-08	3.665088e+01	1.614001e+03
1.390000e-06	5.190387e-06	2.467929e-08	3.704171e+01	1.620594e+03
1.400000e-06	5.243281e-06	2.477230e-08	3.741919e+01	1.626831e+03
1.410000e-06	5.294029e-06	2.486083e-08	3.778136e+01	1.632743e+03
1.420000e-06	5.342558e-06	2.494698e-08	3.812769e+01	1.638355e+03
1.430000e-06	5.389091e-06	2.503035e-08	3.845978e+01	1.643687e+03
1.440000e-06	5.433864e-06	2.510888e-08	3.877931e+01	1.648751e+03
1.450000e-06	5.476824e-06	2.518256e-08	3.908589e+01	1.653551e+03
1.460000e-06	5.517685e-06	2.525287e-08	3.937751e+01	1.658092e+03
1.470000e-06	5.556522e-06	2.531883e-08	3.965466e+01	1.662373e+03
1.480000e-06	5.593558e-06	2.537812e-08	3.991898e+01	1.666392e+03
1.490000e-06	5.628743e-06	2.543273e-08	4.017008e+01	1.670145e+03
1.500000e-06	5.661860e-06	2.548410e-08	4.040642e+01	1.673627e+03
1.510000e-06	5.692934e-06	2.553301e-08	4.062819e+01	1.676834e+03
1.520000e-06	5.722150e-06	2.557877e-08	4.083669e+01	1.679762e+03
1.530000e-06	5.749480e-06	2.562171e-08	4.103173e+01	1.682409e+03
1.540000e-06	5.774609e-06	2.566025e-08	4.121106e+01	1.684777e+03
1.550000e-06	5.797460e-06	2.569172e-08	4.137414e+01	1.686870e+03
1.560000e-06	5.818353e-06	2.571754e-08	4.152325e+01	1.688697e+03
1.570000e-06	5.837342e-06	2.574082e-08	4.165877e+01	1.690272e+03
1.580000e-06	5.854153e-06	2.576090e-08	4.177874e+01	1.691608e+03
1.590000e-06	5.868689e-06	2.577599e-08	4.188247e+01	1.692718e+03
1.600000e-06	5.881103e-06	2.578814e-08	4.197107e+01	1.693616e+03
1.610000e-06	5.891158e-06	2.580004e-08	4.204283e+01	1.694310e+03
1.620000e-06	5.898837e-06	2.581127e-08	4.209763e+01	1.694807e+03
1.630000e-06	5.904484e-06	2.582016e-08	4.213793e+01	1.695113e+03
1.640000e-06	5.908228e-06	2.582603e-08	4.216465e+01	1.695230e+03
1.650000e-06	5.909860e-06	2.582804e-08	4.217630e+01	1.695163e+03
1.660000e-06	5.909296e-06	2.582313e-08	4.217227e+01	1.694913e+03
1.670000e-06	5.906812e-06	2.580799e-08	4.215454e+01	1.694483e+03
1.680000e-06	5.902501e-06	2.579773e-08	4.212378e+01	1.693873e+03
1.690000e-06	5.896097e-06	2.578793e-08	4.207808e+01	1.693081e+03
1.700000e-06	5.887655e-06	2.577482e-08	4.201783e+01	1.692101e+03
1.710000e-06	5.877483e-06	2.576165e-08	4.194524e+01	1.690926e+03
1.720000e-06	5.865357e-06	2.574748e-08	4.185870e+01	1.689547e+03
1.730000e-06	5.851008e-06	2.574071e-08	4.175629e+01	1.687959e+03
1.740000e-06	5.834692e-06	2.567268e-08	4.163985e+01	1.686161e+03
1.750000e-06	5.816356e-06	2.558174e-08	4.150900e+01	1.684159e+03
1.760000e-06	5.795242e-06	2.559479e-08	4.135832e+01	1.681971e+03
1.770000e-06	5.771291e-06	2.558545e-08	4.118738e+01	1.679618e+03
1.780000e-06	5.745211e-06	2.556815e-08	4.100127e+01	1.677125e+03
1.790000e-06	5.717856e-06	2.561365e-08	4.080605e+01	1.674514e+03
1.800000e-06	5.689671e-06	2.541007e-08	4.060490e+01	1.671798e+03
1.810000e-06	5.659663e-06	2.537416e-08	4.039074e+01	1.668974e+03
1.820000e-06	5.627198e-06	2.546709e-08	4.015905e+01	1.666025e+03
1.830000e-06	5.592975e-06	2.528169e-08	3.991482e+01	1.662916e+03
1.840000e-06	5.556833e-06	2.535845e-08	3.965689e+01	1.659606e+03
1.850000e-06	5.518449e-06	2.531321e-08	3.938296e+01	1.656048e+03
1.860000e-06	5.478143e-06	2.506898e-08	3.909530e+01	1.652203e+03
1.870000e-06	5.435912e-06	2.514645e-08	3.879392e+01	1.648046e+03
1.880000e-06	5.392023e-06	2.503290e-08	3.848070e+01	1.643570e+03
1.890000e-06	5.346285e-06	2.496420e-08	3.815429e+01	1.638785e+03
1.900000e-06	5.298244e-06	2.497873e-08	3.781144e+01	1.633714e+03
1.910000e-06	5.248164e-06	2.476232e-08	3.745404e+01	1.628384e+03
1.920000e-06	5.195833e-06	2.477944e-08	3.708057e+01	1.622822e+03
1.930000e-06	5.141307e-06	2.468423e-08	3.669144e+01	1.617039e+03
1.940000e-06	5.084955e-06	2.455645e-08	3.628928e+01	1.611033e+03
1.950000e-06	5.026760e-06	2.450871e-08	3.587396e+01	1.604784e+03
1.960000e-06	4.966837e-06	2.434412e-08	3.544632e+01	1.598262e+03
1.970000e-06	4.905024e-06	2.431620e-08	3.500519e+01	1.591434e+03
1.980000e-06	4.841282e-06	2.414379e-08	3.455028e+01	1.584271e+03
1.990000e-06	4.775763e-06	2.403033e-08	3.408270e+01	1.576755e+03
2.000000e-06	4.708616e-06	2.398035e-08	3.360350e+01	1.568887e+03
2.010000e-06	4.639856e-06	2.379707e-08	3.311279e+01	1.560679e+03
2.020000e-06	4.569215e-06	2.369924e-08	3.260865e+01	1.552154e+03
2.030000e-06	4.496800e-06	2.352452e-08	3.209186e+01	1.543334e+03
2.040000e-06	4.422790e-06	2.342917e-08	3.156368e+01	1.534231e+03
2.050000e-06	4.347123e-06	2.330175e-08	3.102367e+01	1.524845e+03
2.060000e-06	4.269717e-06	2.311248e-08	3.047126e+01	1.515156e+03
2.070000e-06	4.190606e-06	2.298702e-08	2.990667e+01	1.505132e+03
2.080000e-06	4.110014e-06	2.279978e-08	2.933152e+01	1.494730e+03
2.090000e-06	4.027995e-06	2.265493e-08	2.874618e+01	1.483910e+03
2.100000e-06	3.944639e-06	2.247716e-08	2.815130e+01	1.472639e+03
2.110000e-06	3.859927e-06	2.231163e-08	2.754675e+01	1.460902e+03
2.120000e-06	3.773680e-06	2.212419e-08	2.693124e+01	1.448696e+03
2.130000e-06	3.686062e-06	2.191321e-08	2.630595e+01	1.436029e+03
2.140000e-06	3.597239e-06	2.173097e-08	2.567205e+01	1.422915e+03
2.150000e-06	3.507213e-06	2.151777e-08	2.502957e+01	1.409356e+03
2.160000e-06	3.416038e-06	2.131655e-08	2.437889e+01	1.395343e+03
2.170000e-06	3.323714e-06	2.109402e-08	2.372001e+01	1.380846e+03
2.180000e-06	3.230056e-06	2.086854e-08	2.305161e+01	1.365819e+03
2.190000e-06	3.135080e-06	2.061726e-08	2.237380e+01	1.350202e+03
2.200000e-06	3.038962e-06	2.036695e-08	2.168785e+01	1.333936e+03
2.210000e-06	2.941831e-06	2.012099e-08	2.099467e+01	1.316965e+03
2.220000e-06	2.843702e-06	1.985554e-08	2.029436e+01	1.299251e+03
2.230000e-06	2.744603e-06	1.957559e-08	1.958713e+01	1.280768e+03
2.240000e-06	2.644578e-06	1.927781e-08	1.887329e+01	1.261504e+03
2.250000e-06	2.543517e-06	1.898077e-08	1.815206e+01	1.241446e+03
2.260000e-06	2.441343e-06	1.866263e-08	1.742289e+01	1.220575e+03
2.270000e-06	2.338197e-06	1.833187e-08	1.668677e+01	1.198849e+03
2.280000e-06	2.234179e-06	1.798649e-08	1.594444e+01	1.176202e+03
2.290000e-06	2.129335e-06	1.762633e-08	1.519621e+01	1.152541e+03
2.300000e-06	2.023777e-06	1.724515e-08	1.444288e+01	1.127753e+03
2.310000e-06	1.917531e-06	1.684679e-08	1.368465e+01	1.101715e+03
2.320000e-06	1.810715e-06	1.643616e-08	1.292235e+01	1.074305e+03
2.330000e-06	1.703376e-06	1.600467e-08	1.215631e+01	1.045410e+03
2.340000e-06	1.595516e-06	1.554477e-08	1.138655e+01	1.014930e+03
2.350000e-06	1.487153e-06	1.505129e-08	1.061322e+01	9.827750e+02
2.360000e-06	1.378317e-06	1.453374e-08	9.836497e+00	9.488507e+02
2.370000e-06	1.269076e-06	1.398764e-08	9.056885e+00	9.130529e+02
2.380000e-06	1.159410e-06	1.340942e-08	8.274241e+00	8.752568e+02
2.390000e-06	1.049451e-06	1.279569e-08	7.489513e+00	8.353184e+02
2.400000e-06	9.391640e-07	1.215052e-08	6.702436e+00	7.930852e+02
2.410000e-06	8.285045e-07	1.147322e-08	5.912704e+00	7.484200e+02
2.420000e-06	7.175554e-07	1.075728e-08	5.120905e+00	7.012308e+02
2.430000e-06	6.063024e-07	1.000284e-08	4.326937e+00	6.515035e+02
2.440000e-06	4.947603e-07	9.209931e-09	3.530905e+00	5.993265e+02
2.450000e-06	3.829798e-07	8.380268e-09	2.733173e+00	5.449004e+02
2.460000e-06	2.711625e-07	7.515715e-09	1.935178e+00	4.885275e+02
2.470000e-06	1.592576e-07	6.626451e-09	1.136558e+00	4.305778e+02
2.480000e-06	4.715799e-08	5.723040e-09	3.365476e-01	3.714393e+02
2.490000e-06	-6.495770e-08	4.808804e-09	-4.635770e-01	3.114569e+02
2.500000e-06	-1.770270e-07	3.883316e-09	-1.263370e+00	2.508767e+02
2.510000e-06	-2.890392e-07	2.949279e-09	-2.062757e+00	1.898050e+02
2.520000e-06	-4.008731e-07	2.008488e-09	-2.860871e+00	1.281946e+02
2.530000e-06	-5.125379e-07	1.055674e-09	-3.657777e+00	6.586307e+01
2.540000e-06	-6.240674e-07	8.768606e-11	-4.453718e+00	2.542856e+00
2.550000e-06	-7.353021e-07	-8.999939e-10	-5.247556e+00	-6.204562e+01
2.560000e-06	-8.461798e-07	-1.910241e-09	-6.038846e+00	-1.281103e+02
2.570000e-06	-9.566713e-07	-2.943443e-09	-6.827379e+00	-1.957097e+02
2.580000e-06	-1.066774e-06	-3.997609e-09	-7.613138e+00	-2.646967e+02
2.590000e-06	-1.176544e-06	-5.065253e-09	-8.396522e+00	-3.346951e+02
2.600000e-06	-1.285929e-06	-6.140753e-09	-9.177162e+00	-4.051150e+02
2.610000e-06	-1.394906e-06	-7.213255e-09	-9.954884e+00	-4.752043e+02
2.620000e-06	-1.503380e-06	-8.269608e-09	-1.072902e+01	-5.441276e+02
2.630000e-06	-1.611294e-06	-9.298633e-09	-1.149916e+01	-6.110577e+02
2.640000e-06	-1.718715e-06	-1.028524e-08	-1.226578e+01	-6.752640e+02
2.650000e-06	-1.825616e-06	-1.121841e-08	-1.302869e+01	-7.361826e+02
2.660000e-06	-1.931865e-06	-1.209415e-08	-1.378694e+01	-7.934581e+02
2.670000e-06	-2.037439e-06	-1.291430e-08	-1.454038e+01	-8.469516e+02
2.680000e-06	-2.142326e-06	-1.367762e-08	-1.528892e+01	-8.967182e+02
2.690000e-06	-2.246394e-06	-1.438525e-08	-1.603161e+01	-9.429613e+02
2.700000e-06	-2.349610e-06	-1.504529e-08	-1.676822e+01	-9.859749e+02
2.710000e-06	-2.451832e-06	-1.566222e-08	-1.749774e+01	-1.026086e+03
2.720000e-06	-2.552920e-06	-1.623959e-08	-1.821916e+01	-1.063608e+03
2.730000e-06	-2.653002e-06	-1.677964e-08	-1.893341e+01	-1.098810e+03
2.740000e-06	-2.752191e-06	-1.728507e-08	-1.964128e+01	-1.131904e+03
2.750000e-06	-2.850513e-06	-1.776120e-08	-2.034297e+01	-1.163053e+03
2.760000e-06	-2.947872e-06	-1.820811e-08	-2.103778e+01	-1.192382e+03
2.770000e-06	-3.044268e-06	-1.862825e-08	-2.172572e+01	-1.219998e+03
2.780000e-06	-3.139743e-06	-1.902764e-08	-2.240708e+01	-1.246009e+03
2.790000e-06	-3.234107e-06	-1.940424e-08	-2.308052e+01	-1.270528e+03
2.800000e-06	-3.327157e-06	-1.975681e-08	-2.374458e+01	-1.293681e+03
2.810000e-06	-3.418936e-06	-2.008886e-08	-2.439957e+01	-1.315592e+03
2.820000e-06	-3.509492e-06	-2.040561e-08	-2.504584e+01	-1.336381e+03
2.830000e-06	-3.598802e-06	-2.070992e-08	-2.568320e+01	-1.356149e+03
2.840000e-06	-3.686968e-06	-2.100000e-08	-2.631241e+01	-1.374976e+03
2.850000e-06	-3.773883e-06	-2.127634e-08	-2.693269e+01	-1.392916e+03
2.860000e-06	-3.859258e-06	-2.153756e-08	-2.754197e+01	-1.410003e+03
2.870000e-06	-3.943184e-06	-2.178574e-08	-2.814092e+01	-1.426261e+03
2.880000e-06	-4.025813e-06	-2.202244e-08	-2.873061e+01	-1.441713e+03
2.890000e-06	-4.107053e-06	-2.224779e-08	-2.931039e+01	-1.456387e+03
2.900000e-06	-4.186894e-06	-2.246361e-08	-2.988018e+01	-1.470322e+03
2.910000e-06	-4.265048e-06	-2.266878e-08	-3.043794e+01	-1.483571e+03
2.920000e-06	-4.341353e-06	-2.286380e-08	-3.098249e+01	-1.496190e+03
2.930000e-06	-4.415999e-06	-2.304925e-08	-3.151521e+01	-1.508236e+03
2.940000e-06	-4.489035e-06	-2.322563e-08	-3.203644e+01	-1.519756e+03
2.950000e-06	-4.560495e-06	-2.339382e-08	-3.254642e+01	-1.530784e+03
2.960000e-06	-4.630128e-06	-2.355530e-08	-3.304336e+01	-1.541338e+03
2.970000e-06	-4.697982e-06	-2.370819e-08	-3.352761e+01	-1.551422e+03
2.980000e-06	-4.764310e-06	-2.385313e-08	-3.400097e+01	-1.561031e+03
2.990000e-06	-4.829073e-06	-2.399118e-08	-3.446316e+01	-1.570157e+03
3.000000e-06	-4.892119e-06	-2.412300e-08	-3.491309e+01	-1.578794e+03
3.010000e-06	-4.953200e-06	-2.424862e-08	-3.534900e+01	-1.586947e+03
3.020000e-06	-5.012412e-06	-2.436606e-08	-3.577157e+01	-1.594631e+03
3.030000e-06	-5.069988e-06	-2.447660e-08	-3.618247e+01	-1.601870e+03
3.040000e-06	-5.125884e-06	-2.458016e-08	-3.658138e+01	-1.608698e+03
3.050000e-06	-5.179699e-06	-2.467850e-08	-3.696543e+01	-1.615148e+03
3.060000e-06	-5.231327e-06	-2.477326e-08	-3.733388e+01	-1.621254e+03
3.070000e-06	-5.280838e-06	-2.486348e-08	-3.768722e+01	-1.627047e+03
3.080000e-06	-5.328153e-06	-2.494685e-08	-3.802489e+01	-1.632549e+03
3.090000e-06	-5.373590e-06	-2.502481e-08	-3.834915e+01	-1.637776e+03
3.100000e-06	-5.417408e-06	-2.509773e-08	-3.866187e+01	-1.642736e+03
3.110000e-06	-5.459529e-06	-2.516654e-08	-3.896247e+01	-1.647436e+03
3.120000e-06	-5.499926e-06	-2.523207e-08	-3.925077e+01	-1.651876e+03
3.130000e-06	-5.538320e-06	-2.529559e-08	-3.952477e+01	-1.656056e+03
3.140000e-06	-5.574593e-06	-2.535745e-08	-3.978363e+01	-1.659972e+03
3.150000e-06	-5.608940e-06	-2.541567e-08	-4.002875e+01	-1.663620e+03
3.160000e-06	-5.641374e-06	-2.546973e-08	-4.026022e+01	-1.666996e+03
3.170000e-06	-5.671677e-06	-2.551798e-08	-4.047648e+01	-1.670095e+03
3.180000e-06	-5.699860e-06	-2.555961e-08	-4.067761e+01	-1.672914e+03
3.190000e-06	-5.726138e-06	-2.559553e-08	-4.086515e+01	-1.675452e+03
3.200000e-06	-5.750503e-06	-2.562879e-08	-4.103903e+01	-1.677712e+03
3.210000e-06	-5.772726e-06	-2.566065e-08	-4.119763e+01	-1.679700e+03
3.220000e-06	-5.792768e-06	-2.568828e-08	-4.134066e+01	-1.681428e+03
3.230000e-06	-5.810877e-06	-2.570990e-08	-4.146989e+01	-1.682909e+03
3.240000e-06	-5.826983e-06	-2.572922e-08	-4.158484e+01	-1.684156e+03
3.250000e-06	-5.840682e-06	-2.574679e-08	-4.168260e+01	-1.685182e+03
3.260000e-06	-5.851929e-06	-2.576133e-08	-4.176287e+01	-1.686000e+03
3.270000e-06	-5.861043e-06	-2.576912e-08	-4.182791e+01	-1.686617e+03
3.280000e-06	-5.868023e-06	-2.577204e-08	-4.187773e+01	-1.687040e+03
3.290000e-06	-5.872832e-06	-2.577301e-08	-4.191204e+01	-1.687272e+03
3.300000e-06	-5.875672e-06	-2.577119e-08	-4.193231e+01	-1.687318e+03
3.310000e-06	-5.876607e-06	-2.576561e-08	-4.193899e+01	-1.687180e+03
