# Temperatura_=_33.58
# Concentracion g/m^3_=_28200.0
# C_Vs_to_Am_M_A/Vsm_=_65563218390.804596
# pendiente_HvsI_1/m_=_3716.3
# ordenada_HvsI_A/m_=_1297.0
# frecuencia_Hz_=_301959.3500923313

Tiempo_(s)	Campo_(V.s)	Magnetizacion_(V.s)	Campo_(kA/m)	Magnetizacion_(A/m)
0.000000e+00	-5.864765e-06	-2.149610e-08	-4.194209e+01	-1.406579e+03
1.000000e-08	-5.863213e-06	-2.149373e-08	-4.193099e+01	-1.406357e+03
2.000000e-08	-5.859575e-06	-2.148761e-08	-4.190497e+01	-1.406005e+03
3.000000e-08	-5.854132e-06	-2.147620e-08	-4.186605e+01	-1.405507e+03
4.000000e-08	-5.846974e-06	-2.146585e-08	-4.181486e+01	-1.404847e+03
5.000000e-08	-5.837971e-06	-2.145152e-08	-4.175048e+01	-1.404009e+03
6.000000e-08	-5.826751e-06	-2.143305e-08	-4.167023e+01	-1.402985e+03
7.000000e-08	-5.813311e-06	-2.141589e-08	-4.157411e+01	-1.401779e+03
8.000000e-08	-5.797648e-06	-2.139441e-08	-4.146210e+01	-1.400404e+03
9.000000e-08	-5.779818e-06	-2.138398e-08	-4.133459e+01	-1.398884e+03
1.000000e-07	-5.759958e-06	-2.140363e-08	-4.119256e+01	-1.397248e+03
1.100000e-07	-5.737864e-06	-2.135779e-08	-4.103455e+01	-1.395526e+03
1.200000e-07	-5.713559e-06	-2.129220e-08	-4.086074e+01	-1.393739e+03
1.300000e-07	-5.687148e-06	-2.126743e-08	-4.067185e+01	-1.391894e+03
1.400000e-07	-5.659055e-06	-2.118584e-08	-4.047095e+01	-1.389984e+03
1.500000e-07	-5.629603e-06	-2.112319e-08	-4.026032e+01	-1.387987e+03
1.600000e-07	-5.598478e-06	-2.120718e-08	-4.003773e+01	-1.385866e+03
1.700000e-07	-5.565576e-06	-2.112972e-08	-3.980243e+01	-1.383580e+03
1.800000e-07	-5.530769e-06	-2.109865e-08	-3.955350e+01	-1.381087e+03
1.900000e-07	-5.493927e-06	-2.114814e-08	-3.929003e+01	-1.378356e+03
2.000000e-07	-5.455187e-06	-2.094743e-08	-3.901298e+01	-1.375368e+03
2.100000e-07	-5.414541e-06	-2.086693e-08	-3.872230e+01	-1.372121e+03
2.200000e-07	-5.371795e-06	-2.084980e-08	-3.841660e+01	-1.368628e+03
2.300000e-07	-5.327006e-06	-2.078229e-08	-3.809628e+01	-1.364911e+03
2.400000e-07	-5.280177e-06	-2.079522e-08	-3.776138e+01	-1.360998e+03
2.500000e-07	-5.231056e-06	-2.074083e-08	-3.741009e+01	-1.356912e+03
2.600000e-07	-5.179584e-06	-2.063405e-08	-3.704199e+01	-1.352668e+03
2.700000e-07	-5.125953e-06	-2.054727e-08	-3.665845e+01	-1.348267e+03
2.800000e-07	-5.070508e-06	-2.046396e-08	-3.626193e+01	-1.343699e+03
2.900000e-07	-5.013214e-06	-2.044404e-08	-3.585219e+01	-1.338940e+03
3.000000e-07	-4.953948e-06	-2.037284e-08	-3.542835e+01	-1.333963e+03
3.100000e-07	-4.892899e-06	-2.027748e-08	-3.499175e+01	-1.328742e+03
3.200000e-07	-4.830143e-06	-2.017358e-08	-3.454295e+01	-1.323257e+03
3.300000e-07	-4.765548e-06	-2.007602e-08	-3.408100e+01	-1.317498e+03
3.400000e-07	-4.699022e-06	-2.000041e-08	-3.360523e+01	-1.311466e+03
3.500000e-07	-4.630748e-06	-1.989477e-08	-3.311697e+01	-1.305170e+03
3.600000e-07	-4.560886e-06	-1.982016e-08	-3.261735e+01	-1.298622e+03
3.700000e-07	-4.489564e-06	-1.970761e-08	-3.210729e+01	-1.291833e+03
3.800000e-07	-4.416692e-06	-1.957727e-08	-3.158614e+01	-1.284804e+03
3.900000e-07	-4.341943e-06	-1.947280e-08	-3.105157e+01	-1.277529e+03
4.000000e-07	-4.265371e-06	-1.936589e-08	-3.050396e+01	-1.269989e+03
4.100000e-07	-4.187052e-06	-1.925138e-08	-2.994386e+01	-1.262156e+03
4.200000e-07	-4.107050e-06	-1.911095e-08	-2.937172e+01	-1.254000e+03
4.300000e-07	-4.025650e-06	-1.897289e-08	-2.878959e+01	-1.245491e+03
4.400000e-07	-3.942996e-06	-1.883580e-08	-2.819849e+01	-1.236609e+03
4.500000e-07	-3.859115e-06	-1.870342e-08	-2.759861e+01	-1.227340e+03
4.600000e-07	-3.774000e-06	-1.856975e-08	-2.698990e+01	-1.217680e+03
4.700000e-07	-3.687650e-06	-1.840934e-08	-2.637237e+01	-1.207631e+03
4.800000e-07	-3.600107e-06	-1.823449e-08	-2.574630e+01	-1.197197e+03
4.900000e-07	-3.511239e-06	-1.805739e-08	-2.511076e+01	-1.186377e+03
5.000000e-07	-3.420941e-06	-1.788867e-08	-2.446499e+01	-1.175158e+03
5.100000e-07	-3.329319e-06	-1.772177e-08	-2.380975e+01	-1.163519e+03
5.200000e-07	-3.236536e-06	-1.754237e-08	-2.314621e+01	-1.151423e+03
5.300000e-07	-3.142699e-06	-1.734512e-08	-2.247513e+01	-1.138825e+03
5.400000e-07	-3.047808e-06	-1.713187e-08	-2.179651e+01	-1.125678e+03
5.500000e-07	-2.951745e-06	-1.691363e-08	-2.110951e+01	-1.111935e+03
5.600000e-07	-2.854413e-06	-1.669622e-08	-2.041344e+01	-1.097555e+03
5.700000e-07	-2.755926e-06	-1.647474e-08	-1.970911e+01	-1.082505e+03
5.800000e-07	-2.656324e-06	-1.623678e-08	-1.899680e+01	-1.066761e+03
5.900000e-07	-2.555747e-06	-1.597496e-08	-1.827752e+01	-1.050299e+03
6.000000e-07	-2.454374e-06	-1.570138e-08	-1.755255e+01	-1.033095e+03
6.100000e-07	-2.352116e-06	-1.542389e-08	-1.682125e+01	-1.015115e+03
6.200000e-07	-2.249000e-06	-1.514290e-08	-1.608381e+01	-9.963115e+02
6.300000e-07	-2.145016e-06	-1.484880e-08	-1.534016e+01	-9.766246e+02
6.400000e-07	-2.040150e-06	-1.453263e-08	-1.459021e+01	-9.559786e+02
6.500000e-07	-1.934547e-06	-1.419294e-08	-1.383498e+01	-9.342878e+02
6.600000e-07	-1.828285e-06	-1.383616e-08	-1.307505e+01	-9.114605e+02
6.700000e-07	-1.721307e-06	-1.346835e-08	-1.231000e+01	-8.874034e+02
6.800000e-07	-1.613584e-06	-1.308325e-08	-1.153961e+01	-8.620241e+02
6.900000e-07	-1.505295e-06	-1.267590e-08	-1.076518e+01	-8.352314e+02
7.000000e-07	-1.396623e-06	-1.224167e-08	-9.988001e+00	-8.069339e+02
7.100000e-07	-1.287536e-06	-1.178024e-08	-9.207865e+00	-7.770377e+02
7.200000e-07	-1.177975e-06	-1.129337e-08	-8.424334e+00	-7.454460e+02
7.300000e-07	-1.068032e-06	-1.078476e-08	-7.638071e+00	-7.120626e+02
7.400000e-07	-9.578009e-07	-1.025228e-08	-6.849750e+00	-6.768002e+02
7.500000e-07	-8.473394e-07	-9.687465e-09	-6.059780e+00	-6.395942e+02
7.600000e-07	-7.366830e-07	-9.087731e-09	-5.268417e+00	-6.004208e+02
7.700000e-07	-6.258220e-07	-8.456055e-09	-4.475590e+00	-5.593141e+02
7.800000e-07	-5.147704e-07	-7.798478e-09	-3.681400e+00	-5.163812e+02
7.900000e-07	-4.035156e-07	-7.119714e-09	-2.885757e+00	-4.718077e+02
8.000000e-07	-2.920396e-07	-6.423590e-09	-2.088533e+00	-4.258511e+02
8.100000e-07	-1.804144e-07	-5.710449e-09	-1.290240e+00	-3.788216e+02
8.200000e-07	-6.868717e-08	-4.983405e-09	-4.912189e-01	-3.310495e+02
8.300000e-07	4.310874e-08	-4.249953e-09	3.082938e-01	-2.828449e+02
8.400000e-07	1.548877e-07	-3.514985e-09	1.107685e+00	-2.344560e+02
8.500000e-07	2.665973e-07	-2.779301e-09	1.906581e+00	-1.860322e+02
8.600000e-07	3.782281e-07	-2.041086e-09	2.704913e+00	-1.376022e+02
8.700000e-07	4.897142e-07	-1.301595e-09	3.502210e+00	-8.907021e+01
8.800000e-07	6.009916e-07	-5.578566e-10	4.298014e+00	-4.023461e+01
8.900000e-07	7.121161e-07	1.939144e-10	5.092725e+00	9.173623e+00
9.000000e-07	8.230694e-07	9.577153e-10	5.886212e+00	5.943749e+01
9.100000e-07	9.337800e-07	1.738312e-09	6.677964e+00	1.107941e+02
9.200000e-07	1.044232e-06	2.538636e-09	7.467864e+00	1.633786e+02
9.300000e-07	1.154308e-06	3.357552e-09	8.255075e+00	2.171808e+02
9.400000e-07	1.263971e-06	4.190206e-09	9.039336e+00	2.720233e+02
9.500000e-07	1.373246e-06	5.032198e-09	9.820818e+00	3.275638e+02
9.600000e-07	1.482102e-06	5.877359e-09	1.059931e+01	3.833216e+02
9.700000e-07	1.590556e-06	6.720320e-09	1.137492e+01	4.387244e+02
9.800000e-07	1.698531e-06	7.551500e-09	1.214711e+01	4.931656e+02
9.900000e-07	1.805854e-06	8.359413e-09	1.291463e+01	5.460660e+02
1.000000e-06	1.912383e-06	9.133055e-09	1.367648e+01	5.969261e+02
1.010000e-06	2.018141e-06	9.866054e-09	1.443281e+01	6.453660e+02
1.020000e-06	2.123041e-06	1.055771e-08	1.518301e+01	6.911449e+02
1.030000e-06	2.226963e-06	1.120927e-08	1.592621e+01	7.341612e+02
1.040000e-06	2.330034e-06	1.181896e-08	1.666333e+01	7.744362e+02
1.050000e-06	2.432311e-06	1.238944e-08	1.739477e+01	8.120846e+02
1.060000e-06	2.533722e-06	1.292286e-08	1.812001e+01	8.472806e+02
1.070000e-06	2.634327e-06	1.342212e-08	1.883949e+01	8.802250e+02
1.080000e-06	2.734148e-06	1.389082e-08	1.955336e+01	9.111179e+02
1.090000e-06	2.832975e-06	1.433270e-08	2.026013e+01	9.401410e+02
1.100000e-06	2.930615e-06	1.474937e-08	2.095840e+01	9.674495e+02
1.110000e-06	3.027019e-06	1.514123e-08	2.164784e+01	9.931725e+02
1.120000e-06	3.122304e-06	1.550898e-08	2.232927e+01	1.017419e+03
1.130000e-06	3.216558e-06	1.585523e-08	2.300334e+01	1.040283e+03
1.140000e-06	3.309780e-06	1.618363e-08	2.367002e+01	1.061856e+03
1.150000e-06	3.401986e-06	1.649541e-08	2.432943e+01	1.082226e+03
1.160000e-06	3.493104e-06	1.678901e-08	2.498107e+01	1.101481e+03
1.170000e-06	3.582942e-06	1.706526e-08	2.562355e+01	1.119705e+03
1.180000e-06	3.671336e-06	1.732784e-08	2.625570e+01	1.136977e+03
1.190000e-06	3.758429e-06	1.757711e-08	2.687855e+01	1.153367e+03
1.200000e-06	3.844301e-06	1.781501e-08	2.749266e+01	1.168933e+03
1.210000e-06	3.928885e-06	1.804043e-08	2.809757e+01	1.183721e+03
1.220000e-06	4.012206e-06	1.825293e-08	2.869345e+01	1.197769e+03
1.230000e-06	4.094101e-06	1.845249e-08	2.927912e+01	1.211108e+03
1.240000e-06	4.174403e-06	1.864083e-08	2.985340e+01	1.223769e+03
1.250000e-06	4.253141e-06	1.882022e-08	3.041650e+01	1.235784e+03
1.260000e-06	4.330351e-06	1.899356e-08	3.096867e+01	1.247186e+03
1.270000e-06	4.405961e-06	1.916066e-08	3.150940e+01	1.258010e+03
1.280000e-06	4.479777e-06	1.931968e-08	3.203729e+01	1.268290e+03
1.290000e-06	4.551773e-06	1.946837e-08	3.255218e+01	1.278057e+03
1.300000e-06	4.622095e-06	1.960823e-08	3.305509e+01	1.287336e+03
1.310000e-06	4.690844e-06	1.974171e-08	3.354675e+01	1.296144e+03
1.320000e-06	4.758009e-06	1.987010e-08	3.402708e+01	1.304494e+03
1.330000e-06	4.823295e-06	1.999247e-08	3.449398e+01	1.312393e+03
1.340000e-06	4.886735e-06	2.010561e-08	3.494767e+01	1.319850e+03
1.350000e-06	4.948583e-06	2.021055e-08	3.538998e+01	1.326878e+03
1.360000e-06	5.008871e-06	2.030927e-08	3.582113e+01	1.333495e+03
1.370000e-06	5.067466e-06	2.040279e-08	3.624018e+01	1.339728e+03
1.380000e-06	5.124104e-06	2.049085e-08	3.664523e+01	1.345611e+03
1.390000e-06	5.178803e-06	2.057489e-08	3.703640e+01	1.351178e+03
1.400000e-06	5.231590e-06	2.065574e-08	3.741391e+01	1.356464e+03
1.410000e-06	5.282209e-06	2.073270e-08	3.777592e+01	1.361497e+03
1.420000e-06	5.330627e-06	2.080587e-08	3.812218e+01	1.366298e+03
1.430000e-06	5.377123e-06	2.087638e-08	3.845470e+01	1.370873e+03
1.440000e-06	5.421857e-06	2.094261e-08	3.877462e+01	1.375220e+03
1.450000e-06	5.464741e-06	2.100292e-08	3.908130e+01	1.379330e+03
1.460000e-06	5.505574e-06	2.106019e-08	3.937332e+01	1.383187e+03
1.470000e-06	5.544422e-06	2.111454e-08	3.965114e+01	1.386780e+03
1.480000e-06	5.581450e-06	2.116511e-08	3.991595e+01	1.390102e+03
1.490000e-06	5.616573e-06	2.120932e-08	4.016714e+01	1.393152e+03
1.500000e-06	5.649614e-06	2.124936e-08	4.040343e+01	1.395939e+03
1.510000e-06	5.680606e-06	2.128814e-08	4.062507e+01	1.398478e+03
1.520000e-06	5.709735e-06	2.132417e-08	4.083339e+01	1.400787e+03
1.530000e-06	5.736968e-06	2.135618e-08	4.102815e+01	1.402882e+03
1.540000e-06	5.762022e-06	2.138346e-08	4.120732e+01	1.404778e+03
1.550000e-06	5.784881e-06	2.140790e-08	4.137080e+01	1.406483e+03
1.560000e-06	5.805782e-06	2.142942e-08	4.152027e+01	1.407999e+03
1.570000e-06	5.824723e-06	2.144809e-08	4.165573e+01	1.409325e+03
1.580000e-06	5.841579e-06	2.146478e-08	4.177628e+01	1.410456e+03
1.590000e-06	5.856250e-06	2.147832e-08	4.188120e+01	1.411392e+03
1.600000e-06	5.868685e-06	2.148827e-08	4.197013e+01	1.412136e+03
1.610000e-06	5.878723e-06	2.149596e-08	4.204191e+01	1.412694e+03
1.620000e-06	5.886438e-06	2.150334e-08	4.209709e+01	1.413083e+03
1.630000e-06	5.892135e-06	2.151066e-08	4.213783e+01	1.413317e+03
1.640000e-06	5.895905e-06	2.151765e-08	4.216479e+01	1.413414e+03
1.650000e-06	5.897515e-06	2.152172e-08	4.217630e+01	1.413386e+03
1.660000e-06	5.896921e-06	2.151955e-08	4.217205e+01	1.413238e+03
1.670000e-06	5.894453e-06	2.150710e-08	4.215440e+01	1.412965e+03
1.680000e-06	5.890192e-06	2.149631e-08	4.212393e+01	1.412557e+03
1.690000e-06	5.883888e-06	2.148832e-08	4.207885e+01	1.411997e+03
1.700000e-06	5.875566e-06	2.147906e-08	4.201934e+01	1.411268e+03
1.710000e-06	5.865484e-06	2.146893e-08	4.194723e+01	1.410357e+03
1.720000e-06	5.853494e-06	2.145833e-08	4.186148e+01	1.409260e+03
1.730000e-06	5.839350e-06	2.145010e-08	4.176034e+01	1.407984e+03
1.740000e-06	5.823215e-06	2.141346e-08	4.164494e+01	1.406548e+03
1.750000e-06	5.804990e-06	2.133356e-08	4.151461e+01	1.404978e+03
1.760000e-06	5.784004e-06	2.133770e-08	4.136453e+01	1.403305e+03
1.770000e-06	5.760150e-06	2.134252e-08	4.119393e+01	1.401555e+03
1.780000e-06	5.734168e-06	2.130472e-08	4.100812e+01	1.399744e+03
1.790000e-06	5.706883e-06	2.135886e-08	4.081299e+01	1.397875e+03
1.800000e-06	5.678694e-06	2.125033e-08	4.061140e+01	1.395933e+03
1.810000e-06	5.648709e-06	2.116340e-08	4.039696e+01	1.393891e+03
1.820000e-06	5.616308e-06	2.124154e-08	4.016524e+01	1.391710e+03
1.830000e-06	5.582158e-06	2.109332e-08	3.992101e+01	1.389346e+03
1.840000e-06	5.546126e-06	2.109166e-08	3.966333e+01	1.386763e+03
1.850000e-06	5.507848e-06	2.117512e-08	3.938959e+01	1.383932e+03
1.860000e-06	5.467612e-06	2.103418e-08	3.910184e+01	1.380841e+03
1.870000e-06	5.425492e-06	2.106224e-08	3.880061e+01	1.377494e+03
1.880000e-06	5.381684e-06	2.095788e-08	3.848732e+01	1.373909e+03
1.890000e-06	5.336028e-06	2.079330e-08	3.816081e+01	1.370111e+03
1.900000e-06	5.288099e-06	2.082200e-08	3.781804e+01	1.366126e+03
1.910000e-06	5.238150e-06	2.073155e-08	3.746083e+01	1.361977e+03
1.920000e-06	5.186032e-06	2.075258e-08	3.708811e+01	1.357671e+03
1.930000e-06	5.131715e-06	2.067604e-08	3.669966e+01	1.353206e+03
1.940000e-06	5.075548e-06	2.050860e-08	3.629798e+01	1.348565e+03
1.950000e-06	5.017528e-06	2.050065e-08	3.588304e+01	1.343723e+03
1.960000e-06	4.957757e-06	2.036946e-08	3.545559e+01	1.338653e+03
1.970000e-06	4.896065e-06	2.033693e-08	3.501439e+01	1.333329e+03
1.980000e-06	4.832393e-06	2.026485e-08	3.455904e+01	1.327736e+03
1.990000e-06	4.767045e-06	2.014497e-08	3.409171e+01	1.321869e+03
2.000000e-06	4.700132e-06	2.007685e-08	3.361318e+01	1.315731e+03
2.010000e-06	4.631564e-06	1.991747e-08	3.312280e+01	1.309334e+03
2.020000e-06	4.561057e-06	1.988109e-08	3.261857e+01	1.302689e+03
2.030000e-06	4.488805e-06	1.977477e-08	3.210186e+01	1.295806e+03
2.040000e-06	4.414998e-06	1.965640e-08	3.157402e+01	1.288681e+03
2.050000e-06	4.339579e-06	1.956047e-08	3.103466e+01	1.281304e+03
2.060000e-06	4.262439e-06	1.940955e-08	3.048300e+01	1.273651e+03
2.070000e-06	4.183547e-06	1.932095e-08	2.991880e+01	1.265694e+03
2.080000e-06	4.103146e-06	1.917595e-08	2.934381e+01	1.257403e+03
2.090000e-06	4.021295e-06	1.906013e-08	2.875844e+01	1.248749e+03
2.100000e-06	3.938102e-06	1.890751e-08	2.816349e+01	1.239715e+03
2.110000e-06	3.853608e-06	1.874983e-08	2.755922e+01	1.230291e+03
2.120000e-06	3.767684e-06	1.862488e-08	2.694474e+01	1.220477e+03
2.130000e-06	3.680354e-06	1.847440e-08	2.632019e+01	1.210276e+03
2.140000e-06	3.591748e-06	1.833525e-08	2.568652e+01	1.199690e+03
2.150000e-06	3.501956e-06	1.815011e-08	2.504437e+01	1.188715e+03
2.160000e-06	3.410955e-06	1.797564e-08	2.439358e+01	1.177334e+03
2.170000e-06	3.318797e-06	1.778662e-08	2.373450e+01	1.165519e+03
2.180000e-06	3.225437e-06	1.760149e-08	2.306684e+01	1.153231e+03
2.190000e-06	3.130827e-06	1.741997e-08	2.239023e+01	1.140423e+03
2.200000e-06	3.034997e-06	1.722388e-08	2.170489e+01	1.127046e+03
2.210000e-06	2.938047e-06	1.701010e-08	2.101155e+01	1.113056e+03
2.220000e-06	2.840058e-06	1.677019e-08	2.031078e+01	1.098416e+03
2.230000e-06	2.741080e-06	1.654253e-08	1.960294e+01	1.083096e+03
2.240000e-06	2.641176e-06	1.631054e-08	1.888847e+01	1.067071e+03
2.250000e-06	2.540252e-06	1.606767e-08	1.816671e+01	1.050321e+03
2.260000e-06	2.438364e-06	1.580041e-08	1.743805e+01	1.032815e+03
2.270000e-06	2.335512e-06	1.551641e-08	1.670251e+01	1.014517e+03
2.280000e-06	2.231672e-06	1.521866e-08	1.595989e+01	9.953747e+02
2.290000e-06	2.126985e-06	1.491220e-08	1.521122e+01	9.753199e+02
2.300000e-06	2.021557e-06	1.459927e-08	1.445724e+01	9.542734e+02
2.310000e-06	1.915496e-06	1.427077e-08	1.369874e+01	9.321465e+02
2.320000e-06	1.808902e-06	1.391984e-08	1.293643e+01	9.088465e+02
2.330000e-06	1.701855e-06	1.353925e-08	1.217088e+01	8.842802e+02
2.340000e-06	1.594237e-06	1.314097e-08	1.140125e+01	8.583558e+02
2.350000e-06	1.485975e-06	1.272782e-08	1.062701e+01	8.309822e+02
2.360000e-06	1.377234e-06	1.229528e-08	9.849340e+00	8.020673e+02
2.370000e-06	1.268165e-06	1.183443e-08	9.069328e+00	7.715160e+02
2.380000e-06	1.158781e-06	1.134446e-08	8.287066e+00	7.392309e+02
2.390000e-06	1.049075e-06	1.082046e-08	7.502501e+00	7.051181e+02
2.400000e-06	9.389963e-07	1.026723e-08	6.715268e+00	6.690974e+02
2.410000e-06	8.285822e-07	9.687311e-09	5.925637e+00	6.311178e+02
2.420000e-06	7.178611e-07	9.079653e-09	5.133811e+00	5.911763e+02
2.430000e-06	6.067665e-07	8.444083e-09	4.339314e+00	5.493344e+02
2.440000e-06	4.954711e-07	7.777910e-09	3.543380e+00	5.057299e+02
2.450000e-06	3.840226e-07	7.088477e-09	2.746352e+00	4.605781e+02
2.460000e-06	2.723897e-07	6.379050e-09	1.948005e+00	4.141604e+02
2.470000e-06	1.605679e-07	5.656031e-09	1.148307e+00	3.667992e+02
2.480000e-06	4.863303e-08	4.921044e-09	3.478010e-01	3.188220e+02
2.490000e-06	-6.332377e-08	4.180494e-09	-4.528624e-01	2.705195e+02
2.500000e-06	-1.751659e-07	3.440645e-09	-1.252705e+00	2.221048e+02
2.510000e-06	-2.869058e-07	2.701536e-09	-2.051818e+00	1.736814e+02
2.520000e-06	-3.986241e-07	1.963044e-09	-2.850775e+00	1.252286e+02
2.530000e-06	-5.102216e-07	1.219224e-09	-3.648869e+00	7.660544e+01
2.540000e-06	-6.216583e-07	4.664578e-10	-4.445813e+00	2.757834e+01
2.550000e-06	-7.328394e-07	-2.962241e-10	-5.240929e+00	-2.213419e+01
2.560000e-06	-8.435981e-07	-1.069262e-09	-6.033024e+00	-7.280429e+01
2.570000e-06	-9.539145e-07	-1.857518e-09	-6.821956e+00	-1.246351e+02
2.580000e-06	-1.063837e-06	-2.664448e-09	-7.608074e+00	-1.777089e+02
2.590000e-06	-1.173311e-06	-3.492223e-09	-8.390982e+00	-2.319511e+02
2.600000e-06	-1.282412e-06	-4.339355e-09	-9.171216e+00	-2.871178e+02
2.610000e-06	-1.391169e-06	-5.196688e-09	-9.948999e+00	-3.428080e+02
2.620000e-06	-1.499483e-06	-6.052252e-09	-1.072361e+01	-3.984986e+02
2.630000e-06	-1.607222e-06	-6.895062e-09	-1.149411e+01	-4.535964e+02
2.640000e-06	-1.714377e-06	-7.717539e-09	-1.226043e+01	-5.074988e+02
2.650000e-06	-1.820970e-06	-8.513253e-09	-1.302273e+01	-5.596519e+02
2.660000e-06	-1.926933e-06	-9.278512e-09	-1.378054e+01	-6.095998e+02
2.670000e-06	-2.032237e-06	-1.000625e-08	-1.453362e+01	-6.570158e+02
2.680000e-06	-2.136821e-06	-1.069113e-08	-1.528156e+01	-7.017149e+02
2.690000e-06	-2.240594e-06	-1.133337e-08	-1.602369e+01	-7.436465e+02
2.700000e-06	-2.343489e-06	-1.193595e-08	-1.675955e+01	-7.828725e+02
2.710000e-06	-2.445433e-06	-1.250173e-08	-1.748860e+01	-8.195353e+02
2.720000e-06	-2.546387e-06	-1.303168e-08	-1.821059e+01	-8.538230e+02
2.730000e-06	-2.646343e-06	-1.352377e-08	-1.892542e+01	-8.859390e+02
2.740000e-06	-2.745374e-06	-1.398237e-08	-1.963365e+01	-9.160778e+02
2.750000e-06	-2.843512e-06	-1.441427e-08	-2.033548e+01	-9.444110e+02
2.760000e-06	-2.940700e-06	-1.482202e-08	-2.103053e+01	-9.710832e+02
2.770000e-06	-3.036924e-06	-1.520946e-08	-2.171868e+01	-9.962147e+02
2.780000e-06	-3.132176e-06	-1.557411e-08	-2.239988e+01	-1.019908e+03
2.790000e-06	-3.226363e-06	-1.591429e-08	-2.307346e+01	-1.042255e+03
2.800000e-06	-3.319263e-06	-1.623204e-08	-2.373783e+01	-1.063346e+03
2.810000e-06	-3.410900e-06	-1.653258e-08	-2.439318e+01	-1.083268e+03
2.820000e-06	-3.501365e-06	-1.682099e-08	-2.504015e+01	-1.102108e+03
2.830000e-06	-3.590605e-06	-1.709613e-08	-2.567835e+01	-1.119950e+03
2.840000e-06	-3.678582e-06	-1.735587e-08	-2.630752e+01	-1.136869e+03
2.850000e-06	-3.765270e-06	-1.760181e-08	-2.692747e+01	-1.152930e+03
2.860000e-06	-3.850539e-06	-1.783682e-08	-2.753728e+01	-1.168186e+03
2.870000e-06	-3.934394e-06	-1.806231e-08	-2.813697e+01	-1.182679e+03
2.880000e-06	-4.016908e-06	-1.827621e-08	-2.872707e+01	-1.196446e+03
2.890000e-06	-4.098015e-06	-1.847709e-08	-2.930711e+01	-1.209516e+03
2.900000e-06	-4.177695e-06	-1.866587e-08	-2.987695e+01	-1.221920e+03
2.910000e-06	-4.255761e-06	-1.884456e-08	-3.043523e+01	-1.233691e+03
2.920000e-06	-4.332024e-06	-1.901532e-08	-3.098064e+01	-1.244862e+03
2.930000e-06	-4.406575e-06	-1.917733e-08	-3.151379e+01	-1.255469e+03
2.940000e-06	-4.479529e-06	-1.933234e-08	-3.203553e+01	-1.265545e+03
2.950000e-06	-4.550895e-06	-1.948095e-08	-3.254590e+01	-1.275119e+03
2.960000e-06	-4.620479e-06	-1.962154e-08	-3.304353e+01	-1.284211e+03
2.970000e-06	-4.688294e-06	-1.975390e-08	-3.352851e+01	-1.292839e+03
2.980000e-06	-4.754503e-06	-1.987808e-08	-3.400201e+01	-1.301011e+03
2.990000e-06	-4.819099e-06	-1.999481e-08	-3.446397e+01	-1.308736e+03
3.000000e-06	-4.881964e-06	-2.010545e-08	-3.491355e+01	-1.316024e+03
3.010000e-06	-4.942935e-06	-2.021054e-08	-3.534959e+01	-1.322888e+03
3.020000e-06	-5.002080e-06	-2.030909e-08	-3.577257e+01	-1.329352e+03
3.030000e-06	-5.059511e-06	-2.040158e-08	-3.618329e+01	-1.335444e+03
3.040000e-06	-5.115194e-06	-2.048977e-08	-3.658150e+01	-1.341198e+03
3.050000e-06	-5.168880e-06	-2.057549e-08	-3.696544e+01	-1.346652e+03
3.060000e-06	-5.220452e-06	-2.065803e-08	-3.733426e+01	-1.351836e+03
3.070000e-06	-5.269925e-06	-2.073568e-08	-3.768807e+01	-1.356778e+03
3.080000e-06	-5.317189e-06	-2.080742e-08	-3.802608e+01	-1.361490e+03
3.090000e-06	-5.362517e-06	-2.087383e-08	-3.835025e+01	-1.365977e+03
3.100000e-06	-5.406292e-06	-2.093689e-08	-3.866330e+01	-1.370233e+03
3.110000e-06	-5.448408e-06	-2.099697e-08	-3.896450e+01	-1.374246e+03
3.120000e-06	-5.488748e-06	-2.105328e-08	-3.925299e+01	-1.378001e+03
3.130000e-06	-5.527109e-06	-2.110633e-08	-3.952733e+01	-1.381489e+03
3.140000e-06	-5.563406e-06	-2.115492e-08	-3.978691e+01	-1.384704e+03
3.150000e-06	-5.597783e-06	-2.120121e-08	-4.003276e+01	-1.387651e+03
3.160000e-06	-5.630148e-06	-2.124652e-08	-4.026422e+01	-1.390339e+03
3.170000e-06	-5.660349e-06	-2.128817e-08	-4.048020e+01	-1.392786e+03
3.180000e-06	-5.688470e-06	-2.132327e-08	-4.068131e+01	-1.395009e+03
3.190000e-06	-5.714631e-06	-2.135559e-08	-4.086840e+01	-1.397026e+03
3.200000e-06	-5.738823e-06	-2.138487e-08	-4.104141e+01	-1.398847e+03
3.210000e-06	-5.760936e-06	-2.140965e-08	-4.119956e+01	-1.400478e+03
3.220000e-06	-5.780963e-06	-2.142960e-08	-4.134278e+01	-1.401921e+03
3.230000e-06	-5.799018e-06	-2.144736e-08	-4.147190e+01	-1.403171e+03
3.240000e-06	-5.815020e-06	-2.146378e-08	-4.158634e+01	-1.404226e+03
3.250000e-06	-5.828722e-06	-2.147879e-08	-4.168433e+01	-1.405087e+03
3.260000e-06	-5.840031e-06	-2.149190e-08	-4.176520e+01	-1.405757e+03
3.270000e-06	-5.849232e-06	-2.149972e-08	-4.183100e+01	-1.406248e+03
3.280000e-06	-5.856331e-06	-2.150349e-08	-4.188177e+01	-1.406574e+03
3.290000e-06	-5.861178e-06	-2.150475e-08	-4.191644e+01	-1.406754e+03
3.300000e-06	-5.864007e-06	-2.150425e-08	-4.193667e+01	-1.406801e+03
3.310000e-06	-5.864959e-06	-2.150041e-08	-4.194348e+01	-1.406726e+03
