# Temperatura_=_48.11
# Concentracion g/m^3_=_26700.0
# C_Vs_to_Am_M_A/Vsm_=_65563218390.804596
# pendiente_HvsI_1/m_=_3716.3
# ordenada_HvsI_A/m_=_1297.0
# frecuencia_Hz_=_302187.3824547657

Tiempo_(s)	Campo_(V.s)	Magnetizacion_(V.s)	Campo_(kA/m)	Magnetizacion_(A/m)
0.000000e+00	-6.593630e-06	-2.480580e-08	-4.770129e+01	-1.622610e+03
1.000000e-08	-6.591509e-06	-2.481142e-08	-4.768595e+01	-1.622603e+03
2.000000e-08	-6.587070e-06	-2.480547e-08	-4.765384e+01	-1.622406e+03
3.000000e-08	-6.580605e-06	-2.479620e-08	-4.760707e+01	-1.622009e+03
4.000000e-08	-6.572113e-06	-2.478691e-08	-4.754563e+01	-1.621404e+03
5.000000e-08	-6.561278e-06	-2.477208e-08	-4.746725e+01	-1.620589e+03
6.000000e-08	-6.547926e-06	-2.475316e-08	-4.737065e+01	-1.619572e+03
7.000000e-08	-6.532051e-06	-2.472314e-08	-4.725580e+01	-1.618372e+03
8.000000e-08	-6.514024e-06	-2.468356e-08	-4.712539e+01	-1.617018e+03
9.000000e-08	-6.494077e-06	-2.470828e-08	-4.698108e+01	-1.615542e+03
1.000000e-07	-6.471745e-06	-2.475252e-08	-4.681953e+01	-1.613978e+03
1.100000e-07	-6.446669e-06	-2.468079e-08	-4.663811e+01	-1.612351e+03
1.200000e-07	-6.419056e-06	-2.461409e-08	-4.643835e+01	-1.610676e+03
1.300000e-07	-6.389355e-06	-2.459745e-08	-4.622347e+01	-1.608949e+03
1.400000e-07	-6.357842e-06	-2.448263e-08	-4.599550e+01	-1.607152e+03
1.500000e-07	-6.324500e-06	-2.437647e-08	-4.575429e+01	-1.605251e+03
1.600000e-07	-6.289209e-06	-2.453794e-08	-4.549898e+01	-1.603205e+03
1.700000e-07	-6.251960e-06	-2.446628e-08	-4.522950e+01	-1.600970e+03
1.800000e-07	-6.212796e-06	-2.434329e-08	-4.494617e+01	-1.598510e+03
1.900000e-07	-6.171333e-06	-2.444732e-08	-4.464621e+01	-1.595801e+03
2.000000e-07	-6.127427e-06	-2.425855e-08	-4.432857e+01	-1.592836e+03
2.100000e-07	-6.081388e-06	-2.417935e-08	-4.399551e+01	-1.589623e+03
2.200000e-07	-6.032886e-06	-2.421186e-08	-4.364462e+01	-1.586187e+03
2.300000e-07	-5.981723e-06	-2.415207e-08	-4.327448e+01	-1.582559e+03
2.400000e-07	-5.928204e-06	-2.413059e-08	-4.288731e+01	-1.578774e+03
2.500000e-07	-5.872491e-06	-2.402209e-08	-4.248425e+01	-1.574861e+03
2.600000e-07	-5.814468e-06	-2.396099e-08	-4.206449e+01	-1.570838e+03
2.700000e-07	-5.754227e-06	-2.389947e-08	-4.162867e+01	-1.566712e+03
2.800000e-07	-5.691994e-06	-2.379847e-08	-4.117845e+01	-1.562475e+03
2.900000e-07	-5.627740e-06	-2.377548e-08	-4.071361e+01	-1.558111e+03
3.000000e-07	-5.561267e-06	-2.371201e-08	-4.023271e+01	-1.553596e+03
3.100000e-07	-5.492604e-06	-2.363126e-08	-3.973598e+01	-1.548909e+03
3.200000e-07	-5.421974e-06	-2.352640e-08	-3.922501e+01	-1.544031e+03
3.300000e-07	-5.349449e-06	-2.347058e-08	-3.870033e+01	-1.538952e+03
3.400000e-07	-5.274791e-06	-2.340761e-08	-3.816022e+01	-1.533672e+03
3.500000e-07	-5.197891e-06	-2.328655e-08	-3.760389e+01	-1.528197e+03
3.600000e-07	-5.118814e-06	-2.322649e-08	-3.703181e+01	-1.522537e+03
3.700000e-07	-5.037672e-06	-2.313451e-08	-3.644479e+01	-1.516704e+03
3.800000e-07	-4.954872e-06	-2.303414e-08	-3.584578e+01	-1.510706e+03
3.900000e-07	-4.870540e-06	-2.294225e-08	-3.523569e+01	-1.504545e+03
4.000000e-07	-4.784617e-06	-2.284957e-08	-3.461408e+01	-1.498217e+03
4.100000e-07	-4.697181e-06	-2.274563e-08	-3.398153e+01	-1.491715e+03
4.200000e-07	-4.608142e-06	-2.262511e-08	-3.333738e+01	-1.485025e+03
4.300000e-07	-4.517367e-06	-2.253369e-08	-3.268067e+01	-1.478136e+03
4.400000e-07	-4.424965e-06	-2.243309e-08	-3.201220e+01	-1.471040e+03
4.500000e-07	-4.331063e-06	-2.231775e-08	-3.133287e+01	-1.463732e+03
4.600000e-07	-4.235635e-06	-2.219365e-08	-3.064250e+01	-1.456212e+03
4.700000e-07	-4.138648e-06	-2.206909e-08	-2.994085e+01	-1.448486e+03
4.800000e-07	-4.040135e-06	-2.194773e-08	-2.922816e+01	-1.440557e+03
4.900000e-07	-3.940188e-06	-2.182411e-08	-2.850510e+01	-1.432428e+03
5.000000e-07	-3.838891e-06	-2.170963e-08	-2.777227e+01	-1.424096e+03
5.100000e-07	-3.736242e-06	-2.158401e-08	-2.702966e+01	-1.415554e+03
5.200000e-07	-3.632259e-06	-2.144268e-08	-2.627740e+01	-1.406787e+03
5.300000e-07	-3.526922e-06	-2.129432e-08	-2.551534e+01	-1.397777e+03
5.400000e-07	-3.420196e-06	-2.114794e-08	-2.474324e+01	-1.388506e+03
5.500000e-07	-3.312162e-06	-2.100348e-08	-2.396167e+01	-1.378956e+03
5.600000e-07	-3.202942e-06	-2.085612e-08	-2.317153e+01	-1.369114e+03
5.700000e-07	-3.092592e-06	-2.070222e-08	-2.237321e+01	-1.358976e+03
5.800000e-07	-2.981063e-06	-2.053817e-08	-2.156636e+01	-1.348540e+03
5.900000e-07	-2.868362e-06	-2.036764e-08	-2.075103e+01	-1.337812e+03
6.000000e-07	-2.754483e-06	-2.019638e-08	-1.992718e+01	-1.326796e+03
6.100000e-07	-2.639351e-06	-2.002512e-08	-1.909426e+01	-1.315496e+03
6.200000e-07	-2.523086e-06	-1.984982e-08	-1.825314e+01	-1.303909e+03
6.300000e-07	-2.405870e-06	-1.966808e-08	-1.740515e+01	-1.292026e+03
6.400000e-07	-2.287829e-06	-1.947844e-08	-1.655119e+01	-1.279829e+03
6.500000e-07	-2.169002e-06	-1.928035e-08	-1.569154e+01	-1.267298e+03
6.600000e-07	-2.049400e-06	-1.908071e-08	-1.482629e+01	-1.254409e+03
6.700000e-07	-1.929099e-06	-1.888099e-08	-1.395597e+01	-1.241138e+03
6.800000e-07	-1.808186e-06	-1.867390e-08	-1.308124e+01	-1.227470e+03
6.900000e-07	-1.686674e-06	-1.845708e-08	-1.220216e+01	-1.213392e+03
7.000000e-07	-1.564478e-06	-1.823312e-08	-1.131814e+01	-1.198900e+03
7.100000e-07	-1.441576e-06	-1.800354e-08	-1.042901e+01	-1.183993e+03
7.200000e-07	-1.318138e-06	-1.776892e-08	-9.536009e+00	-1.168671e+03
7.300000e-07	-1.194320e-06	-1.752896e-08	-8.640249e+00	-1.152929e+03
7.400000e-07	-1.070121e-06	-1.728471e-08	-7.741739e+00	-1.136756e+03
7.500000e-07	-9.456096e-07	-1.703533e-08	-6.840966e+00	-1.120130e+03
7.600000e-07	-8.208308e-07	-1.677602e-08	-5.938260e+00	-1.103017e+03
7.700000e-07	-6.957856e-07	-1.650773e-08	-5.033627e+00	-1.085379e+03
7.800000e-07	-5.705359e-07	-1.622959e-08	-4.127514e+00	-1.067168e+03
7.900000e-07	-4.451793e-07	-1.594222e-08	-3.220628e+00	-1.048338e+03
8.000000e-07	-3.197455e-07	-1.564559e-08	-2.313183e+00	-1.028844e+03
8.100000e-07	-1.941564e-07	-1.533755e-08	-1.404615e+00	-1.008646e+03
8.200000e-07	-6.846482e-08	-1.501836e-08	-4.953054e-01	-9.877072e+02
8.300000e-07	5.724929e-08	-1.468662e-08	4.141672e-01	-9.659930e+02
8.400000e-07	1.829726e-07	-1.434322e-08	1.323707e+00	-9.434650e+02
8.500000e-07	3.086472e-07	-1.398739e-08	2.232893e+00	-9.200762e+02
8.600000e-07	4.342516e-07	-1.361692e-08	3.141572e+00	-8.957659e+02
8.700000e-07	5.597820e-07	-1.323200e-08	4.049716e+00	-8.704562e+02
8.800000e-07	6.851595e-07	-1.283045e-08	4.956753e+00	-8.440510e+02
8.900000e-07	8.103202e-07	-1.241175e-08	5.862222e+00	-8.164368e+02
9.000000e-07	9.352747e-07	-1.197174e-08	6.766199e+00	-7.874854e+02
9.100000e-07	1.060001e-06	-1.150771e-08	7.668522e+00	-7.570577e+02
9.200000e-07	1.184453e-06	-1.101806e-08	8.568866e+00	-7.250057e+02
9.300000e-07	1.308565e-06	-1.050162e-08	9.466752e+00	-6.911734e+02
9.400000e-07	1.432229e-06	-9.957044e-09	1.036139e+01	-6.553951e+02
9.500000e-07	1.555332e-06	-9.380852e-09	1.125197e+01	-6.174919e+02
9.600000e-07	1.677721e-06	-8.768833e-09	1.213739e+01	-5.772666e+02
9.700000e-07	1.799312e-06	-8.117130e-09	1.301703e+01	-5.345021e+02
9.800000e-07	1.920163e-06	-7.423050e-09	1.389133e+01	-4.889618e+02
9.900000e-07	2.040349e-06	-6.680303e-09	1.476080e+01	-4.403973e+02
1.000000e-06	2.159802e-06	-5.884927e-09	1.562498e+01	-3.885636e+02
1.010000e-06	2.278408e-06	-5.037614e-09	1.648303e+01	-3.332418e+02
1.020000e-06	2.396142e-06	-4.135763e-09	1.733477e+01	-2.742671e+02
1.030000e-06	2.513048e-06	-3.178216e-09	1.818052e+01	-2.115607e+02
1.040000e-06	2.629019e-06	-2.164775e-09	1.901951e+01	-1.451589e+02
1.050000e-06	2.743782e-06	-1.098109e-09	1.984976e+01	-7.523704e+01
1.060000e-06	2.857303e-06	1.840327e-11	2.067102e+01	-2.122540e+00
1.070000e-06	2.969739e-06	1.175920e-09	2.148443e+01	7.370584e+01
1.080000e-06	3.081132e-06	2.365773e-09	2.229030e+01	1.516329e+02
1.090000e-06	3.191391e-06	3.576788e-09	2.308797e+01	2.309358e+02
1.100000e-06	3.300550e-06	4.794373e-09	2.387767e+01	3.108237e+02
1.110000e-06	3.408726e-06	6.007095e-09	2.466026e+01	3.904831e+02
1.120000e-06	3.515743e-06	7.202307e-09	2.543447e+01	4.691242e+02
1.130000e-06	3.621357e-06	8.369801e-09	2.619853e+01	5.460225e+02
1.140000e-06	3.725635e-06	9.501354e-09	2.695292e+01	6.205513e+02
1.150000e-06	3.828578e-06	1.059033e-08	2.769766e+01	6.922023e+02
1.160000e-06	3.930180e-06	1.162887e-08	2.843270e+01	7.605940e+02
1.170000e-06	4.030518e-06	1.261438e-08	2.915859e+01	8.254684e+02
1.180000e-06	4.129391e-06	1.354554e-08	2.987388e+01	8.866780e+02
1.190000e-06	4.226675e-06	1.442025e-08	3.057767e+01	9.441682e+02
1.200000e-06	4.322352e-06	1.523609e-08	3.126985e+01	9.979569e+02
1.210000e-06	4.416426e-06	1.599519e-08	3.195042e+01	1.048115e+03
1.220000e-06	4.509100e-06	1.669981e-08	3.262086e+01	1.094753e+03
1.230000e-06	4.600299e-06	1.735312e-08	3.328064e+01	1.138005e+03
1.240000e-06	4.689752e-06	1.795684e-08	3.392778e+01	1.178025e+03
1.250000e-06	4.777439e-06	1.851547e-08	3.456215e+01	1.214981e+03
1.260000e-06	4.863416e-06	1.903200e-08	3.518414e+01	1.249053e+03
1.270000e-06	4.947798e-06	1.950555e-08	3.579461e+01	1.280428e+03
1.280000e-06	5.030500e-06	1.993953e-08	3.639291e+01	1.309302e+03
1.290000e-06	5.111248e-06	2.034043e-08	3.697708e+01	1.335872e+03
1.300000e-06	5.190032e-06	2.071202e-08	3.754703e+01	1.360329e+03
1.310000e-06	5.266941e-06	2.105421e-08	3.810343e+01	1.382860e+03
1.320000e-06	5.341802e-06	2.136982e-08	3.864501e+01	1.403636e+03
1.330000e-06	5.414503e-06	2.166021e-08	3.917096e+01	1.422813e+03
1.340000e-06	5.485175e-06	2.192616e-08	3.968223e+01	1.440527e+03
1.350000e-06	5.553947e-06	2.217175e-08	4.017976e+01	1.456898e+03
1.360000e-06	5.620788e-06	2.240043e-08	4.066332e+01	1.472029e+03
1.370000e-06	5.685576e-06	2.261244e-08	4.113202e+01	1.486010e+03
1.380000e-06	5.748313e-06	2.280701e-08	4.158589e+01	1.498922e+03
1.390000e-06	5.809125e-06	2.298642e-08	4.202584e+01	1.510836e+03
1.400000e-06	5.867933e-06	2.315351e-08	4.245127e+01	1.521821e+03
1.410000e-06	5.924602e-06	2.330815e-08	4.286125e+01	1.531941e+03
1.420000e-06	5.979185e-06	2.345070e-08	4.325612e+01	1.541255e+03
1.430000e-06	6.031493e-06	2.358121e-08	4.363454e+01	1.549822e+03
1.440000e-06	6.081196e-06	2.370120e-08	4.399412e+01	1.557695e+03
1.450000e-06	6.128429e-06	2.381062e-08	4.433582e+01	1.564923e+03
1.460000e-06	6.173597e-06	2.390975e-08	4.466259e+01	1.571555e+03
1.470000e-06	6.216668e-06	2.400198e-08	4.497418e+01	1.577634e+03
1.480000e-06	6.257448e-06	2.408602e-08	4.526920e+01	1.583202e+03
1.490000e-06	6.295976e-06	2.416296e-08	4.554793e+01	1.588296e+03
1.500000e-06	6.332445e-06	2.423467e-08	4.581176e+01	1.592951e+03
1.510000e-06	6.366688e-06	2.430015e-08	4.605950e+01	1.597198e+03
1.520000e-06	6.398538e-06	2.435987e-08	4.628991e+01	1.601063e+03
1.530000e-06	6.428229e-06	2.441223e-08	4.650471e+01	1.604567e+03
1.540000e-06	6.455838e-06	2.445861e-08	4.670445e+01	1.607725e+03
1.550000e-06	6.481033e-06	2.450065e-08	4.688672e+01	1.610549e+03
1.560000e-06	6.503687e-06	2.453866e-08	4.705061e+01	1.613048e+03
1.570000e-06	6.524141e-06	2.457229e-08	4.719858e+01	1.615232e+03
1.580000e-06	6.542418e-06	2.460073e-08	4.733081e+01	1.617111e+03
1.590000e-06	6.558210e-06	2.462470e-08	4.744505e+01	1.618699e+03
1.600000e-06	6.571457e-06	2.464432e-08	4.754088e+01	1.620015e+03
1.610000e-06	6.582122e-06	2.466027e-08	4.761804e+01	1.621080e+03
1.620000e-06	6.590175e-06	2.467386e-08	4.767630e+01	1.621917e+03
1.630000e-06	6.595873e-06	2.468610e-08	4.771753e+01	1.622548e+03
1.640000e-06	6.599362e-06	2.469498e-08	4.774277e+01	1.622987e+03
1.650000e-06	6.600466e-06	2.470282e-08	4.775075e+01	1.623246e+03
1.660000e-06	6.599228e-06	2.470258e-08	4.774179e+01	1.623324e+03
1.670000e-06	6.595905e-06	2.469419e-08	4.771775e+01	1.623216e+03
1.680000e-06	6.590352e-06	2.469328e-08	4.767758e+01	1.622914e+03
1.690000e-06	6.582539e-06	2.468666e-08	4.762106e+01	1.622406e+03
1.700000e-06	6.572654e-06	2.467508e-08	4.754955e+01	1.621688e+03
1.710000e-06	6.560652e-06	2.466726e-08	4.746272e+01	1.620763e+03
1.720000e-06	6.546282e-06	2.466939e-08	4.735876e+01	1.619645e+03
1.730000e-06	6.529696e-06	2.467704e-08	4.723877e+01	1.618359e+03
1.740000e-06	6.511204e-06	2.457951e-08	4.710499e+01	1.616935e+03
1.750000e-06	6.490256e-06	2.450523e-08	4.695344e+01	1.615408e+03
1.760000e-06	6.466113e-06	2.455017e-08	4.677878e+01	1.613808e+03
1.770000e-06	6.439112e-06	2.452205e-08	4.658344e+01	1.612155e+03
1.780000e-06	6.409863e-06	2.449892e-08	4.637184e+01	1.610453e+03
1.790000e-06	6.378641e-06	2.462360e-08	4.614597e+01	1.608692e+03
1.800000e-06	6.346037e-06	2.448547e-08	4.591010e+01	1.606845e+03
1.810000e-06	6.311814e-06	2.438618e-08	4.566251e+01	1.604871e+03
1.820000e-06	6.275271e-06	2.451204e-08	4.539814e+01	1.602729e+03
1.830000e-06	6.236494e-06	2.431100e-08	4.511761e+01	1.600378e+03
1.840000e-06	6.195497e-06	2.437915e-08	4.482103e+01	1.597787e+03
1.850000e-06	6.152356e-06	2.442495e-08	4.450892e+01	1.594940e+03
1.860000e-06	6.107202e-06	2.421985e-08	4.418226e+01	1.591840e+03
1.870000e-06	6.059701e-06	2.427910e-08	4.383861e+01	1.588504e+03
1.880000e-06	6.009959e-06	2.409500e-08	4.347876e+01	1.584961e+03
1.890000e-06	5.957911e-06	2.406661e-08	4.310222e+01	1.581245e+03
1.900000e-06	5.903184e-06	2.409796e-08	4.270630e+01	1.577388e+03
1.910000e-06	5.846172e-06	2.393725e-08	4.229385e+01	1.573415e+03
1.920000e-06	5.787078e-06	2.402669e-08	4.186633e+01	1.569337e+03
1.930000e-06	5.725909e-06	2.386738e-08	4.142381e+01	1.565154e+03
1.940000e-06	5.662594e-06	2.377225e-08	4.096576e+01	1.560851e+03
1.950000e-06	5.597019e-06	2.375278e-08	4.049136e+01	1.556409e+03
1.960000e-06	5.529393e-06	2.363295e-08	4.000213e+01	1.551805e+03
1.970000e-06	5.459601e-06	2.364373e-08	3.949722e+01	1.547017e+03
1.980000e-06	5.387643e-06	2.348608e-08	3.897664e+01	1.542032e+03
1.990000e-06	5.313700e-06	2.345981e-08	3.844170e+01	1.536845e+03
2.000000e-06	5.237773e-06	2.336782e-08	3.789242e+01	1.531459e+03
2.010000e-06	5.159739e-06	2.324953e-08	3.732788e+01	1.525884e+03
2.020000e-06	5.079689e-06	2.322150e-08	3.674876e+01	1.520130e+03
2.030000e-06	4.997905e-06	2.307707e-08	3.615710e+01	1.514208e+03
2.040000e-06	4.914431e-06	2.302338e-08	3.555321e+01	1.508123e+03
2.050000e-06	4.829223e-06	2.289992e-08	3.493678e+01	1.501874e+03
2.060000e-06	4.742181e-06	2.282676e-08	3.430707e+01	1.495454e+03
2.070000e-06	4.653431e-06	2.272519e-08	3.366502e+01	1.488852e+03
2.080000e-06	4.563214e-06	2.259955e-08	3.301235e+01	1.482057e+03
2.090000e-06	4.471502e-06	2.251508e-08	3.234887e+01	1.475058e+03
2.100000e-06	4.378228e-06	2.238774e-08	3.167408e+01	1.467849e+03
2.110000e-06	4.283232e-06	2.230166e-08	3.098683e+01	1.460427e+03
2.120000e-06	4.186674e-06	2.217678e-08	3.028829e+01	1.452797e+03
2.130000e-06	4.088836e-06	2.207132e-08	2.958049e+01	1.444961e+03
2.140000e-06	3.989655e-06	2.193301e-08	2.886296e+01	1.436925e+03
2.150000e-06	3.889007e-06	2.179918e-08	2.813483e+01	1.428688e+03
2.160000e-06	3.786757e-06	2.167676e-08	2.739511e+01	1.420245e+03
2.170000e-06	3.682924e-06	2.154404e-08	2.664393e+01	1.411584e+03
2.180000e-06	3.577771e-06	2.141672e-08	2.588321e+01	1.402690e+03
2.190000e-06	3.471490e-06	2.127621e-08	2.511433e+01	1.393543e+03
2.200000e-06	3.364014e-06	2.114180e-08	2.433680e+01	1.384124e+03
2.210000e-06	3.255381e-06	2.098628e-08	2.355089e+01	1.374419e+03
2.220000e-06	3.145524e-06	2.083627e-08	2.275614e+01	1.364418e+03
2.230000e-06	3.034396e-06	2.068458e-08	2.195219e+01	1.354120e+03
2.240000e-06	2.922076e-06	2.053363e-08	2.113961e+01	1.343527e+03
2.250000e-06	2.808630e-06	2.036552e-08	2.031890e+01	1.332644e+03
2.260000e-06	2.694135e-06	2.019326e-08	1.949059e+01	1.321476e+03
2.270000e-06	2.578529e-06	2.001527e-08	1.865424e+01	1.310024e+03
2.280000e-06	2.461759e-06	1.983656e-08	1.780948e+01	1.298280e+03
2.290000e-06	2.343952e-06	1.965947e-08	1.695721e+01	1.286231e+03
2.300000e-06	2.225221e-06	1.947594e-08	1.609825e+01	1.273859e+03
2.310000e-06	2.105549e-06	1.928827e-08	1.523250e+01	1.261138e+03
2.320000e-06	1.985095e-06	1.908573e-08	1.436107e+01	1.248047e+03
2.330000e-06	1.864089e-06	1.887879e-08	1.348566e+01	1.234566e+03
2.340000e-06	1.742571e-06	1.866694e-08	1.260655e+01	1.220679e+03
2.350000e-06	1.620465e-06	1.845522e-08	1.172318e+01	1.206379e+03
2.360000e-06	1.497894e-06	1.823362e-08	1.083644e+01	1.191665e+03
2.370000e-06	1.374916e-06	1.800039e-08	9.946765e+00	1.176536e+03
2.380000e-06	1.251461e-06	1.775751e-08	9.053637e+00	1.160990e+03
2.390000e-06	1.127542e-06	1.751128e-08	8.157148e+00	1.145020e+03
2.400000e-06	1.003165e-06	1.726472e-08	7.257347e+00	1.128607e+03
2.410000e-06	8.783905e-07	1.700829e-08	6.354673e+00	1.111725e+03
2.420000e-06	7.533291e-07	1.674475e-08	5.449923e+00	1.094337e+03
2.430000e-06	6.280863e-07	1.647112e-08	4.543860e+00	1.076397e+03
2.440000e-06	5.026579e-07	1.618434e-08	3.636454e+00	1.057861e+03
2.450000e-06	3.770748e-07	1.588488e-08	2.727929e+00	1.038680e+03
2.460000e-06	2.514197e-07	1.557841e-08	1.818884e+00	1.018814e+03
2.470000e-06	1.256136e-07	1.526768e-08	9.087454e-01	9.982234e+02
2.480000e-06	-3.017789e-10	1.494612e-08	-2.183205e-03	9.768738e+02
2.490000e-06	-1.261769e-07	1.461239e-08	-9.128207e-01	9.547289e+02
2.500000e-06	-2.520313e-07	1.426280e-08	-1.823308e+00	9.317464e+02
2.510000e-06	-3.778041e-07	1.389568e-08	-2.733205e+00	9.078726e+02
2.520000e-06	-5.034967e-07	1.351249e-08	-3.642523e+00	8.830379e+02
2.530000e-06	-6.291213e-07	1.311432e-08	-4.551348e+00	8.571545e+02
2.540000e-06	-7.545568e-07	1.270177e-08	-5.458805e+00	8.301168e+02
2.550000e-06	-8.797462e-07	1.226982e-08	-6.364481e+00	8.018030e+02
2.560000e-06	-1.004616e-06	1.181648e-08	-7.267848e+00	7.720787e+02
2.570000e-06	-1.129158e-06	1.134100e-08	-8.168839e+00	7.407998e+02
2.580000e-06	-1.253302e-06	1.083615e-08	-9.066955e+00	7.078141e+02
2.590000e-06	-1.376944e-06	1.029969e-08	-9.961435e+00	6.729608e+02
2.600000e-06	-1.500060e-06	9.734941e-09	-1.085211e+01	6.360675e+02
2.610000e-06	-1.622564e-06	9.141123e-09	-1.173836e+01	5.969461e+02
2.620000e-06	-1.744441e-06	8.510592e-09	-1.262007e+01	5.553890e+02
2.630000e-06	-1.865756e-06	7.836724e-09	-1.349772e+01	5.111680e+02
2.640000e-06	-1.986420e-06	7.117683e-09	-1.437066e+01	4.640387e+02
2.650000e-06	-2.106382e-06	6.349640e-09	-1.523852e+01	4.137524e+02
2.660000e-06	-2.225496e-06	5.530839e-09	-1.610024e+01	3.600746e+02
2.670000e-06	-2.343609e-06	4.659647e-09	-1.695473e+01	3.028117e+02
2.680000e-06	-2.460760e-06	3.733121e-09	-1.780225e+01	2.418411e+02
2.690000e-06	-2.576929e-06	2.750844e-09	-1.864266e+01	1.771421e+02
2.700000e-06	-2.692070e-06	1.712141e-09	-1.947565e+01	1.088233e+02
2.710000e-06	-2.806005e-06	6.193134e-10	-2.029991e+01	3.714068e+01
2.720000e-06	-2.918676e-06	-5.188861e-10	-2.111502e+01	-3.749637e+01
2.730000e-06	-3.030168e-06	-1.692533e-09	-2.192160e+01	-1.145331e+02
2.740000e-06	-3.140459e-06	-2.893279e-09	-2.271950e+01	-1.932924e+02
2.750000e-06	-3.249658e-06	-4.111348e-09	-2.350949e+01	-2.730095e+02
2.760000e-06	-3.357900e-06	-5.332749e-09	-2.429257e+01	-3.528756e+02
2.770000e-06	-3.465079e-06	-6.544265e-09	-2.506794e+01	-4.320844e+02
2.780000e-06	-3.571073e-06	-7.735533e-09	-2.583475e+01	-5.098763e+02
2.790000e-06	-3.675866e-06	-8.893489e-09	-2.659288e+01	-5.855759e+02
2.800000e-06	-3.779314e-06	-1.000918e-08	-2.734126e+01	-6.586181e+02
2.810000e-06	-3.881289e-06	-1.107894e-08	-2.807900e+01	-7.285624e+02
2.820000e-06	-3.981891e-06	-1.209877e-08	-2.880680e+01	-7.950944e+02
2.830000e-06	-4.081155e-06	-1.306334e-08	-2.952492e+01	-8.580174e+02
2.840000e-06	-4.179064e-06	-1.397114e-08	-3.023323e+01	-9.172361e+02
2.850000e-06	-4.275635e-06	-1.482392e-08	-3.093187e+01	-9.727372e+02
2.860000e-06	-4.370635e-06	-1.561895e-08	-3.161914e+01	-1.024570e+03
2.870000e-06	-4.463995e-06	-1.635763e-08	-3.229456e+01	-1.072826e+03
2.880000e-06	-4.555809e-06	-1.704535e-08	-3.295878e+01	-1.117632e+03
2.890000e-06	-4.645957e-06	-1.768469e-08	-3.361095e+01	-1.159132e+03
2.900000e-06	-4.734450e-06	-1.827826e-08	-3.425115e+01	-1.197489e+03
2.910000e-06	-4.821163e-06	-1.882660e-08	-3.487847e+01	-1.232877e+03
2.920000e-06	-4.906109e-06	-1.932792e-08	-3.549301e+01	-1.265480e+03
2.930000e-06	-4.989379e-06	-1.978633e-08	-3.609542e+01	-1.295491e+03
2.940000e-06	-5.070915e-06	-2.020902e-08	-3.668529e+01	-1.323106e+03
2.950000e-06	-5.150581e-06	-2.060020e-08	-3.726163e+01	-1.348521e+03
2.960000e-06	-5.228093e-06	-2.096168e-08	-3.782238e+01	-1.371924e+03
2.970000e-06	-5.303492e-06	-2.129451e-08	-3.836785e+01	-1.393494e+03
2.980000e-06	-5.377020e-06	-2.160248e-08	-3.889979e+01	-1.413395e+03
2.990000e-06	-5.448623e-06	-2.188585e-08	-3.941780e+01	-1.431772e+03
3.000000e-06	-5.518097e-06	-2.214407e-08	-3.992040e+01	-1.448753e+03
3.010000e-06	-5.585521e-06	-2.238443e-08	-4.040818e+01	-1.464448e+03
3.020000e-06	-5.651083e-06	-2.260959e-08	-4.088249e+01	-1.478952e+03
3.030000e-06	-5.714690e-06	-2.281704e-08	-4.134265e+01	-1.492351e+03
3.040000e-06	-5.776152e-06	-2.300699e-08	-4.178729e+01	-1.504719e+03
3.050000e-06	-5.835499e-06	-2.318121e-08	-4.221663e+01	-1.516128e+03
3.060000e-06	-5.892905e-06	-2.334105e-08	-4.263193e+01	-1.526642e+03
3.070000e-06	-5.948289e-06	-2.348881e-08	-4.303261e+01	-1.536323e+03
3.080000e-06	-6.001333e-06	-2.362666e-08	-4.341635e+01	-1.545229e+03
3.090000e-06	-6.051875e-06	-2.375435e-08	-4.378200e+01	-1.553418e+03
3.100000e-06	-6.099910e-06	-2.387049e-08	-4.412950e+01	-1.560939e+03
3.110000e-06	-6.145755e-06	-2.397484e-08	-4.446116e+01	-1.567842e+03
3.120000e-06	-6.189707e-06	-2.407039e-08	-4.477914e+01	-1.574173e+03
3.130000e-06	-6.231659e-06	-2.415754e-08	-4.508264e+01	-1.579973e+03
3.140000e-06	-6.271546e-06	-2.423718e-08	-4.537120e+01	-1.585282e+03
3.150000e-06	-6.309205e-06	-2.431222e-08	-4.564363e+01	-1.590137e+03
3.160000e-06	-6.344515e-06	-2.438183e-08	-4.589909e+01	-1.594570e+03
3.170000e-06	-6.377598e-06	-2.444641e-08	-4.613843e+01	-1.598609e+03
3.180000e-06	-6.408360e-06	-2.450268e-08	-4.636097e+01	-1.602278e+03
3.190000e-06	-6.436782e-06	-2.455404e-08	-4.656659e+01	-1.605595e+03
3.200000e-06	-6.462953e-06	-2.460021e-08	-4.675592e+01	-1.608573e+03
3.210000e-06	-6.486861e-06	-2.464025e-08	-4.692888e+01	-1.611222e+03
3.220000e-06	-6.508367e-06	-2.467422e-08	-4.708447e+01	-1.613551e+03
3.230000e-06	-6.527487e-06	-2.470352e-08	-4.722279e+01	-1.615570e+03
3.240000e-06	-6.544350e-06	-2.472953e-08	-4.734478e+01	-1.617290e+03
3.250000e-06	-6.558691e-06	-2.475251e-08	-4.744853e+01	-1.618730e+03
3.260000e-06	-6.570369e-06	-2.477259e-08	-4.753301e+01	-1.619909e+03
3.270000e-06	-6.579662e-06	-2.478804e-08	-4.760024e+01	-1.620849e+03
3.280000e-06	-6.586593e-06	-2.479771e-08	-4.765039e+01	-1.621573e+03
3.290000e-06	-6.591141e-06	-2.480286e-08	-4.768329e+01	-1.622100e+03
3.300000e-06	-6.593459e-06	-2.480506e-08	-4.770006e+01	-1.622442e+03
