# Temperatura_=_38.86
# Concentracion g/m^3_=_28200.0
# C_Vs_to_Am_M_A/Vsm_=_65563218390.804596
# pendiente_HvsI_1/m_=_3716.3
# ordenada_HvsI_A/m_=_1297.0
# frecuencia_Hz_=_301950.3935184848

Tiempo_(s)	Campo_(V.s)	Magnetizacion_(V.s)	Campo_(kA/m)	Magnetizacion_(A/m)
0.000000e+00	-5.829270e-06	-1.880302e-08	-4.192845e+01	-1.230238e+03
1.000000e-08	-5.825927e-06	-1.879869e-08	-4.190440e+01	-1.229964e+03
2.000000e-08	-5.820714e-06	-1.878812e-08	-4.186691e+01	-1.229553e+03
3.000000e-08	-5.813752e-06	-1.877838e-08	-4.181683e+01	-1.228984e+03
4.000000e-08	-5.804930e-06	-1.876525e-08	-4.175338e+01	-1.228241e+03
5.000000e-08	-5.793874e-06	-1.874852e-08	-4.167385e+01	-1.227313e+03
6.000000e-08	-5.780688e-06	-1.873076e-08	-4.157901e+01	-1.226202e+03
7.000000e-08	-5.765459e-06	-1.870561e-08	-4.146947e+01	-1.224921e+03
8.000000e-08	-5.748096e-06	-1.869635e-08	-4.134459e+01	-1.223492e+03
9.000000e-08	-5.728692e-06	-1.873039e-08	-4.120502e+01	-1.221944e+03
1.000000e-07	-5.707083e-06	-1.869586e-08	-4.104959e+01	-1.220305e+03
1.100000e-07	-5.683224e-06	-1.862222e-08	-4.087798e+01	-1.218594e+03
1.200000e-07	-5.657209e-06	-1.858915e-08	-4.069086e+01	-1.216823e+03
1.300000e-07	-5.629457e-06	-1.851693e-08	-4.049124e+01	-1.214985e+03
1.400000e-07	-5.600353e-06	-1.844720e-08	-4.028191e+01	-1.213064e+03
1.500000e-07	-5.569697e-06	-1.854501e-08	-4.006140e+01	-1.211030e+03
1.600000e-07	-5.537253e-06	-1.849456e-08	-3.982805e+01	-1.208852e+03
1.700000e-07	-5.502966e-06	-1.839299e-08	-3.958142e+01	-1.206497e+03
1.800000e-07	-5.466781e-06	-1.845167e-08	-3.932116e+01	-1.203940e+03
1.900000e-07	-5.428584e-06	-1.831281e-08	-3.904641e+01	-1.201165e+03
2.000000e-07	-5.388509e-06	-1.824763e-08	-3.875816e+01	-1.198169e+03
2.100000e-07	-5.346427e-06	-1.826925e-08	-3.845548e+01	-1.194960e+03
2.200000e-07	-5.302279e-06	-1.816195e-08	-3.813794e+01	-1.191553e+03
2.300000e-07	-5.256187e-06	-1.814476e-08	-3.780641e+01	-1.187964e+03
2.400000e-07	-5.207880e-06	-1.810050e-08	-3.745895e+01	-1.184209e+03
2.500000e-07	-5.157187e-06	-1.800763e-08	-3.709433e+01	-1.180299e+03
2.600000e-07	-5.104228e-06	-1.798044e-08	-3.671341e+01	-1.176235e+03
2.700000e-07	-5.049402e-06	-1.787970e-08	-3.631905e+01	-1.172014e+03
2.800000e-07	-4.992810e-06	-1.781046e-08	-3.591200e+01	-1.167622e+03
2.900000e-07	-4.934259e-06	-1.776136e-08	-3.549087e+01	-1.163044e+03
3.000000e-07	-4.873827e-06	-1.768405e-08	-3.505619e+01	-1.158266e+03
3.100000e-07	-4.811638e-06	-1.760149e-08	-3.460888e+01	-1.153273e+03
3.200000e-07	-4.747778e-06	-1.752215e-08	-3.414955e+01	-1.148058e+03
3.300000e-07	-4.682079e-06	-1.744455e-08	-3.367699e+01	-1.142614e+03
3.400000e-07	-4.614548e-06	-1.732612e-08	-3.319127e+01	-1.136940e+03
3.500000e-07	-4.545389e-06	-1.725059e-08	-3.269382e+01	-1.131034e+03
3.600000e-07	-4.474664e-06	-1.716822e-08	-3.218512e+01	-1.124893e+03
3.700000e-07	-4.402503e-06	-1.705846e-08	-3.166608e+01	-1.118514e+03
3.800000e-07	-4.328533e-06	-1.696626e-08	-3.113403e+01	-1.111884e+03
3.900000e-07	-4.252570e-06	-1.684506e-08	-3.058765e+01	-1.104991e+03
4.000000e-07	-4.174968e-06	-1.672853e-08	-3.002948e+01	-1.097818e+03
4.100000e-07	-4.095714e-06	-1.662412e-08	-2.945943e+01	-1.090347e+03
4.200000e-07	-4.014870e-06	-1.650874e-08	-2.887793e+01	-1.082562e+03
4.300000e-07	-3.932768e-06	-1.638561e-08	-2.828739e+01	-1.074449e+03
4.400000e-07	-3.849490e-06	-1.624963e-08	-2.768840e+01	-1.066000e+03
4.500000e-07	-3.764999e-06	-1.611864e-08	-2.708068e+01	-1.057206e+03
4.600000e-07	-3.679307e-06	-1.597398e-08	-2.646432e+01	-1.048065e+03
4.700000e-07	-3.592452e-06	-1.582950e-08	-2.583959e+01	-1.038572e+03
4.800000e-07	-3.504472e-06	-1.568228e-08	-2.520677e+01	-1.028721e+03
4.900000e-07	-3.415124e-06	-1.552446e-08	-2.456411e+01	-1.018499e+03
5.000000e-07	-3.324238e-06	-1.535908e-08	-2.391040e+01	-1.007890e+03
5.100000e-07	-3.232116e-06	-1.518091e-08	-2.324778e+01	-9.968702e+02
5.200000e-07	-3.138904e-06	-1.500468e-08	-2.257734e+01	-9.854098e+02
5.300000e-07	-3.044634e-06	-1.482034e-08	-2.189927e+01	-9.734753e+02
5.400000e-07	-2.949291e-06	-1.463113e-08	-2.121350e+01	-9.610311e+02
5.500000e-07	-2.852851e-06	-1.443365e-08	-2.051982e+01	-9.480413e+02
5.600000e-07	-2.755180e-06	-1.422530e-08	-1.981730e+01	-9.344710e+02
5.700000e-07	-2.656280e-06	-1.400628e-08	-1.910595e+01	-9.202874e+02
5.800000e-07	-2.556445e-06	-1.377707e-08	-1.838786e+01	-9.054589e+02
5.900000e-07	-2.455751e-06	-1.353803e-08	-1.766359e+01	-8.899543e+02
6.000000e-07	-2.354185e-06	-1.328550e-08	-1.693305e+01	-8.737410e+02
6.100000e-07	-2.251746e-06	-1.302746e-08	-1.619623e+01	-8.567830e+02
6.200000e-07	-2.148494e-06	-1.275990e-08	-1.545357e+01	-8.390390e+02
6.300000e-07	-2.044534e-06	-1.247790e-08	-1.470581e+01	-8.204617e+02
6.400000e-07	-1.939847e-06	-1.217863e-08	-1.395282e+01	-8.009964e+02
6.500000e-07	-1.834359e-06	-1.186462e-08	-1.319407e+01	-7.805816e+02
6.600000e-07	-1.728008e-06	-1.153567e-08	-1.242912e+01	-7.591489e+02
6.700000e-07	-1.620910e-06	-1.118930e-08	-1.165879e+01	-7.366244e+02
6.800000e-07	-1.513268e-06	-1.082655e-08	-1.088455e+01	-7.129300e+02
6.900000e-07	-1.405176e-06	-1.044257e-08	-1.010707e+01	-6.879854e+02
7.000000e-07	-1.296668e-06	-1.003670e-08	-9.326603e+00	-6.617113e+02
7.100000e-07	-1.187722e-06	-9.608941e-09	-8.542979e+00	-6.340335e+02
7.200000e-07	-1.078439e-06	-9.162421e-09	-7.756937e+00	-6.048888e+02
7.300000e-07	-9.688605e-07	-8.697286e-09	-6.968765e+00	-5.742326e+02
7.400000e-07	-8.589443e-07	-8.210779e-09	-6.178167e+00	-5.420471e+02
7.500000e-07	-7.487831e-07	-7.700605e-09	-5.385805e+00	-5.083504e+02
7.600000e-07	-6.384001e-07	-7.164363e-09	-4.591848e+00	-4.732036e+02
7.700000e-07	-5.278076e-07	-6.603398e-09	-3.796385e+00	-4.367160e+02
7.800000e-07	-4.170433e-07	-6.026167e-09	-2.999686e+00	-3.990440e+02
7.900000e-07	-3.061638e-07	-5.439395e-09	-2.202158e+00	-3.603855e+02
8.000000e-07	-1.951920e-07	-4.842675e-09	-1.403966e+00	-3.209665e+02
8.100000e-07	-8.410326e-08	-4.237303e-09	-6.049333e-01	-2.810219e+02
8.200000e-07	2.704133e-08	-3.625982e-09	1.945014e-01	-2.407718e+02
8.300000e-07	1.381721e-07	-3.013467e-09	9.938362e-01	-2.003967e+02
8.400000e-07	2.492844e-07	-2.398791e-09	1.793039e+00	-1.600146e+02
8.500000e-07	3.602956e-07	-1.782173e-09	2.591514e+00	-1.196654e+02
8.600000e-07	4.712202e-07	-1.167664e-09	3.389366e+00	-7.930420e+01
8.700000e-07	5.820915e-07	-5.508751e-10	4.186835e+00	-3.880790e+01
8.800000e-07	6.928034e-07	7.120772e-11	4.983157e+00	2.006119e+00
8.900000e-07	8.033532e-07	7.019388e-10	5.778314e+00	4.335001e+01
9.000000e-07	9.136521e-07	1.342912e-09	6.571666e+00	8.542819e+01
9.100000e-07	1.023594e-06	1.996599e-09	7.362450e+00	1.283979e+02
9.200000e-07	1.133132e-06	2.664802e-09	8.150328e+00	1.723337e+02
9.300000e-07	1.242274e-06	3.346051e-09	8.935359e+00	2.172011e+02
9.400000e-07	1.351089e-06	4.039777e-09	9.718035e+00	2.628446e+02
9.500000e-07	1.459502e-06	4.740703e-09	1.049782e+01	3.089913e+02
9.600000e-07	1.567444e-06	5.445700e-09	1.127423e+01	3.552705e+02
9.700000e-07	1.674859e-06	6.147780e-09	1.204683e+01	4.012465e+02
9.800000e-07	1.781555e-06	6.834724e-09	1.281427e+01	4.464590e+02
9.900000e-07	1.887459e-06	7.500942e-09	1.357601e+01	4.904659e+02
1.000000e-06	1.992671e-06	8.143919e-09	1.433277e+01	5.328817e+02
1.010000e-06	2.097075e-06	8.758768e-09	1.508372e+01	5.734069e+02
1.020000e-06	2.200592e-06	9.339915e-09	1.582830e+01	6.118439e+02
1.030000e-06	2.303327e-06	9.886614e-09	1.656724e+01	6.480999e+02
1.040000e-06	2.405189e-06	1.040127e-08	1.729991e+01	6.821766e+02
1.050000e-06	2.506182e-06	1.088616e-08	1.802632e+01	7.141504e+02
1.060000e-06	2.606407e-06	1.134119e-08	1.874722e+01	7.441478e+02
1.070000e-06	2.705777e-06	1.177022e-08	1.946196e+01	7.723205e+02
1.080000e-06	2.804067e-06	1.217527e-08	2.016893e+01	7.988230e+02
1.090000e-06	2.901246e-06	1.255844e-08	2.086792e+01	8.237979e+02
1.100000e-06	2.997330e-06	1.291836e-08	2.155903e+01	8.473669e+02
1.110000e-06	3.092299e-06	1.325583e-08	2.224212e+01	8.696299e+02
1.120000e-06	3.186167e-06	1.357392e-08	2.291729e+01	8.906684e+02
1.130000e-06	3.278989e-06	1.387653e-08	2.358493e+01	9.105521e+02
1.140000e-06	3.370854e-06	1.416076e-08	2.424569e+01	9.293448e+02
1.150000e-06	3.461536e-06	1.442822e-08	2.489794e+01	9.471103e+02
1.160000e-06	3.550889e-06	1.468283e-08	2.554063e+01	9.639142e+02
1.170000e-06	3.638919e-06	1.492431e-08	2.617381e+01	9.798235e+02
1.180000e-06	3.725658e-06	1.515540e-08	2.679770e+01	9.949045e+02
1.190000e-06	3.811179e-06	1.537389e-08	2.741284e+01	1.009219e+03
1.200000e-06	3.895503e-06	1.557946e-08	2.801936e+01	1.022823e+03
1.210000e-06	3.978577e-06	1.577270e-08	2.861688e+01	1.035762e+03
1.220000e-06	4.060200e-06	1.595737e-08	2.920398e+01	1.048075e+03
1.230000e-06	4.140228e-06	1.613280e-08	2.977960e+01	1.059789e+03
1.240000e-06	4.218725e-06	1.630066e-08	3.034421e+01	1.070931e+03
1.250000e-06	4.295700e-06	1.646134e-08	3.089787e+01	1.081522e+03
1.260000e-06	4.371090e-06	1.661562e-08	3.144013e+01	1.091582e+03
1.270000e-06	4.444782e-06	1.676166e-08	3.197018e+01	1.101131e+03
1.280000e-06	4.516669e-06	1.689949e-08	3.248725e+01	1.110190e+03
1.290000e-06	4.586828e-06	1.703030e-08	3.299188e+01	1.118779e+03
1.300000e-06	4.655402e-06	1.715448e-08	3.348512e+01	1.126916e+03
1.310000e-06	4.722383e-06	1.727242e-08	3.396689e+01	1.134619e+03
1.320000e-06	4.787589e-06	1.738304e-08	3.443590e+01	1.141902e+03
1.330000e-06	4.850964e-06	1.748727e-08	3.489174e+01	1.148784e+03
1.340000e-06	4.912655e-06	1.758530e-08	3.533547e+01	1.155282e+03
1.350000e-06	4.972800e-06	1.767747e-08	3.576808e+01	1.161418e+03
1.360000e-06	5.031279e-06	1.776497e-08	3.618870e+01	1.167216e+03
1.370000e-06	5.087797e-06	1.784824e-08	3.659522e+01	1.172706e+03
1.380000e-06	5.142357e-06	1.792773e-08	3.698766e+01	1.177915e+03
1.390000e-06	5.195097e-06	1.800384e-08	3.736701e+01	1.182872e+03
1.400000e-06	5.245742e-06	1.807559e-08	3.773128e+01	1.187598e+03
1.410000e-06	5.294140e-06	1.814313e-08	3.807940e+01	1.192108e+03
1.420000e-06	5.340537e-06	1.820716e-08	3.841312e+01	1.196407e+03
1.430000e-06	5.385175e-06	1.826726e-08	3.873419e+01	1.200494e+03
1.440000e-06	5.428041e-06	1.832475e-08	3.904251e+01	1.204358e+03
1.450000e-06	5.468883e-06	1.838044e-08	3.933628e+01	1.207989e+03
1.460000e-06	5.507774e-06	1.843346e-08	3.961601e+01	1.211376e+03
1.470000e-06	5.544874e-06	1.848201e-08	3.988286e+01	1.214513e+03
1.480000e-06	5.580111e-06	1.852429e-08	4.013631e+01	1.217401e+03
1.490000e-06	5.613285e-06	1.856234e-08	4.037492e+01	1.220047e+03
1.500000e-06	5.644383e-06	1.859808e-08	4.059860e+01	1.222466e+03
1.510000e-06	5.673617e-06	1.863123e-08	4.080888e+01	1.224673e+03
1.520000e-06	5.700971e-06	1.866250e-08	4.100563e+01	1.226683e+03
1.530000e-06	5.726188e-06	1.869123e-08	4.118701e+01	1.228507e+03
1.540000e-06	5.749211e-06	1.871517e-08	4.135260e+01	1.230151e+03
1.550000e-06	5.770230e-06	1.873583e-08	4.150379e+01	1.231614e+03
1.560000e-06	5.789326e-06	1.875421e-08	4.164114e+01	1.232892e+03
1.570000e-06	5.806331e-06	1.877084e-08	4.176346e+01	1.233982e+03
1.580000e-06	5.821132e-06	1.878460e-08	4.186992e+01	1.234882e+03
1.590000e-06	5.833803e-06	1.879454e-08	4.196106e+01	1.235597e+03
1.600000e-06	5.844134e-06	1.880248e-08	4.203536e+01	1.236136e+03
1.610000e-06	5.852099e-06	1.880937e-08	4.209265e+01	1.236517e+03
1.620000e-06	5.857966e-06	1.881664e-08	4.213485e+01	1.236759e+03
1.630000e-06	5.861890e-06	1.882279e-08	4.216307e+01	1.236879e+03
1.640000e-06	5.863729e-06	1.882780e-08	4.217630e+01	1.236890e+03
1.650000e-06	5.863390e-06	1.883028e-08	4.217386e+01	1.236796e+03
1.660000e-06	5.861131e-06	1.882270e-08	4.215762e+01	1.236591e+03
1.670000e-06	5.857144e-06	1.881303e-08	4.212894e+01	1.236260e+03
1.680000e-06	5.851224e-06	1.880482e-08	4.208636e+01	1.235783e+03
1.690000e-06	5.843212e-06	1.879736e-08	4.202873e+01	1.235140e+03
1.700000e-06	5.833349e-06	1.879081e-08	4.195779e+01	1.234318e+03
1.710000e-06	5.821587e-06	1.878447e-08	4.187318e+01	1.233309e+03
1.720000e-06	5.807675e-06	1.878041e-08	4.177312e+01	1.232122e+03
1.730000e-06	5.791798e-06	1.874661e-08	4.165892e+01	1.230773e+03
1.740000e-06	5.773963e-06	1.864542e-08	4.153064e+01	1.229289e+03
1.750000e-06	5.753557e-06	1.863723e-08	4.138386e+01	1.227697e+03
1.760000e-06	5.730266e-06	1.865977e-08	4.121634e+01	1.226025e+03
1.770000e-06	5.704643e-06	1.864142e-08	4.103204e+01	1.224287e+03
1.780000e-06	5.677500e-06	1.870662e-08	4.083681e+01	1.222487e+03
1.790000e-06	5.649433e-06	1.861139e-08	4.063492e+01	1.220615e+03
1.800000e-06	5.620001e-06	1.846232e-08	4.042323e+01	1.218649e+03
1.810000e-06	5.588191e-06	1.856677e-08	4.019443e+01	1.216556e+03
1.820000e-06	5.554378e-06	1.847929e-08	3.995122e+01	1.214305e+03
1.830000e-06	5.518964e-06	1.843859e-08	3.969650e+01	1.211865e+03
1.840000e-06	5.481374e-06	1.854929e-08	3.942612e+01	1.209214e+03
1.850000e-06	5.441684e-06	1.834949e-08	3.914064e+01	1.206343e+03
1.860000e-06	5.400093e-06	1.833453e-08	3.884149e+01	1.203254e+03
1.870000e-06	5.356690e-06	1.832664e-08	3.852930e+01	1.199957e+03
1.880000e-06	5.311646e-06	1.816957e-08	3.820531e+01	1.196468e+03
1.890000e-06	5.264464e-06	1.822250e-08	3.786594e+01	1.192805e+03
1.900000e-06	5.215092e-06	1.809913e-08	3.751083e+01	1.188982e+03
1.910000e-06	5.163781e-06	1.805237e-08	3.714175e+01	1.185006e+03
1.920000e-06	5.110243e-06	1.807883e-08	3.675667e+01	1.180874e+03
1.930000e-06	5.054624e-06	1.789856e-08	3.635662e+01	1.176580e+03
1.940000e-06	4.997179e-06	1.789200e-08	3.594343e+01	1.172110e+03
1.950000e-06	4.938001e-06	1.779867e-08	3.551778e+01	1.167447e+03
1.960000e-06	4.877057e-06	1.771582e-08	3.507942e+01	1.162577e+03
1.970000e-06	4.814098e-06	1.766125e-08	3.462657e+01	1.157489e+03
1.980000e-06	4.749312e-06	1.754390e-08	3.416058e+01	1.152175e+03
1.990000e-06	4.682900e-06	1.753451e-08	3.368290e+01	1.146631e+03
2.000000e-06	4.614957e-06	1.739614e-08	3.319421e+01	1.140857e+03
2.010000e-06	4.545225e-06	1.731069e-08	3.269264e+01	1.134850e+03
2.020000e-06	4.473561e-06	1.722368e-08	3.217718e+01	1.128607e+03
2.030000e-06	4.400341e-06	1.710551e-08	3.165053e+01	1.122120e+03
2.040000e-06	4.325585e-06	1.705516e-08	3.111282e+01	1.115379e+03
2.050000e-06	4.249186e-06	1.690802e-08	3.056330e+01	1.108367e+03
2.060000e-06	4.170983e-06	1.681477e-08	3.000082e+01	1.101067e+03
2.070000e-06	4.091146e-06	1.669037e-08	2.942656e+01	1.093462e+03
2.080000e-06	4.009940e-06	1.656193e-08	2.884247e+01	1.085537e+03
2.090000e-06	3.927345e-06	1.644840e-08	2.824839e+01	1.077280e+03
2.100000e-06	3.843504e-06	1.631051e-08	2.764534e+01	1.068683e+03
2.110000e-06	3.758422e-06	1.620230e-08	2.703337e+01	1.059740e+03
2.120000e-06	3.671860e-06	1.603945e-08	2.641075e+01	1.050448e+03
2.130000e-06	3.583903e-06	1.589316e-08	2.577810e+01	1.040801e+03
2.140000e-06	3.494782e-06	1.573680e-08	2.513707e+01	1.030791e+03
2.150000e-06	3.404437e-06	1.558615e-08	2.448724e+01	1.020405e+03
2.160000e-06	3.312940e-06	1.543207e-08	2.382913e+01	1.009622e+03
2.170000e-06	3.220377e-06	1.526125e-08	2.316335e+01	9.984165e+02
2.180000e-06	3.126520e-06	1.509322e-08	2.248826e+01	9.867561e+02
2.190000e-06	3.031256e-06	1.490187e-08	2.180305e+01	9.746066e+02
2.200000e-06	2.934872e-06	1.471151e-08	2.110978e+01	9.619319e+02
2.210000e-06	2.837568e-06	1.450914e-08	2.040990e+01	9.486964e+02
2.220000e-06	2.739295e-06	1.430292e-08	1.970305e+01	9.348662e+02
2.230000e-06	2.640031e-06	1.408295e-08	1.898906e+01	9.204089e+02
2.240000e-06	2.539894e-06	1.385696e-08	1.826881e+01	9.052935e+02
2.250000e-06	2.438970e-06	1.362000e-08	1.754289e+01	8.894883e+02
2.260000e-06	2.337040e-06	1.336555e-08	1.680973e+01	8.729594e+02
2.270000e-06	2.233956e-06	1.310206e-08	1.606828e+01	8.556689e+02
2.280000e-06	2.129939e-06	1.282760e-08	1.532010e+01	8.375729e+02
2.290000e-06	2.025220e-06	1.254256e-08	1.456689e+01	8.186211e+02
2.300000e-06	1.919867e-06	1.223956e-08	1.380911e+01	7.987558e+02
2.310000e-06	1.813860e-06	1.192360e-08	1.304663e+01	7.779124e+02
2.320000e-06	1.707267e-06	1.158811e-08	1.227993e+01	7.560201e+02
2.330000e-06	1.600145e-06	1.123605e-08	1.150944e+01	7.330029e+02
2.340000e-06	1.492514e-06	1.086934e-08	1.073527e+01	7.087815e+02
2.350000e-06	1.384441e-06	1.048810e-08	9.957930e+00	6.832756e+02
2.360000e-06	1.276012e-06	1.008722e-08	9.178026e+00	6.564074e+02
2.370000e-06	1.167268e-06	9.660831e-09	8.395860e+00	6.281068e+02
2.380000e-06	1.058206e-06	9.206125e-09	7.611402e+00	5.983173e+02
2.390000e-06	9.488144e-07	8.723951e-09	6.824579e+00	5.670050e+02
2.400000e-06	8.390522e-07	8.219491e-09	6.035088e+00	5.341662e+02
2.410000e-06	7.289681e-07	7.693249e-09	5.243281e+00	4.998367e+02
2.420000e-06	6.186283e-07	7.147801e-09	4.449635e+00	4.640981e+02
2.430000e-06	5.080701e-07	6.584000e-09	3.654418e+00	4.270800e+02
2.440000e-06	3.972962e-07	6.003039e-09	2.857650e+00	3.889579e+02
2.450000e-06	2.863602e-07	5.405459e-09	2.059716e+00	3.499438e+02
2.460000e-06	1.752871e-07	4.797704e-09	1.260795e+00	3.102700e+02
2.470000e-06	6.414400e-08	4.184755e-09	4.613714e-01	2.701682e+02
2.480000e-06	-4.694393e-08	3.568189e-09	-3.376557e-01	2.298445e+02
2.490000e-06	-1.580093e-07	2.948856e-09	-1.136520e+00	1.894552e+02
2.500000e-06	-2.690425e-07	2.329469e-09	-1.935154e+00	1.490863e+02
2.510000e-06	-3.799299e-07	1.712248e-09	-2.732739e+00	1.087412e+02
2.520000e-06	-4.906456e-07	1.095002e-09	-3.529088e+00	6.834020e+01
2.530000e-06	-6.012988e-07	4.750113e-10	-4.324988e+00	2.773155e+01
2.540000e-06	-7.117707e-07	-1.502839e-10	-5.119584e+00	-1.328417e+01
2.550000e-06	-8.218980e-07	-7.846353e-10	-5.911702e+00	-5.492063e+01
2.560000e-06	-9.316876e-07	-1.432597e-09	-6.701390e+00	-9.736678e+01
2.570000e-06	-1.041105e-06	-2.097949e-09	-7.488404e+00	-1.407483e+02
2.580000e-06	-1.150143e-06	-2.778379e-09	-8.272681e+00	-1.850956e+02
2.590000e-06	-1.258849e-06	-3.469696e-09	-9.054579e+00	-2.303228e+02
2.600000e-06	-1.367201e-06	-4.170077e-09	-9.833929e+00	-2.762227e+02
2.610000e-06	-1.475082e-06	-4.877088e-09	-1.060989e+01	-3.224773e+02
2.620000e-06	-1.582462e-06	-5.586213e-09	-1.138224e+01	-3.686834e+02
2.630000e-06	-1.689303e-06	-6.288057e-09	-1.215072e+01	-4.143896e+02
2.640000e-06	-1.795509e-06	-6.974245e-09	-1.291464e+01	-4.591380e+02
2.650000e-06	-1.901066e-06	-7.636990e-09	-1.367388e+01	-5.025068e+02
2.660000e-06	-2.005982e-06	-8.272812e-09	-1.442851e+01	-5.441443e+02
2.670000e-06	-2.110202e-06	-8.880944e-09	-1.517814e+01	-5.837936e+02
2.680000e-06	-2.213568e-06	-9.458411e-09	-1.592163e+01	-6.213025e+02
2.690000e-06	-2.315976e-06	-1.000379e-08	-1.665822e+01	-6.566204e+02
2.700000e-06	-2.417412e-06	-1.051540e-08	-1.738783e+01	-6.897840e+02
2.710000e-06	-2.517886e-06	-1.099186e-08	-1.811051e+01	-7.208944e+02
2.720000e-06	-2.617457e-06	-1.143740e-08	-1.882670e+01	-7.500916e+02
2.730000e-06	-2.716124e-06	-1.185552e-08	-1.953638e+01	-7.775311e+02
2.740000e-06	-2.813841e-06	-1.224997e-08	-2.023924e+01	-8.033636e+02
2.750000e-06	-2.910663e-06	-1.262496e-08	-2.093566e+01	-8.277234e+02
2.760000e-06	-3.006607e-06	-1.297804e-08	-2.162576e+01	-8.507227e+02
2.770000e-06	-3.101553e-06	-1.330913e-08	-2.230868e+01	-8.724528e+02
2.780000e-06	-3.195301e-06	-1.362058e-08	-2.298299e+01	-8.929894e+02
2.790000e-06	-3.287779e-06	-1.391590e-08	-2.364815e+01	-9.123988e+02
2.800000e-06	-3.379072e-06	-1.419807e-08	-2.430480e+01	-9.307445e+02
2.810000e-06	-3.469204e-06	-1.446497e-08	-2.495309e+01	-9.480908e+02
2.820000e-06	-3.558114e-06	-1.471702e-08	-2.559260e+01	-9.645040e+02
2.830000e-06	-3.645776e-06	-1.495592e-08	-2.622313e+01	-9.800514e+02
2.840000e-06	-3.732161e-06	-1.518289e-08	-2.684448e+01	-9.947979e+02
2.850000e-06	-3.817124e-06	-1.539961e-08	-2.745560e+01	-1.008803e+03
2.860000e-06	-3.900714e-06	-1.560565e-08	-2.805684e+01	-1.022118e+03
2.870000e-06	-3.982994e-06	-1.580234e-08	-2.864866e+01	-1.034785e+03
2.880000e-06	-4.063876e-06	-1.598849e-08	-2.923042e+01	-1.046839e+03
2.890000e-06	-4.143274e-06	-1.616337e-08	-2.980151e+01	-1.058306e+03
2.900000e-06	-4.221041e-06	-1.632941e-08	-3.036087e+01	-1.069211e+03
2.910000e-06	-4.297145e-06	-1.648748e-08	-3.090826e+01	-1.079572e+03
2.920000e-06	-4.371620e-06	-1.663847e-08	-3.144395e+01	-1.089412e+03
2.930000e-06	-4.444469e-06	-1.678115e-08	-3.196793e+01	-1.098750e+03
2.940000e-06	-4.515625e-06	-1.691680e-08	-3.247974e+01	-1.107606e+03
2.950000e-06	-4.584994e-06	-1.704555e-08	-3.297869e+01	-1.116001e+03
2.960000e-06	-4.652631e-06	-1.716710e-08	-3.346518e+01	-1.123950e+03
2.970000e-06	-4.718690e-06	-1.728333e-08	-3.394033e+01	-1.131472e+03
2.980000e-06	-4.783191e-06	-1.739337e-08	-3.440427e+01	-1.138583e+03
2.990000e-06	-4.846009e-06	-1.749627e-08	-3.485611e+01	-1.145299e+03
3.000000e-06	-4.906934e-06	-1.759292e-08	-3.529432e+01	-1.151639e+03
3.010000e-06	-4.965979e-06	-1.768393e-08	-3.571902e+01	-1.157628e+03
3.020000e-06	-5.023370e-06	-1.776973e-08	-3.613182e+01	-1.163292e+03
3.030000e-06	-5.079088e-06	-1.785227e-08	-3.653258e+01	-1.168659e+03
3.040000e-06	-5.132790e-06	-1.793165e-08	-3.691885e+01	-1.173758e+03
3.050000e-06	-5.184324e-06	-1.800755e-08	-3.728952e+01	-1.178615e+03
3.060000e-06	-5.233745e-06	-1.808154e-08	-3.764499e+01	-1.183248e+03
3.070000e-06	-5.281014e-06	-1.815144e-08	-3.798498e+01	-1.187668e+03
3.080000e-06	-5.326481e-06	-1.821606e-08	-3.831202e+01	-1.191878e+03
3.090000e-06	-5.370402e-06	-1.827625e-08	-3.862793e+01	-1.195872e+03
3.100000e-06	-5.412610e-06	-1.833161e-08	-3.893152e+01	-1.199639e+03
3.110000e-06	-5.453004e-06	-1.838424e-08	-3.922206e+01	-1.203167e+03
3.120000e-06	-5.491396e-06	-1.843490e-08	-3.949821e+01	-1.206448e+03
3.130000e-06	-5.527731e-06	-1.848162e-08	-3.975955e+01	-1.209479e+03
3.140000e-06	-5.562101e-06	-1.852605e-08	-4.000677e+01	-1.212263e+03
3.150000e-06	-5.594551e-06	-1.856778e-08	-4.024017e+01	-1.214811e+03
3.160000e-06	-5.624972e-06	-1.860698e-08	-4.045899e+01	-1.217139e+03
3.170000e-06	-5.653321e-06	-1.864238e-08	-4.066289e+01	-1.219261e+03
3.180000e-06	-5.679725e-06	-1.867302e-08	-4.085281e+01	-1.221191e+03
3.190000e-06	-5.704160e-06	-1.869772e-08	-4.102856e+01	-1.222939e+03
3.200000e-06	-5.726479e-06	-1.871884e-08	-4.118910e+01	-1.224506e+03
3.210000e-06	-5.746679e-06	-1.874014e-08	-4.133439e+01	-1.225891e+03
3.220000e-06	-5.764868e-06	-1.876021e-08	-4.146522e+01	-1.227091e+03
3.230000e-06	-5.781000e-06	-1.877583e-08	-4.158125e+01	-1.228100e+03
3.240000e-06	-5.794784e-06	-1.878844e-08	-4.168040e+01	-1.228921e+03
3.250000e-06	-5.806220e-06	-1.879847e-08	-4.176266e+01	-1.229559e+03
3.260000e-06	-5.815593e-06	-1.880448e-08	-4.183007e+01	-1.230030e+03
3.270000e-06	-5.822887e-06	-1.880687e-08	-4.188253e+01	-1.230350e+03
3.280000e-06	-5.828011e-06	-1.880709e-08	-4.191939e+01	-1.230539e+03
3.290000e-06	-5.831106e-06	-1.880736e-08	-4.194166e+01	-1.230612e+03
3.300000e-06	-5.832282e-06	-1.880425e-08	-4.195011e+01	-1.230579e+03
3.310000e-06	-5.831423e-06	-1.880205e-08	-4.194394e+01	-1.230440e+03
