# Temperatura_=_57.31
# Concentracion g/m^3_=_41000.0
# C_Vs_to_Am_M_A/Vsm_=_65563218390.804596
# pendiente_HvsI_1/m_=_3716.3
# ordenada_HvsI_A/m_=_1297.0
# frecuencia_Hz_=_302478.787194229

Tiempo_(s)	Campo_(V.s)	Magnetizacion_(V.s)	Campo_(kA/m)	Magnetizacion_(A/m)
0.000000e+00	-8.005888e-06	-2.174560e-08	-5.686445e+01	-1.425188e+03
1.000000e-08	-8.001203e-06	-2.174303e-08	-5.683117e+01	-1.424198e+03
2.000000e-08	-7.993975e-06	-2.173460e-08	-5.677983e+01	-1.422856e+03
3.000000e-08	-7.983983e-06	-2.172707e-08	-5.670886e+01	-1.421453e+03
4.000000e-08	-7.971092e-06	-2.171741e-08	-5.661729e+01	-1.420270e+03
5.000000e-08	-7.955339e-06	-2.170466e-08	-5.650540e+01	-1.419486e+03
6.000000e-08	-7.936909e-06	-2.169021e-08	-5.637450e+01	-1.419130e+03
7.000000e-08	-7.916126e-06	-2.167913e-08	-5.622688e+01	-1.419073e+03
8.000000e-08	-7.892681e-06	-2.170463e-08	-5.606036e+01	-1.419077e+03
9.000000e-08	-7.866055e-06	-2.173346e-08	-5.587124e+01	-1.418870e+03
1.000000e-07	-7.836298e-06	-2.167729e-08	-5.565988e+01	-1.418237e+03
1.100000e-07	-7.803705e-06	-2.162471e-08	-5.542838e+01	-1.417089e+03
1.200000e-07	-7.768378e-06	-2.160203e-08	-5.517745e+01	-1.415488e+03
1.300000e-07	-7.730599e-06	-2.154560e-08	-5.490911e+01	-1.413622e+03
1.400000e-07	-7.690680e-06	-2.149239e-08	-5.462558e+01	-1.411744e+03
1.500000e-07	-7.648413e-06	-2.153447e-08	-5.432536e+01	-1.410083e+03
1.600000e-07	-7.603439e-06	-2.156876e-08	-5.400592e+01	-1.408763e+03
1.700000e-07	-7.555742e-06	-2.145678e-08	-5.366714e+01	-1.407760e+03
1.800000e-07	-7.505070e-06	-2.146832e-08	-5.330722e+01	-1.406903e+03
1.900000e-07	-7.451343e-06	-2.142217e-08	-5.292561e+01	-1.405925e+03
2.000000e-07	-7.394917e-06	-2.132032e-08	-5.252483e+01	-1.404545e+03
2.100000e-07	-7.335826e-06	-2.134329e-08	-5.210511e+01	-1.402558e+03
2.200000e-07	-7.274055e-06	-2.133092e-08	-5.166636e+01	-1.399905e+03
2.300000e-07	-7.209616e-06	-2.130390e-08	-5.120866e+01	-1.396693e+03
2.400000e-07	-7.142446e-06	-2.122232e-08	-5.073157e+01	-1.393168e+03
2.500000e-07	-7.072559e-06	-2.119962e-08	-5.023517e+01	-1.389637e+03
2.600000e-07	-6.999869e-06	-2.117732e-08	-4.971887e+01	-1.386375e+03
2.700000e-07	-6.924419e-06	-2.110206e-08	-4.918296e+01	-1.383537e+03
2.800000e-07	-6.846180e-06	-2.106392e-08	-4.862724e+01	-1.381106e+03
2.900000e-07	-6.765175e-06	-2.103225e-08	-4.805188e+01	-1.378895e+03
3.000000e-07	-6.681795e-06	-2.098054e-08	-4.745964e+01	-1.376601e+03
3.100000e-07	-6.596190e-06	-2.089402e-08	-4.685160e+01	-1.373901e+03
3.200000e-07	-6.508225e-06	-2.085228e-08	-4.622680e+01	-1.370549e+03
3.300000e-07	-6.417830e-06	-2.081684e-08	-4.558474e+01	-1.366457e+03
3.400000e-07	-6.325141e-06	-2.073820e-08	-4.492639e+01	-1.361724e+03
3.500000e-07	-6.230160e-06	-2.068658e-08	-4.425176e+01	-1.356606e+03
3.600000e-07	-6.132782e-06	-2.063050e-08	-4.356010e+01	-1.351437e+03
3.700000e-07	-6.033204e-06	-2.055540e-08	-4.285281e+01	-1.346524e+03
3.800000e-07	-5.931610e-06	-2.047638e-08	-4.213121e+01	-1.342048e+03
3.900000e-07	-5.827889e-06	-2.040958e-08	-4.139449e+01	-1.337999e+03
4.000000e-07	-5.722075e-06	-2.033548e-08	-4.064292e+01	-1.334179e+03
4.100000e-07	-5.614259e-06	-2.025518e-08	-3.987712e+01	-1.330256e+03
4.200000e-07	-5.504490e-06	-2.019058e-08	-3.909745e+01	-1.325865e+03
4.300000e-07	-5.392700e-06	-2.011104e-08	-3.830342e+01	-1.320723e+03
4.400000e-07	-5.278820e-06	-2.001607e-08	-3.749455e+01	-1.314722e+03
4.500000e-07	-5.162903e-06	-1.991834e-08	-3.667121e+01	-1.307962e+03
4.600000e-07	-5.045070e-06	-1.982729e-08	-3.583426e+01	-1.300724e+03
4.700000e-07	-4.925413e-06	-1.973039e-08	-3.498436e+01	-1.293383e+03
4.800000e-07	-4.803979e-06	-1.962956e-08	-3.412183e+01	-1.286288e+03
4.900000e-07	-4.680801e-06	-1.953438e-08	-3.324693e+01	-1.279642e+03
5.000000e-07	-4.555853e-06	-1.943191e-08	-3.235944e+01	-1.273433e+03
5.100000e-07	-4.429278e-06	-1.931462e-08	-3.146040e+01	-1.267423e+03
5.200000e-07	-4.301092e-06	-1.919157e-08	-3.054992e+01	-1.261214e+03
5.300000e-07	-4.171378e-06	-1.907311e-08	-2.962858e+01	-1.254367e+03
5.400000e-07	-4.040120e-06	-1.895088e-08	-2.869628e+01	-1.246537e+03
5.500000e-07	-3.907300e-06	-1.882085e-08	-2.775288e+01	-1.237582e+03
5.600000e-07	-3.773054e-06	-1.868559e-08	-2.679935e+01	-1.227617e+03
5.700000e-07	-3.637337e-06	-1.854114e-08	-2.583538e+01	-1.216977e+03
5.800000e-07	-3.500224e-06	-1.838976e-08	-2.486149e+01	-1.206115e+03
5.900000e-07	-3.361723e-06	-1.823572e-08	-2.387774e+01	-1.195452e+03
6.000000e-07	-3.221752e-06	-1.807968e-08	-2.288355e+01	-1.185232e+03
6.100000e-07	-3.080389e-06	-1.791504e-08	-2.187947e+01	-1.175424e+03
6.200000e-07	-2.937796e-06	-1.774008e-08	-2.086666e+01	-1.165708e+03
6.300000e-07	-2.794118e-06	-1.755447e-08	-1.984614e+01	-1.155550e+03
6.400000e-07	-2.649399e-06	-1.735785e-08	-1.881823e+01	-1.144361e+03
6.500000e-07	-2.503761e-06	-1.715576e-08	-1.778379e+01	-1.131665e+03
6.600000e-07	-2.357312e-06	-1.694859e-08	-1.674358e+01	-1.117257e+03
6.700000e-07	-2.210079e-06	-1.673235e-08	-1.569781e+01	-1.101269e+03
6.800000e-07	-2.062075e-06	-1.650146e-08	-1.464656e+01	-1.084140e+03
6.900000e-07	-1.913343e-06	-1.625721e-08	-1.359015e+01	-1.066471e+03
7.000000e-07	-1.764085e-06	-1.599798e-08	-1.252999e+01	-1.048818e+03
7.100000e-07	-1.614347e-06	-1.572335e-08	-1.146643e+01	-1.031485e+03
7.200000e-07	-1.464018e-06	-1.543423e-08	-1.039867e+01	-1.014366e+03
7.300000e-07	-1.313065e-06	-1.513122e-08	-9.326475e+00	-9.969182e+02
7.400000e-07	-1.161629e-06	-1.480960e-08	-8.250850e+00	-9.782580e+02
7.500000e-07	-1.009858e-06	-1.446255e-08	-7.172845e+00	-9.573844e+02
7.600000e-07	-8.577772e-07	-1.409202e-08	-6.092644e+00	-9.334502e+02
7.700000e-07	-7.053745e-07	-1.369560e-08	-5.010154e+00	-9.060072e+02
7.800000e-07	-5.527149e-07	-1.326972e-08	-3.925839e+00	-8.751347e+02
7.900000e-07	-3.999237e-07	-1.280807e-08	-2.840589e+00	-8.413922e+02
8.000000e-07	-2.470101e-07	-1.230493e-08	-1.754470e+00	-8.055833e+02
8.100000e-07	-9.395678e-08	-1.175108e-08	-6.673589e-01	-7.683720e+02
8.200000e-07	5.919320e-08	-1.113714e-08	4.204391e-01	-7.298467e+02
8.300000e-07	2.123831e-07	-1.045242e-08	1.508521e+00	-6.891526e+02
8.400000e-07	3.654814e-07	-9.684416e-09	2.595951e+00	-6.443157e+02
8.500000e-07	5.184359e-07	-8.819318e-09	3.682361e+00	-5.923429e+02
8.600000e-07	6.712756e-07	-7.835485e-09	4.767955e+00	-5.296234e+02
8.700000e-07	8.239528e-07	-6.695409e-09	5.852395e+00	-4.525782e+02
8.800000e-07	9.763560e-07	-5.346468e-09	6.934889e+00	-3.584402e+02
8.900000e-07	1.128467e-06	-3.732711e-09	8.015307e+00	-2.459971e+02
9.000000e-07	1.280243e-06	-1.802365e-09	9.093347e+00	-1.161279e+02
9.100000e-07	1.431550e-06	4.275490e-10	1.016805e+01	2.800695e+01
9.200000e-07	1.582263e-06	2.831900e-09	1.123854e+01	1.811890e+02
9.300000e-07	1.732326e-06	5.277735e-09	1.230441e+01	3.367606e+02
9.400000e-07	1.881806e-06	7.661464e-09	1.336614e+01	4.875301e+02
9.500000e-07	2.030693e-06	9.817021e-09	1.442366e+01	6.267927e+02
9.600000e-07	2.178837e-06	1.160547e-08	1.547591e+01	7.492669e+02
9.700000e-07	2.326040e-06	1.302376e-08	1.652146e+01	8.517656e+02
9.800000e-07	2.472272e-06	1.413634e-08	1.756012e+01	9.334792e+02
9.900000e-07	2.617632e-06	1.501510e-08	1.859259e+01	9.958324e+02
1.000000e-06	2.762124e-06	1.571611e-08	1.961889e+01	1.041969e+03
1.010000e-06	2.905565e-06	1.628541e-08	2.063773e+01	1.075995e+03
1.020000e-06	3.047865e-06	1.675835e-08	2.164846e+01	1.102147e+03
1.030000e-06	3.189000e-06	1.715658e-08	2.265092e+01	1.124069e+03
1.040000e-06	3.328826e-06	1.749687e-08	2.364408e+01	1.144327e+03
1.050000e-06	3.467246e-06	1.779090e-08	2.462725e+01	1.164236e+03
1.060000e-06	3.604332e-06	1.805187e-08	2.560095e+01	1.183985e+03
1.070000e-06	3.740163e-06	1.828747e-08	2.656573e+01	1.202993e+03
1.080000e-06	3.874600e-06	1.850319e-08	2.752062e+01	1.220371e+03
1.090000e-06	4.007665e-06	1.870215e-08	2.846576e+01	1.235356e+03
1.100000e-06	4.139344e-06	1.888617e-08	2.940105e+01	1.247620e+03
1.110000e-06	4.269450e-06	1.905644e-08	3.032517e+01	1.257377e+03
1.120000e-06	4.398064e-06	1.921303e-08	3.123870e+01	1.265312e+03
1.130000e-06	4.525198e-06	1.935956e-08	3.214170e+01	1.272352e+03
1.140000e-06	4.650779e-06	1.949792e-08	3.303368e+01	1.279392e+03
1.150000e-06	4.774762e-06	1.962600e-08	3.391431e+01	1.287046e+03
1.160000e-06	4.897041e-06	1.974624e-08	3.478284e+01	1.295504e+03
1.170000e-06	5.017599e-06	1.985922e-08	3.563914e+01	1.304525e+03
1.180000e-06	5.136349e-06	1.996661e-08	3.648260e+01	1.313561e+03
1.190000e-06	5.253171e-06	2.006867e-08	3.731237e+01	1.321963e+03
1.200000e-06	5.367988e-06	2.016415e-08	3.812790e+01	1.329197e+03
1.210000e-06	5.480724e-06	2.025493e-08	3.892864e+01	1.335012e+03
1.220000e-06	5.591359e-06	2.033895e-08	3.971446e+01	1.339512e+03
1.230000e-06	5.700062e-06	2.041736e-08	4.048656e+01	1.343104e+03
1.240000e-06	5.806758e-06	2.049173e-08	4.124440e+01	1.346372e+03
1.250000e-06	5.911249e-06	2.056430e-08	4.198659e+01	1.349887e+03
1.260000e-06	6.013582e-06	2.063546e-08	4.271344e+01	1.354045e+03
1.270000e-06	6.113744e-06	2.070577e-08	4.342487e+01	1.358958e+03
1.280000e-06	6.211624e-06	2.077370e-08	4.412010e+01	1.364441e+03
1.290000e-06	6.307122e-06	2.083797e-08	4.479840e+01	1.370086e+03
1.300000e-06	6.400392e-06	2.089774e-08	4.546089e+01	1.375405e+03
1.310000e-06	6.491477e-06	2.095345e-08	4.610784e+01	1.379981e+03
1.320000e-06	6.580207e-06	2.100755e-08	4.673808e+01	1.383600e+03
1.330000e-06	6.666563e-06	2.106050e-08	4.735145e+01	1.386306e+03
1.340000e-06	6.750587e-06	2.111171e-08	4.794826e+01	1.388373e+03
1.350000e-06	6.832215e-06	2.115997e-08	4.852805e+01	1.390216e+03
1.360000e-06	6.911350e-06	2.120461e-08	4.909013e+01	1.392251e+03
1.370000e-06	6.987929e-06	2.124639e-08	4.963406e+01	1.394769e+03
1.380000e-06	7.061896e-06	2.128750e-08	5.015943e+01	1.397850e+03
1.390000e-06	7.133228e-06	2.132889e-08	5.066609e+01	1.401348e+03
1.400000e-06	7.202025e-06	2.136746e-08	5.115475e+01	1.404941e+03
1.410000e-06	7.268273e-06	2.140118e-08	5.162529e+01	1.408246e+03
1.420000e-06	7.331894e-06	2.143297e-08	5.207718e+01	1.410936e+03
1.430000e-06	7.393022e-06	2.146313e-08	5.251136e+01	1.412845e+03
1.440000e-06	7.451657e-06	2.149154e-08	5.292784e+01	1.414015e+03
1.450000e-06	7.507685e-06	2.151973e-08	5.332580e+01	1.414681e+03
1.460000e-06	7.560908e-06	2.154723e-08	5.370383e+01	1.415191e+03
1.470000e-06	7.610998e-06	2.157085e-08	5.405961e+01	1.415895e+03
1.480000e-06	7.658086e-06	2.159204e-08	5.439407e+01	1.417041e+03
1.490000e-06	7.702495e-06	2.161249e-08	5.470950e+01	1.418695e+03
1.500000e-06	7.744128e-06	2.163084e-08	5.500521e+01	1.420729e+03
1.510000e-06	7.782961e-06	2.164724e-08	5.528104e+01	1.422863e+03
1.520000e-06	7.819138e-06	2.166155e-08	5.553799e+01	1.424760e+03
1.530000e-06	7.852582e-06	2.167433e-08	5.577554e+01	1.426130e+03
1.540000e-06	7.883212e-06	2.168600e-08	5.599310e+01	1.426822e+03
1.550000e-06	7.911085e-06	2.169766e-08	5.619108e+01	1.426870e+03
1.560000e-06	7.936098e-06	2.170871e-08	5.636874e+01	1.426478e+03
1.570000e-06	7.958186e-06	2.171781e-08	5.652563e+01	1.425957e+03
1.580000e-06	7.977478e-06	2.172532e-08	5.666265e+01	1.425622e+03
1.590000e-06	7.993922e-06	2.173116e-08	5.677945e+01	1.425701e+03
1.600000e-06	8.007321e-06	2.173604e-08	5.687462e+01	1.426257e+03
1.610000e-06	8.017520e-06	2.174007e-08	5.694707e+01	1.427181e+03
1.620000e-06	8.024683e-06	2.174218e-08	5.699794e+01	1.428220e+03
1.630000e-06	8.029146e-06	2.174249e-08	5.702965e+01	1.429063e+03
1.640000e-06	8.030815e-06	2.174276e-08	5.704150e+01	1.429437e+03
1.650000e-06	8.029583e-06	2.174223e-08	5.703274e+01	1.429193e+03
1.660000e-06	8.025670e-06	2.173415e-08	5.700496e+01	1.428346e+03
1.670000e-06	8.019060e-06	2.173010e-08	5.695800e+01	1.427075e+03
1.680000e-06	8.009804e-06	2.172326e-08	5.689226e+01	1.425657e+03
1.690000e-06	7.997892e-06	2.171183e-08	5.680765e+01	1.424386e+03
1.700000e-06	7.983098e-06	2.170351e-08	5.670258e+01	1.423476e+03
1.710000e-06	7.965684e-06	2.170020e-08	5.657888e+01	1.423003e+03
1.720000e-06	7.946038e-06	2.168525e-08	5.643934e+01	1.422880e+03
1.730000e-06	7.923812e-06	2.160138e-08	5.628147e+01	1.422893e+03
1.740000e-06	7.898218e-06	2.156542e-08	5.609969e+01	1.422771e+03
1.750000e-06	7.868851e-06	2.161091e-08	5.589110e+01	1.422274e+03
1.760000e-06	7.836163e-06	2.160152e-08	5.565892e+01	1.421272e+03
1.770000e-06	7.801061e-06	2.159740e-08	5.540960e+01	1.419784e+03
1.780000e-06	7.763766e-06	2.165771e-08	5.514469e+01	1.417968e+03
1.790000e-06	7.724346e-06	2.164935e-08	5.486470e+01	1.416066e+03
1.800000e-06	7.682756e-06	2.154692e-08	5.456929e+01	1.414323e+03
1.810000e-06	7.638549e-06	2.159216e-08	5.425530e+01	1.412899e+03
1.820000e-06	7.591673e-06	2.154432e-08	5.392235e+01	1.411816e+03
1.830000e-06	7.542045e-06	2.153056e-08	5.356985e+01	1.410940e+03
1.840000e-06	7.489442e-06	2.159271e-08	5.319622e+01	1.410025e+03
1.850000e-06	7.433972e-06	2.148385e-08	5.280223e+01	1.408784e+03
1.860000e-06	7.375783e-06	2.147901e-08	5.238892e+01	1.406982e+03
1.870000e-06	7.314986e-06	2.138261e-08	5.195709e+01	1.404514e+03
1.880000e-06	7.251379e-06	2.137260e-08	5.150530e+01	1.401441e+03
1.890000e-06	7.184854e-06	2.137586e-08	5.103278e+01	1.397973e+03
1.900000e-06	7.115596e-06	2.128190e-08	5.054086e+01	1.394411e+03
1.910000e-06	7.043556e-06	2.131115e-08	5.002917e+01	1.391048e+03
1.920000e-06	6.968821e-06	2.121407e-08	4.949834e+01	1.388081e+03
1.930000e-06	6.891372e-06	2.116836e-08	4.894823e+01	1.385545e+03
1.940000e-06	6.811184e-06	2.111629e-08	4.837867e+01	1.383296e+03
1.950000e-06	6.728463e-06	2.107582e-08	4.779111e+01	1.381059e+03
1.960000e-06	6.643353e-06	2.105145e-08	4.718659e+01	1.378503e+03
1.970000e-06	6.555846e-06	2.094857e-08	4.656505e+01	1.375353e+03
1.980000e-06	6.465947e-06	2.093597e-08	4.592651e+01	1.371470e+03
1.990000e-06	6.373792e-06	2.085402e-08	4.527195e+01	1.366898e+03
2.000000e-06	6.279289e-06	2.079520e-08	4.460071e+01	1.361856e+03
2.010000e-06	6.182547e-06	2.072496e-08	4.391357e+01	1.356665e+03
2.020000e-06	6.083677e-06	2.066699e-08	4.321131e+01	1.351652e+03
2.030000e-06	5.982609e-06	2.060455e-08	4.249344e+01	1.347042e+03
2.040000e-06	5.879330e-06	2.051898e-08	4.175987e+01	1.342882e+03
2.050000e-06	5.773974e-06	2.046418e-08	4.101154e+01	1.339025e+03
2.060000e-06	5.666669e-06	2.037266e-08	4.024938e+01	1.335168e+03
2.070000e-06	5.557380e-06	2.029676e-08	3.947312e+01	1.330943e+03
2.080000e-06	5.446149e-06	2.020657e-08	3.868306e+01	1.326034e+03
2.090000e-06	5.332899e-06	2.013666e-08	3.787867e+01	1.320276e+03
2.100000e-06	5.217614e-06	2.004893e-08	3.705981e+01	1.313709e+03
2.110000e-06	5.100299e-06	1.996260e-08	3.622655e+01	1.306570e+03
2.120000e-06	4.980999e-06	1.986701e-08	3.537918e+01	1.299218e+03
2.130000e-06	4.859854e-06	1.976350e-08	3.451871e+01	1.292022e+03
2.140000e-06	4.736974e-06	1.966054e-08	3.364591e+01	1.285238e+03
2.150000e-06	4.612358e-06	1.955970e-08	3.276078e+01	1.278918e+03
2.160000e-06	4.486068e-06	1.946112e-08	3.186377e+01	1.272884e+03
2.170000e-06	4.358130e-06	1.934543e-08	3.095505e+01	1.266776e+03
2.180000e-06	4.228603e-06	1.922854e-08	3.003504e+01	1.260152e+03
2.190000e-06	4.097567e-06	1.910152e-08	2.910431e+01	1.252626e+03
2.200000e-06	3.964966e-06	1.897654e-08	2.816247e+01	1.243991e+03
2.210000e-06	3.830945e-06	1.884468e-08	2.721055e+01	1.234287e+03
2.220000e-06	3.695432e-06	1.871733e-08	2.624802e+01	1.223795e+03
2.230000e-06	3.558455e-06	1.857796e-08	2.527509e+01	1.212947e+03
2.240000e-06	3.420195e-06	1.842849e-08	2.429306e+01	1.202191e+03
2.250000e-06	3.280608e-06	1.827174e-08	2.330159e+01	1.191833e+03
2.260000e-06	3.139725e-06	1.810989e-08	2.230093e+01	1.181927e+03
2.270000e-06	2.997658e-06	1.794259e-08	2.129185e+01	1.172230e+03
2.280000e-06	2.854471e-06	1.776815e-08	2.027481e+01	1.162258e+03
2.290000e-06	2.710122e-06	1.758537e-08	1.924953e+01	1.151419e+03
2.300000e-06	2.564759e-06	1.738702e-08	1.821705e+01	1.139187e+03
2.310000e-06	2.418661e-06	1.717907e-08	1.717933e+01	1.125268e+03
2.320000e-06	2.271809e-06	1.696275e-08	1.613627e+01	1.109697e+03
2.330000e-06	2.124081e-06	1.674022e-08	1.508698e+01	1.092835e+03
2.340000e-06	1.975543e-06	1.650922e-08	1.403194e+01	1.075255e+03
2.350000e-06	1.826361e-06	1.626544e-08	1.297233e+01	1.057551e+03
2.360000e-06	1.676712e-06	1.600171e-08	1.190940e+01	1.040116e+03
2.370000e-06	1.526648e-06	1.571598e-08	1.084352e+01	1.022972e+03
2.380000e-06	1.376148e-06	1.541407e-08	9.774541e+00	1.005695e+03
2.390000e-06	1.225215e-06	1.509992e-08	8.702493e+00	9.874812e+02
2.400000e-06	1.073763e-06	1.476672e-08	7.626751e+00	9.673368e+02
2.410000e-06	9.217896e-07	1.440841e-08	6.547313e+00	9.443425e+02
2.420000e-06	7.694148e-07	1.402245e-08	5.465021e+00	9.179162e+02
2.430000e-06	6.167287e-07	1.360664e-08	4.380518e+00	8.879831e+02
2.440000e-06	4.637928e-07	1.315688e-08	3.294241e+00	8.549817e+02
2.450000e-06	3.107107e-07	1.266516e-08	2.206924e+00	8.196796e+02
2.460000e-06	1.574967e-07	1.212574e-08	1.118672e+00	7.828254e+02
2.470000e-06	4.211662e-09	1.153264e-08	2.991471e-02	7.447146e+02
2.480000e-06	-1.490685e-07	1.087710e-08	-1.058808e+00	7.047905e+02
2.490000e-06	-3.023475e-07	1.014656e-08	-2.147522e+00	6.614015e+02
2.500000e-06	-4.555569e-07	9.325790e-09	-3.235742e+00	6.118180e+02
2.510000e-06	-6.086675e-07	8.390661e-09	-4.323261e+00	5.525481e+02
2.520000e-06	-7.616030e-07	7.309050e-09	-5.409535e+00	4.799273e+02
2.530000e-06	-9.142537e-07	6.042227e-09	-6.493787e+00	3.908756e+02
2.540000e-06	-1.066534e-06	4.537659e-09	-7.575405e+00	2.836698e+02
2.550000e-06	-1.218344e-06	2.735914e-09	-8.653686e+00	1.585547e+02
2.560000e-06	-1.369630e-06	6.060784e-10	-9.728245e+00	1.804327e+01
2.570000e-06	-1.520370e-06	-1.780805e-09	-1.079893e+01	-1.331869e+02
2.580000e-06	-1.670515e-06	-4.276964e-09	-1.186538e+01	-2.888066e+02
2.590000e-06	-1.820051e-06	-6.753915e-09	-1.292751e+01	-4.416741e+02
2.600000e-06	-1.968984e-06	-9.049803e-09	-1.398535e+01	-5.848425e+02
2.610000e-06	-2.117204e-06	-1.100098e-08	-1.503813e+01	-7.125407e+02
2.620000e-06	-2.264544e-06	-1.256984e-08	-1.608467e+01	-8.209357e+02
2.630000e-06	-2.411045e-06	-1.380460e-08	-1.712524e+01	-9.085348e+02
2.640000e-06	-2.556727e-06	-1.477622e-08	-1.815999e+01	-9.761627e+02
2.650000e-06	-2.701497e-06	-1.554652e-08	-1.918827e+01	-1.026542e+03
2.660000e-06	-2.845251e-06	-1.616597e-08	-2.020933e+01	-1.063588e+03
2.670000e-06	-2.987782e-06	-1.667240e-08	-2.122170e+01	-1.091581e+03
2.680000e-06	-3.129075e-06	-1.709395e-08	-2.222528e+01	-1.114398e+03
2.690000e-06	-3.269137e-06	-1.745538e-08	-2.322012e+01	-1.134945e+03
2.700000e-06	-3.407943e-06	-1.776927e-08	-2.420603e+01	-1.154891e+03
2.710000e-06	-3.545497e-06	-1.804549e-08	-2.518306e+01	-1.174721e+03
2.720000e-06	-3.681750e-06	-1.829130e-08	-2.615084e+01	-1.194028e+03
2.730000e-06	-3.816604e-06	-1.851486e-08	-2.710868e+01	-1.211964e+03
2.740000e-06	-3.950032e-06	-1.872020e-08	-2.805640e+01	-1.227691e+03
2.750000e-06	-4.082114e-06	-1.890830e-08	-2.899455e+01	-1.240736e+03
2.760000e-06	-4.212802e-06	-1.908113e-08	-2.992281e+01	-1.251158e+03
2.770000e-06	-4.342099e-06	-1.924044e-08	-3.084119e+01	-1.259526e+03
2.780000e-06	-4.469876e-06	-1.938863e-08	-3.174876e+01	-1.266725e+03
2.790000e-06	-4.596028e-06	-1.952541e-08	-3.264480e+01	-1.273688e+03
2.800000e-06	-4.720612e-06	-1.965244e-08	-3.352969e+01	-1.281129e+03
2.810000e-06	-4.843526e-06	-1.977238e-08	-3.440273e+01	-1.289366e+03
2.820000e-06	-4.964683e-06	-1.988881e-08	-3.526329e+01	-1.298273e+03
2.830000e-06	-5.084018e-06	-2.000244e-08	-3.611091e+01	-1.307372e+03
2.840000e-06	-5.201409e-06	-2.010552e-08	-3.694471e+01	-1.316020e+03
2.850000e-06	-5.316700e-06	-2.019854e-08	-3.776361e+01	-1.323629e+03
2.860000e-06	-5.429805e-06	-2.028513e-08	-3.856697e+01	-1.329857e+03
2.870000e-06	-5.540795e-06	-2.036791e-08	-3.935532e+01	-1.334704e+03
2.880000e-06	-5.649823e-06	-2.044965e-08	-4.012972e+01	-1.338502e+03
2.890000e-06	-5.756924e-06	-2.052802e-08	-4.089044e+01	-1.341801e+03
2.900000e-06	-5.861984e-06	-2.060265e-08	-4.163666e+01	-1.345196e+03
2.910000e-06	-5.964808e-06	-2.067260e-08	-4.236700e+01	-1.349147e+03
2.920000e-06	-6.065386e-06	-2.073830e-08	-4.308139e+01	-1.353853e+03
2.930000e-06	-6.163828e-06	-2.080229e-08	-4.378061e+01	-1.359209e+03
2.940000e-06	-6.260040e-06	-2.086507e-08	-4.446399e+01	-1.364858e+03
2.950000e-06	-6.353950e-06	-2.092665e-08	-4.513101e+01	-1.370320e+03
2.960000e-06	-6.445599e-06	-2.098574e-08	-4.578198e+01	-1.375142e+03
2.970000e-06	-6.535023e-06	-2.104278e-08	-4.641715e+01	-1.379043e+03
2.980000e-06	-6.622057e-06	-2.110003e-08	-4.703533e+01	-1.381992e+03
2.990000e-06	-6.706648e-06	-2.115489e-08	-4.763617e+01	-1.384205e+03
3.000000e-06	-6.788947e-06	-2.120511e-08	-4.822072e+01	-1.386068e+03
3.010000e-06	-6.868850e-06	-2.124984e-08	-4.878826e+01	-1.388012e+03
3.020000e-06	-6.946109e-06	-2.129115e-08	-4.933702e+01	-1.390376e+03
3.030000e-06	-7.020666e-06	-2.133229e-08	-4.986658e+01	-1.393303e+03
3.040000e-06	-7.092619e-06	-2.137211e-08	-5.037765e+01	-1.396710e+03
3.050000e-06	-7.162036e-06	-2.140868e-08	-5.087071e+01	-1.400316e+03
3.060000e-06	-7.228904e-06	-2.144215e-08	-5.134566e+01	-1.403743e+03
3.070000e-06	-7.293186e-06	-2.147438e-08	-5.180225e+01	-1.406636e+03
3.080000e-06	-7.354874e-06	-2.150540e-08	-5.224040e+01	-1.408775e+03
3.090000e-06	-7.413977e-06	-2.153537e-08	-5.266020e+01	-1.410141e+03
3.100000e-06	-7.470436e-06	-2.156204e-08	-5.306122e+01	-1.410920e+03
3.110000e-06	-7.524105e-06	-2.158343e-08	-5.344242e+01	-1.411437e+03
3.120000e-06	-7.574787e-06	-2.160391e-08	-5.380241e+01	-1.412056e+03
3.130000e-06	-7.622391e-06	-2.162545e-08	-5.414053e+01	-1.413062e+03
3.140000e-06	-7.667292e-06	-2.164625e-08	-5.445946e+01	-1.414578e+03
3.150000e-06	-7.709772e-06	-2.166581e-08	-5.476118e+01	-1.416527e+03
3.160000e-06	-7.749556e-06	-2.168395e-08	-5.504376e+01	-1.418668e+03
3.170000e-06	-7.786515e-06	-2.169991e-08	-5.530627e+01	-1.420668e+03
3.180000e-06	-7.820810e-06	-2.171189e-08	-5.554987e+01	-1.422213e+03
3.190000e-06	-7.852323e-06	-2.172254e-08	-5.577370e+01	-1.423105e+03
3.200000e-06	-7.880915e-06	-2.173201e-08	-5.597679e+01	-1.423324e+03
3.210000e-06	-7.906752e-06	-2.174111e-08	-5.616030e+01	-1.423031e+03
3.220000e-06	-7.929782e-06	-2.174881e-08	-5.632388e+01	-1.422514e+03
3.230000e-06	-7.949914e-06	-2.175262e-08	-5.646687e+01	-1.422099e+03
3.240000e-06	-7.967195e-06	-2.175395e-08	-5.658962e+01	-1.422046e+03
3.250000e-06	-7.981446e-06	-2.175397e-08	-5.669084e+01	-1.422472e+03
3.260000e-06	-7.992570e-06	-2.175430e-08	-5.676985e+01	-1.423313e+03
3.270000e-06	-8.000767e-06	-2.175451e-08	-5.682807e+01	-1.424351e+03
3.280000e-06	-8.006082e-06	-2.175416e-08	-5.686582e+01	-1.425283e+03
3.290000e-06	-8.008585e-06	-2.175280e-08	-5.688360e+01	-1.425815e+03
3.300000e-06	-8.008377e-06	-2.174845e-08	-5.688213e+01	-1.425754e+03
