# Temperatura_=_51.17
# Concentracion g/m^3_=_28370.0
# C_Vs_to_Am_M_A/Vsm_=_65563218390.804596
# pendiente_HvsI_1/m_=_3716.3
# ordenada_HvsI_A/m_=_1297.0
# frecuencia_Hz_=_302514.0726056382

Tiempo_(s)	Campo_(V.s)	Magnetizacion_(V.s)	Campo_(kA/m)	Magnetizacion_(A/m)
0.000000e+00	-7.891715e-06	-2.553162e-08	-5.683944e+01	-1.671622e+03
1.000000e-08	-7.887641e-06	-2.552665e-08	-5.681010e+01	-1.670794e+03
2.000000e-08	-7.881078e-06	-2.551478e-08	-5.676283e+01	-1.669967e+03
3.000000e-08	-7.871857e-06	-2.550427e-08	-5.669642e+01	-1.669192e+03
4.000000e-08	-7.859774e-06	-2.549318e-08	-5.660939e+01	-1.668490e+03
5.000000e-08	-7.844748e-06	-2.547785e-08	-5.650117e+01	-1.667850e+03
6.000000e-08	-7.827000e-06	-2.545797e-08	-5.637334e+01	-1.667230e+03
7.000000e-08	-7.807085e-06	-2.543125e-08	-5.622990e+01	-1.666568e+03
8.000000e-08	-7.784900e-06	-2.541750e-08	-5.607012e+01	-1.665788e+03
9.000000e-08	-7.759791e-06	-2.546732e-08	-5.588927e+01	-1.664817e+03
1.000000e-07	-7.731457e-06	-2.543671e-08	-5.568520e+01	-1.663594e+03
1.100000e-07	-7.700145e-06	-2.536622e-08	-5.545968e+01	-1.662084e+03
1.200000e-07	-7.666025e-06	-2.533846e-08	-5.521393e+01	-1.660280e+03
1.300000e-07	-7.629263e-06	-2.529609e-08	-5.494916e+01	-1.658204e+03
1.400000e-07	-7.590177e-06	-2.521436e-08	-5.466764e+01	-1.655905e+03
1.500000e-07	-7.548887e-06	-2.514404e-08	-5.437025e+01	-1.653443e+03
1.600000e-07	-7.505266e-06	-2.523084e-08	-5.405608e+01	-1.650884e+03
1.700000e-07	-7.459072e-06	-2.519266e-08	-5.372337e+01	-1.648282e+03
1.800000e-07	-7.410126e-06	-2.508252e-08	-5.337084e+01	-1.645670e+03
1.900000e-07	-7.358218e-06	-2.511934e-08	-5.299698e+01	-1.643055e+03
2.000000e-07	-7.303425e-06	-2.500909e-08	-5.260233e+01	-1.640411e+03
2.100000e-07	-7.246007e-06	-2.494707e-08	-5.218879e+01	-1.637684e+03
2.200000e-07	-7.185972e-06	-2.494822e-08	-5.175639e+01	-1.634802e+03
2.300000e-07	-7.123296e-06	-2.488343e-08	-5.130497e+01	-1.631684e+03
2.400000e-07	-7.057870e-06	-2.483172e-08	-5.083374e+01	-1.628254e+03
2.500000e-07	-6.989718e-06	-2.472576e-08	-5.034288e+01	-1.624455e+03
2.600000e-07	-6.918909e-06	-2.469400e-08	-4.983289e+01	-1.620258e+03
2.700000e-07	-6.845356e-06	-2.462638e-08	-4.930313e+01	-1.615666e+03
2.800000e-07	-6.769070e-06	-2.455488e-08	-4.875369e+01	-1.610715e+03
2.900000e-07	-6.690073e-06	-2.448518e-08	-4.818471e+01	-1.605469e+03
3.000000e-07	-6.608485e-06	-2.440418e-08	-4.759708e+01	-1.600003e+03
3.100000e-07	-6.524621e-06	-2.433210e-08	-4.699306e+01	-1.594397e+03
3.200000e-07	-6.438617e-06	-2.421316e-08	-4.637362e+01	-1.588714e+03
3.300000e-07	-6.350330e-06	-2.415666e-08	-4.573774e+01	-1.582992e+03
3.400000e-07	-6.259611e-06	-2.407496e-08	-4.508435e+01	-1.577231e+03
3.500000e-07	-6.166635e-06	-2.396898e-08	-4.441469e+01	-1.571394e+03
3.600000e-07	-6.071497e-06	-2.386525e-08	-4.372947e+01	-1.565408e+03
3.700000e-07	-5.974052e-06	-2.376357e-08	-4.302763e+01	-1.559174e+03
3.800000e-07	-5.874398e-06	-2.366109e-08	-4.230988e+01	-1.552582e+03
3.900000e-07	-5.772688e-06	-2.354470e-08	-4.157732e+01	-1.545527e+03
4.000000e-07	-5.668951e-06	-2.343985e-08	-4.083017e+01	-1.537924e+03
4.100000e-07	-5.563237e-06	-2.330681e-08	-4.006877e+01	-1.529721e+03
4.200000e-07	-5.455581e-06	-2.317018e-08	-3.929339e+01	-1.520909e+03
4.300000e-07	-5.345994e-06	-2.302746e-08	-3.850409e+01	-1.511519e+03
4.400000e-07	-5.234422e-06	-2.288828e-08	-3.770050e+01	-1.501616e+03
4.500000e-07	-5.120834e-06	-2.274028e-08	-3.688240e+01	-1.491286e+03
4.600000e-07	-5.005255e-06	-2.258431e-08	-3.604994e+01	-1.480620e+03
4.700000e-07	-4.887769e-06	-2.242014e-08	-3.520376e+01	-1.469690e+03
4.800000e-07	-4.768508e-06	-2.224551e-08	-3.434479e+01	-1.458538e+03
4.900000e-07	-4.647530e-06	-2.206637e-08	-3.347346e+01	-1.447158e+03
5.000000e-07	-4.524845e-06	-2.188248e-08	-3.258983e+01	-1.435492e+03
5.100000e-07	-4.400534e-06	-2.169378e-08	-3.169449e+01	-1.423434e+03
5.200000e-07	-4.274650e-06	-2.148644e-08	-3.078782e+01	-1.410841e+03
5.300000e-07	-4.147153e-06	-2.127014e-08	-2.986954e+01	-1.397547e+03
5.400000e-07	-4.018123e-06	-2.104128e-08	-2.894021e+01	-1.383391e+03
5.500000e-07	-3.887589e-06	-2.080764e-08	-2.800005e+01	-1.368231e+03
5.600000e-07	-3.755543e-06	-2.056191e-08	-2.704900e+01	-1.351969e+03
5.700000e-07	-3.622089e-06	-2.030413e-08	-2.608780e+01	-1.334561e+03
5.800000e-07	-3.487294e-06	-2.002907e-08	-2.511695e+01	-1.316016e+03
5.900000e-07	-3.351149e-06	-1.973627e-08	-2.413638e+01	-1.296391e+03
6.000000e-07	-3.213712e-06	-1.943213e-08	-2.314650e+01	-1.275772e+03
6.100000e-07	-3.074947e-06	-1.911311e-08	-2.214706e+01	-1.254248e+03
6.200000e-07	-2.934789e-06	-1.877937e-08	-2.113759e+01	-1.231878e+03
6.300000e-07	-2.793374e-06	-1.842434e-08	-2.011906e+01	-1.208667e+03
6.400000e-07	-2.650890e-06	-1.804882e-08	-1.909283e+01	-1.184534e+03
6.500000e-07	-2.507449e-06	-1.764849e-08	-1.805970e+01	-1.159306e+03
6.600000e-07	-2.363119e-06	-1.722360e-08	-1.702018e+01	-1.132707e+03
6.700000e-07	-2.217955e-06	-1.677120e-08	-1.597465e+01	-1.104378e+03
6.800000e-07	-2.071964e-06	-1.628590e-08	-1.492315e+01	-1.073895e+03
6.900000e-07	-1.925247e-06	-1.576736e-08	-1.386644e+01	-1.040812e+03
7.000000e-07	-1.777927e-06	-1.521161e-08	-1.280538e+01	-1.004701e+03
7.100000e-07	-1.630093e-06	-1.461530e-08	-1.174062e+01	-9.651918e+02
7.200000e-07	-1.481832e-06	-1.397237e-08	-1.067278e+01	-9.220181e+02
7.300000e-07	-1.333186e-06	-1.328136e-08	-9.602167e+00	-8.750403e+02
7.400000e-07	-1.184142e-06	-1.253540e-08	-8.528690e+00	-8.242607e+02
7.500000e-07	-1.034674e-06	-1.172876e-08	-7.452154e+00	-7.698204e+02
7.600000e-07	-8.847985e-07	-1.086158e-08	-6.372690e+00	-7.119797e+02
7.700000e-07	-7.345914e-07	-9.935933e-09	-5.290836e+00	-6.510839e+02
7.800000e-07	-5.841468e-07	-8.954117e-09	-4.207271e+00	-5.875209e+02
7.900000e-07	-4.334960e-07	-7.921312e-09	-3.122220e+00	-5.216742e+02
8.000000e-07	-2.826560e-07	-6.849440e-09	-2.035807e+00	-4.538806e+02
8.100000e-07	-1.317025e-07	-5.749406e-09	-9.485765e-01	-3.843973e+02
8.200000e-07	1.938488e-08	-4.636000e-09	1.396180e-01	-3.133840e+02
8.300000e-07	1.705450e-07	-3.520187e-09	1.228337e+00	-2.409033e+02
8.400000e-07	3.216412e-07	-2.406185e-09	2.316595e+00	-1.669396e+02
8.500000e-07	4.726339e-07	-1.290617e-09	3.404108e+00	-9.143470e+01
8.600000e-07	6.234670e-07	-1.635250e-10	4.490471e+00	-1.433449e+01
8.700000e-07	7.740784e-07	9.879902e-10	5.575238e+00	6.435876e+01
8.800000e-07	9.244476e-07	2.173275e-09	6.658260e+00	1.445368e+02
8.900000e-07	1.074530e-06	3.396018e-09	7.739217e+00	2.259455e+02
9.000000e-07	1.224214e-06	4.654109e-09	8.817301e+00	3.081616e+02
9.100000e-07	1.373461e-06	5.938259e-09	9.892243e+00	3.905899e+02
9.200000e-07	1.522288e-06	7.231509e-09	1.096416e+01	4.724828e+02
9.300000e-07	1.670684e-06	8.506569e-09	1.203297e+01	5.529808e+02
9.400000e-07	1.818516e-06	9.734083e-09	1.309771e+01	6.311705e+02
9.500000e-07	1.965615e-06	1.088807e-08	1.415719e+01	7.061524e+02
9.600000e-07	2.111894e-06	1.195586e-08	1.521075e+01	7.771118e+02
9.700000e-07	2.257474e-06	1.293367e-08	1.625928e+01	8.433839e+02
9.800000e-07	2.402272e-06	1.382336e-08	1.730217e+01	9.045053e+02
9.900000e-07	2.546062e-06	1.463437e-08	1.833781e+01	9.602460e+02
1.000000e-06	2.688838e-06	1.537110e-08	1.936614e+01	1.010618e+03
1.010000e-06	2.830581e-06	1.604168e-08	2.038704e+01	1.055863e+03
1.020000e-06	2.971194e-06	1.665274e-08	2.139979e+01	1.096411e+03
1.030000e-06	3.110543e-06	1.721592e-08	2.240344e+01	1.132833e+03
1.040000e-06	3.248615e-06	1.773782e-08	2.339789e+01	1.165774e+03
1.050000e-06	3.385519e-06	1.822122e-08	2.438393e+01	1.195891e+03
1.060000e-06	3.521160e-06	1.867009e-08	2.536087e+01	1.223791e+03
1.070000e-06	3.655401e-06	1.908580e-08	2.632773e+01	1.249985e+03
1.080000e-06	3.788367e-06	1.947261e-08	2.728541e+01	1.274856e+03
1.090000e-06	3.920006e-06	1.983469e-08	2.823353e+01	1.298649e+03
1.100000e-06	4.050149e-06	2.017569e-08	2.917088e+01	1.321476e+03
1.110000e-06	4.178898e-06	2.049561e-08	3.009818e+01	1.343341e+03
1.120000e-06	4.306224e-06	2.079852e-08	3.101523e+01	1.364172e+03
1.130000e-06	4.432044e-06	2.108236e-08	3.192144e+01	1.383862e+03
1.140000e-06	4.556409e-06	2.134589e-08	3.281717e+01	1.402308e+03
1.150000e-06	4.679148e-06	2.159361e-08	3.370119e+01	1.419443e+03
1.160000e-06	4.800244e-06	2.182843e-08	3.457337e+01	1.435256e+03
1.170000e-06	4.919659e-06	2.205020e-08	3.543345e+01	1.449807e+03
1.180000e-06	5.037215e-06	2.226021e-08	3.628014e+01	1.463217e+03
1.190000e-06	5.152839e-06	2.245968e-08	3.711291e+01	1.475656e+03
1.200000e-06	5.266465e-06	2.265064e-08	3.793129e+01	1.487319e+03
1.210000e-06	5.378035e-06	2.283290e-08	3.873487e+01	1.498402e+03
1.220000e-06	5.487679e-06	2.300442e-08	3.952457e+01	1.509072e+03
1.230000e-06	5.595479e-06	2.316596e-08	4.030099e+01	1.519450e+03
1.240000e-06	5.701277e-06	2.331983e-08	4.106299e+01	1.529599e+03
1.250000e-06	5.804969e-06	2.346614e-08	4.180982e+01	1.539520e+03
1.260000e-06	5.906487e-06	2.360440e-08	4.254100e+01	1.549160e+03
1.270000e-06	6.005764e-06	2.373566e-08	4.325604e+01	1.558431e+03
1.280000e-06	6.102759e-06	2.386051e-08	4.395463e+01	1.567226e+03
1.290000e-06	6.197543e-06	2.397966e-08	4.463731e+01	1.575447e+03
1.300000e-06	6.290184e-06	2.409119e-08	4.530454e+01	1.583019e+03
1.310000e-06	6.380583e-06	2.419575e-08	4.595564e+01	1.589914e+03
1.320000e-06	6.468638e-06	2.429385e-08	4.658985e+01	1.596148e+03
1.330000e-06	6.554426e-06	2.438505e-08	4.720773e+01	1.601788e+03
1.340000e-06	6.637951e-06	2.447125e-08	4.780931e+01	1.606941e+03
1.350000e-06	6.719062e-06	2.455188e-08	4.839350e+01	1.611734e+03
1.360000e-06	6.797702e-06	2.462825e-08	4.895991e+01	1.616300e+03
1.370000e-06	6.873859e-06	2.470215e-08	4.950842e+01	1.620757e+03
1.380000e-06	6.947412e-06	2.477164e-08	5.003818e+01	1.625191e+03
1.390000e-06	7.018405e-06	2.483791e-08	5.054950e+01	1.629645e+03
1.400000e-06	7.086932e-06	2.490246e-08	5.104306e+01	1.634115e+03
1.410000e-06	7.152873e-06	2.496536e-08	5.151800e+01	1.638554e+03
1.420000e-06	7.216227e-06	2.502519e-08	5.197430e+01	1.642884e+03
1.430000e-06	7.277207e-06	2.508134e-08	5.241350e+01	1.647008e+03
1.440000e-06	7.335689e-06	2.513188e-08	5.283471e+01	1.650830e+03
1.450000e-06	7.391512e-06	2.517740e-08	5.323677e+01	1.654270e+03
1.460000e-06	7.444599e-06	2.522118e-08	5.361913e+01	1.657281e+03
1.470000e-06	7.494631e-06	2.526205e-08	5.397948e+01	1.659853e+03
1.480000e-06	7.541698e-06	2.530045e-08	5.431847e+01	1.662015e+03
1.490000e-06	7.586168e-06	2.533560e-08	5.463877e+01	1.663831e+03
1.500000e-06	7.627987e-06	2.536698e-08	5.493997e+01	1.665388e+03
1.510000e-06	7.666974e-06	2.539464e-08	5.522077e+01	1.666782e+03
1.520000e-06	7.703285e-06	2.542038e-08	5.548229e+01	1.668101e+03
1.530000e-06	7.736928e-06	2.544419e-08	5.572461e+01	1.669413e+03
1.540000e-06	7.767757e-06	2.546465e-08	5.594665e+01	1.670755e+03
1.550000e-06	7.795911e-06	2.548316e-08	5.614943e+01	1.672126e+03
1.560000e-06	7.821237e-06	2.549862e-08	5.633183e+01	1.673494e+03
1.570000e-06	7.843624e-06	2.551105e-08	5.649307e+01	1.674797e+03
1.580000e-06	7.863392e-06	2.552083e-08	5.663545e+01	1.675959e+03
1.590000e-06	7.880376e-06	2.552925e-08	5.675778e+01	1.676904e+03
1.600000e-06	7.894280e-06	2.553693e-08	5.685792e+01	1.677567e+03
1.610000e-06	7.905020e-06	2.554283e-08	5.693528e+01	1.677908e+03
1.620000e-06	7.912673e-06	2.554714e-08	5.699039e+01	1.677919e+03
1.630000e-06	7.917594e-06	2.555004e-08	5.702584e+01	1.677624e+03
1.640000e-06	7.919769e-06	2.555200e-08	5.704150e+01	1.677077e+03
1.650000e-06	7.919099e-06	2.555048e-08	5.703668e+01	1.676354e+03
1.660000e-06	7.915842e-06	2.553666e-08	5.701322e+01	1.675537e+03
1.670000e-06	7.909916e-06	2.552924e-08	5.697054e+01	1.674701e+03
1.680000e-06	7.901262e-06	2.552182e-08	5.690820e+01	1.673905e+03
1.690000e-06	7.890025e-06	2.551082e-08	5.682727e+01	1.673180e+03
1.700000e-06	7.876004e-06	2.550144e-08	5.672629e+01	1.672523e+03
1.710000e-06	7.859336e-06	2.549735e-08	5.660623e+01	1.671901e+03
1.720000e-06	7.840421e-06	2.549722e-08	5.647000e+01	1.671257e+03
1.730000e-06	7.819108e-06	2.543833e-08	5.631650e+01	1.670516e+03
1.740000e-06	7.794784e-06	2.535124e-08	5.614131e+01	1.669604e+03
1.750000e-06	7.766869e-06	2.537501e-08	5.594025e+01	1.668456e+03
1.760000e-06	7.735402e-06	2.537021e-08	5.571361e+01	1.667028e+03
1.770000e-06	7.701219e-06	2.532938e-08	5.546741e+01	1.665305e+03
1.780000e-06	7.664834e-06	2.535807e-08	5.520535e+01	1.663301e+03
1.790000e-06	7.626206e-06	2.542557e-08	5.492713e+01	1.661058e+03
1.800000e-06	7.585644e-06	2.528227e-08	5.463500e+01	1.658634e+03
1.810000e-06	7.542944e-06	2.525406e-08	5.432745e+01	1.656094e+03
1.820000e-06	7.497493e-06	2.528857e-08	5.400009e+01	1.653497e+03
1.830000e-06	7.449385e-06	2.511072e-08	5.365360e+01	1.650884e+03
1.840000e-06	7.398374e-06	2.519120e-08	5.328620e+01	1.648270e+03
1.850000e-06	7.344308e-06	2.511895e-08	5.289679e+01	1.645636e+03
1.860000e-06	7.287544e-06	2.507221e-08	5.248795e+01	1.642937e+03
1.870000e-06	7.228184e-06	2.504373e-08	5.206042e+01	1.640106e+03
1.880000e-06	7.166235e-06	2.488855e-08	5.161423e+01	1.637061e+03
1.890000e-06	7.101468e-06	2.493759e-08	5.114775e+01	1.633725e+03
1.900000e-06	7.033966e-06	2.481678e-08	5.066157e+01	1.630034e+03
1.910000e-06	6.963737e-06	2.478147e-08	5.015575e+01	1.625950e+03
1.920000e-06	6.890680e-06	2.474013e-08	4.962957e+01	1.621466e+03
1.930000e-06	6.815059e-06	2.462794e-08	4.908491e+01	1.616611e+03
1.940000e-06	6.736750e-06	2.459690e-08	4.852090e+01	1.611439e+03
1.950000e-06	6.655824e-06	2.447132e-08	4.793804e+01	1.606026e+03
1.960000e-06	6.572483e-06	2.445997e-08	4.733778e+01	1.600450e+03
1.970000e-06	6.486680e-06	2.435133e-08	4.671979e+01	1.594782e+03
1.980000e-06	6.398485e-06	2.425602e-08	4.608457e+01	1.589067e+03
1.990000e-06	6.308015e-06	2.417883e-08	4.543297e+01	1.583318e+03
2.000000e-06	6.215356e-06	2.406723e-08	4.476560e+01	1.577506e+03
2.010000e-06	6.120417e-06	2.399256e-08	4.408181e+01	1.571570e+03
2.020000e-06	6.023278e-06	2.386958e-08	4.338218e+01	1.565416e+03
2.030000e-06	5.924049e-06	2.378324e-08	4.266749e+01	1.558936e+03
2.040000e-06	5.822699e-06	2.364465e-08	4.193753e+01	1.552021e+03
2.050000e-06	5.719206e-06	2.353732e-08	4.119212e+01	1.544579e+03
2.060000e-06	5.613743e-06	2.341625e-08	4.043253e+01	1.536548e+03
2.070000e-06	5.506464e-06	2.329759e-08	3.965987e+01	1.527906e+03
2.080000e-06	5.397319e-06	2.316785e-08	3.887376e+01	1.518674e+03
2.090000e-06	5.286180e-06	2.301626e-08	3.807329e+01	1.508907e+03
2.100000e-06	5.173010e-06	2.287362e-08	3.725819e+01	1.498688e+03
2.110000e-06	5.057955e-06	2.271447e-08	3.642951e+01	1.488107e+03
2.120000e-06	4.940941e-06	2.257242e-08	3.558673e+01	1.477245e+03
2.130000e-06	4.821955e-06	2.240984e-08	3.472974e+01	1.466153e+03
2.140000e-06	4.701127e-06	2.224141e-08	3.385949e+01	1.454839e+03
2.150000e-06	4.578633e-06	2.204886e-08	3.297724e+01	1.443262e+03
2.160000e-06	4.454482e-06	2.185287e-08	3.208305e+01	1.431327e+03
2.170000e-06	4.328705e-06	2.165035e-08	3.117715e+01	1.418901e+03
2.180000e-06	4.201352e-06	2.144801e-08	3.025990e+01	1.405823e+03
2.190000e-06	4.072408e-06	2.123257e-08	2.933119e+01	1.391927e+03
2.200000e-06	3.941974e-06	2.100366e-08	2.839176e+01	1.377064e+03
2.210000e-06	3.810065e-06	2.075802e-08	2.744169e+01	1.361122e+03
2.220000e-06	3.676748e-06	2.049849e-08	2.648148e+01	1.344040e+03
2.230000e-06	3.542072e-06	2.023404e-08	2.551149e+01	1.325814e+03
2.240000e-06	3.406003e-06	1.995591e-08	2.453146e+01	1.306488e+03
2.250000e-06	3.268617e-06	1.966658e-08	2.354195e+01	1.286141e+03
2.260000e-06	3.129990e-06	1.935499e-08	2.254350e+01	1.264866e+03
2.270000e-06	2.990093e-06	1.902588e-08	2.153590e+01	1.242732e+03
2.280000e-06	2.849058e-06	1.867829e-08	2.052012e+01	1.219763e+03
2.290000e-06	2.707040e-06	1.831642e-08	1.949724e+01	1.195905e+03
2.300000e-06	2.563977e-06	1.793193e-08	1.846684e+01	1.171011e+03
2.310000e-06	2.419898e-06	1.752072e-08	1.742912e+01	1.144836e+03
2.320000e-06	2.274991e-06	1.707764e-08	1.638544e+01	1.117040e+03
2.330000e-06	2.129360e-06	1.660433e-08	1.533654e+01	1.087215e+03
2.340000e-06	1.983005e-06	1.609943e-08	1.428244e+01	1.054919e+03
2.350000e-06	1.835998e-06	1.555756e-08	1.322363e+01	1.019712e+03
2.360000e-06	1.688417e-06	1.497626e-08	1.216069e+01	9.812038e+02
2.370000e-06	1.540280e-06	1.434807e-08	1.109374e+01	9.390954e+02
2.380000e-06	1.391637e-06	1.366914e-08	1.002315e+01	8.932085e+02
2.390000e-06	1.242529e-06	1.293909e-08	8.949214e+00	8.435045e+02
2.400000e-06	1.093023e-06	1.215129e-08	7.872408e+00	7.900862e+02
2.410000e-06	9.431650e-07	1.130333e-08	6.793070e+00	7.331827e+02
2.420000e-06	7.930424e-07	1.039677e-08	5.711824e+00	6.731191e+02
2.430000e-06	6.427406e-07	9.432212e-09	4.629288e+00	6.102759e+02
2.440000e-06	4.922096e-07	8.412316e-09	3.545100e+00	5.450425e+02
2.450000e-06	3.414692e-07	7.346691e-09	2.459405e+00	4.777730e+02
2.460000e-06	1.905446e-07	6.252956e-09	1.372382e+00	4.087497e+02
2.470000e-06	3.951328e-08	5.142755e-09	2.845912e-01	3.381611e+02
2.480000e-06	-1.114727e-07	4.024430e-09	-8.028732e-01	2.660962e+02
2.490000e-06	-2.623762e-07	2.903462e-09	-1.889744e+00	1.925591e+02
2.500000e-06	-4.132410e-07	1.782155e-09	-2.976335e+00	1.174991e+02
2.510000e-06	-5.639962e-07	6.560628e-10	-4.062138e+00	4.085588e+01
2.520000e-06	-7.145162e-07	-4.880388e-10	-5.146246e+00	-3.738983e+01
2.530000e-06	-8.648012e-07	-1.662358e-09	-6.228661e+00	-1.171646e+02
2.540000e-06	-1.014890e-06	-2.877328e-09	-7.309663e+00	-1.982593e+02
2.550000e-06	-1.164731e-06	-4.133249e-09	-8.388880e+00	-2.803002e+02
2.560000e-06	-1.314214e-06	-5.419550e-09	-9.465520e+00	-3.627401e+02
2.570000e-06	-1.463256e-06	-6.719801e-09	-1.053898e+01	-4.448718e+02
2.580000e-06	-1.611747e-06	-8.009445e-09	-1.160848e+01	-5.258625e+02
2.590000e-06	-1.759661e-06	-9.261314e-09	-1.267381e+01	-6.048075e+02
2.600000e-06	-1.906957e-06	-1.044970e-08	-1.373470e+01	-6.807961e+02
2.610000e-06	-2.053454e-06	-1.155591e-08	-1.478984e+01	-7.529823e+02
2.620000e-06	-2.199136e-06	-1.257129e-08	-1.583910e+01	-8.206526e+02
2.630000e-06	-2.344083e-06	-1.349524e-08	-1.688307e+01	-8.832817e+02
2.640000e-06	-2.488104e-06	-1.433342e-08	-1.792037e+01	-9.405710e+02
2.650000e-06	-2.630991e-06	-1.509665e-08	-1.894950e+01	-9.924642e+02
2.660000e-06	-2.772865e-06	-1.579412e-08	-1.997134e+01	-1.039139e+03
2.670000e-06	-2.913692e-06	-1.643289e-08	-2.098564e+01	-1.080978e+03
2.680000e-06	-3.053297e-06	-1.701911e-08	-2.199113e+01	-1.118517e+03
2.690000e-06	-3.191647e-06	-1.755782e-08	-2.298758e+01	-1.152387e+03
2.700000e-06	-3.328808e-06	-1.805211e-08	-2.397547e+01	-1.183248e+03
2.710000e-06	-3.464704e-06	-1.850784e-08	-2.495425e+01	-1.211726e+03
2.720000e-06	-3.599223e-06	-1.893251e-08	-2.592312e+01	-1.238365e+03
2.730000e-06	-3.732524e-06	-1.933050e-08	-2.688321e+01	-1.263585e+03
2.740000e-06	-3.864537e-06	-1.970529e-08	-2.783402e+01	-1.287671e+03
2.750000e-06	-3.995172e-06	-2.005480e-08	-2.877490e+01	-1.310772e+03
2.760000e-06	-4.124531e-06	-2.038017e-08	-2.970661e+01	-1.332918e+03
2.770000e-06	-4.252403e-06	-2.068752e-08	-3.062759e+01	-1.354057e+03
2.780000e-06	-4.378745e-06	-2.097851e-08	-3.153756e+01	-1.374086e+03
2.790000e-06	-4.503670e-06	-2.125381e-08	-3.243732e+01	-1.392899e+03
2.800000e-06	-4.626945e-06	-2.151268e-08	-3.332520e+01	-1.410414e+03
2.810000e-06	-4.748574e-06	-2.175685e-08	-3.420123e+01	-1.426604e+03
2.820000e-06	-4.868466e-06	-2.198857e-08	-3.506474e+01	-1.441508e+03
2.830000e-06	-4.986433e-06	-2.220863e-08	-3.591438e+01	-1.455230e+03
2.840000e-06	-5.102417e-06	-2.241674e-08	-3.674975e+01	-1.467929e+03
2.850000e-06	-5.216245e-06	-2.261230e-08	-3.756959e+01	-1.479796e+03
2.860000e-06	-5.327998e-06	-2.279637e-08	-3.837448e+01	-1.491028e+03
2.870000e-06	-5.437807e-06	-2.296848e-08	-3.916537e+01	-1.501803e+03
2.880000e-06	-5.545766e-06	-2.313144e-08	-3.994294e+01	-1.512258e+03
2.890000e-06	-5.651891e-06	-2.328698e-08	-4.070729e+01	-1.522471e+03
2.900000e-06	-5.755919e-06	-2.343574e-08	-4.145654e+01	-1.532462e+03
2.910000e-06	-5.857723e-06	-2.357713e-08	-4.218978e+01	-1.542193e+03
2.920000e-06	-5.957420e-06	-2.371024e-08	-4.290784e+01	-1.551582e+03
2.930000e-06	-6.055027e-06	-2.383627e-08	-4.361085e+01	-1.560526e+03
2.940000e-06	-6.150431e-06	-2.395384e-08	-4.429798e+01	-1.568921e+03
2.950000e-06	-6.243558e-06	-2.406420e-08	-4.496872e+01	-1.576686e+03
2.960000e-06	-6.334473e-06	-2.416802e-08	-4.562353e+01	-1.583777e+03
2.970000e-06	-6.423148e-06	-2.426476e-08	-4.626221e+01	-1.590197e+03
2.980000e-06	-6.509457e-06	-2.435693e-08	-4.688384e+01	-1.596000e+03
2.990000e-06	-6.593378e-06	-2.444599e-08	-4.748828e+01	-1.601281e+03
3.000000e-06	-6.675044e-06	-2.453143e-08	-4.807647e+01	-1.606165e+03
3.010000e-06	-6.754306e-06	-2.461226e-08	-4.864735e+01	-1.610785e+03
3.020000e-06	-6.830839e-06	-2.468899e-08	-4.919857e+01	-1.615265e+03
3.030000e-06	-6.904781e-06	-2.476139e-08	-4.973113e+01	-1.619702e+03
3.040000e-06	-6.976296e-06	-2.482944e-08	-5.024621e+01	-1.624150e+03
3.050000e-06	-7.045291e-06	-2.489336e-08	-5.074314e+01	-1.628621e+03
3.060000e-06	-7.111795e-06	-2.495510e-08	-5.122214e+01	-1.633078e+03
3.070000e-06	-7.175834e-06	-2.501431e-08	-5.168337e+01	-1.637450e+03
3.080000e-06	-7.237270e-06	-2.507055e-08	-5.212586e+01	-1.641645e+03
3.090000e-06	-7.296101e-06	-2.512397e-08	-5.254958e+01	-1.645564e+03
3.100000e-06	-7.352371e-06	-2.517463e-08	-5.295486e+01	-1.649122e+03
3.110000e-06	-7.405855e-06	-2.521976e-08	-5.334008e+01	-1.652261e+03
3.120000e-06	-7.456314e-06	-2.526056e-08	-5.370350e+01	-1.654959e+03
3.130000e-06	-7.503766e-06	-2.529801e-08	-5.404527e+01	-1.657235e+03
3.140000e-06	-7.548554e-06	-2.533176e-08	-5.436785e+01	-1.659144e+03
3.150000e-06	-7.590921e-06	-2.536273e-08	-5.467300e+01	-1.660767e+03
3.160000e-06	-7.630723e-06	-2.539306e-08	-5.495967e+01	-1.662200e+03
3.170000e-06	-7.667756e-06	-2.542274e-08	-5.522640e+01	-1.663534e+03
3.180000e-06	-7.702093e-06	-2.544939e-08	-5.547371e+01	-1.664845e+03
3.190000e-06	-7.733721e-06	-2.547169e-08	-5.570151e+01	-1.666179e+03
3.200000e-06	-7.762475e-06	-2.549073e-08	-5.590860e+01	-1.667546e+03
3.210000e-06	-7.788496e-06	-2.550368e-08	-5.609602e+01	-1.668922e+03
3.220000e-06	-7.811753e-06	-2.551283e-08	-5.626352e+01	-1.670253e+03
3.230000e-06	-7.832154e-06	-2.551990e-08	-5.641046e+01	-1.671466e+03
3.240000e-06	-7.849798e-06	-2.552628e-08	-5.653754e+01	-1.672482e+03
3.250000e-06	-7.864441e-06	-2.553450e-08	-5.664300e+01	-1.673233e+03
3.260000e-06	-7.875935e-06	-2.554157e-08	-5.672579e+01	-1.673670e+03
3.270000e-06	-7.884544e-06	-2.554710e-08	-5.678780e+01	-1.673776e+03
3.280000e-06	-7.890317e-06	-2.554814e-08	-5.682938e+01	-1.673566e+03
3.290000e-06	-7.893313e-06	-2.554350e-08	-5.685095e+01	-1.673087e+03
3.300000e-06	-7.893627e-06	-2.553530e-08	-5.685321e+01	-1.672408e+03
