# Temperatura_=_50.34
# Concentracion g/m^3_=_28370.0
# C_Vs_to_Am_M_A/Vsm_=_65563218390.804596
# pendiente_HvsI_1/m_=_3716.3
# ordenada_HvsI_A/m_=_1297.0
# frecuencia_Hz_=_302515.31516218337

Tiempo_(s)	Campo_(V.s)	Magnetizacion_(V.s)	Campo_(kA/m)	Magnetizacion_(A/m)
0.000000e+00	-7.906147e-06	-2.547449e-08	-5.683465e+01	-1.668032e+03
1.000000e-08	-7.901956e-06	-2.546849e-08	-5.680452e+01	-1.667224e+03
2.000000e-08	-7.895213e-06	-2.546182e-08	-5.675605e+01	-1.666421e+03
3.000000e-08	-7.885805e-06	-2.545350e-08	-5.668841e+01	-1.665671e+03
4.000000e-08	-7.873588e-06	-2.544198e-08	-5.660059e+01	-1.664991e+03
5.000000e-08	-7.858430e-06	-2.542551e-08	-5.649163e+01	-1.664369e+03
6.000000e-08	-7.840657e-06	-2.540556e-08	-5.636386e+01	-1.663762e+03
7.000000e-08	-7.820651e-06	-2.538335e-08	-5.622005e+01	-1.663105e+03
8.000000e-08	-7.798212e-06	-2.537769e-08	-5.605874e+01	-1.662326e+03
9.000000e-08	-7.772836e-06	-2.538179e-08	-5.587632e+01	-1.661352e+03
1.000000e-07	-7.744323e-06	-2.535762e-08	-5.567135e+01	-1.660127e+03
1.100000e-07	-7.712828e-06	-2.532215e-08	-5.544495e+01	-1.658619e+03
1.200000e-07	-7.678548e-06	-2.528686e-08	-5.519851e+01	-1.656825e+03
1.300000e-07	-7.641756e-06	-2.523788e-08	-5.493403e+01	-1.654770e+03
1.400000e-07	-7.602638e-06	-2.516558e-08	-5.465282e+01	-1.652501e+03
1.500000e-07	-7.561295e-06	-2.512408e-08	-5.435562e+01	-1.650082e+03
1.600000e-07	-7.517570e-06	-2.516254e-08	-5.404130e+01	-1.647575e+03
1.700000e-07	-7.471134e-06	-2.511614e-08	-5.370749e+01	-1.645032e+03
1.800000e-07	-7.421929e-06	-2.507237e-08	-5.335377e+01	-1.642482e+03
1.900000e-07	-7.369857e-06	-2.506203e-08	-5.297944e+01	-1.639928e+03
2.000000e-07	-7.314909e-06	-2.496694e-08	-5.258444e+01	-1.637341e+03
2.100000e-07	-7.257312e-06	-2.489873e-08	-5.217039e+01	-1.634663e+03
2.200000e-07	-7.197102e-06	-2.485458e-08	-5.173756e+01	-1.631822e+03
2.300000e-07	-7.134243e-06	-2.482787e-08	-5.128569e+01	-1.628736e+03
2.400000e-07	-7.068684e-06	-2.477188e-08	-5.081441e+01	-1.625332e+03
2.500000e-07	-7.000413e-06	-2.469863e-08	-5.032363e+01	-1.621555e+03
2.600000e-07	-6.929488e-06	-2.464479e-08	-4.981377e+01	-1.617379e+03
2.700000e-07	-6.855824e-06	-2.457711e-08	-4.928423e+01	-1.612811e+03
2.800000e-07	-6.779361e-06	-2.449893e-08	-4.873456e+01	-1.607890e+03
2.900000e-07	-6.700128e-06	-2.442071e-08	-4.816498e+01	-1.602680e+03
3.000000e-07	-6.618321e-06	-2.436099e-08	-4.757690e+01	-1.597259e+03
3.100000e-07	-6.534180e-06	-2.428761e-08	-4.697203e+01	-1.591702e+03
3.200000e-07	-6.447807e-06	-2.419285e-08	-4.635113e+01	-1.586072e+03
3.300000e-07	-6.359165e-06	-2.411240e-08	-4.571391e+01	-1.580402e+03
3.400000e-07	-6.268175e-06	-2.402360e-08	-4.505981e+01	-1.574688e+03
3.500000e-07	-6.174933e-06	-2.392250e-08	-4.438953e+01	-1.568889e+03
3.600000e-07	-6.079501e-06	-2.382027e-08	-4.370350e+01	-1.562929e+03
3.700000e-07	-5.981837e-06	-2.372101e-08	-4.300143e+01	-1.556709e+03
3.800000e-07	-5.881969e-06	-2.361910e-08	-4.228351e+01	-1.550119e+03
3.900000e-07	-5.779992e-06	-2.350631e-08	-4.155043e+01	-1.543055e+03
4.000000e-07	-5.675965e-06	-2.338771e-08	-4.080261e+01	-1.535438e+03
4.100000e-07	-5.569983e-06	-2.325676e-08	-4.004075e+01	-1.527221e+03
4.200000e-07	-5.462057e-06	-2.312230e-08	-3.926490e+01	-1.518399e+03
4.300000e-07	-5.352172e-06	-2.298500e-08	-3.847498e+01	-1.509008e+03
4.400000e-07	-5.240271e-06	-2.284816e-08	-3.767056e+01	-1.499117e+03
4.500000e-07	-5.126386e-06	-2.270545e-08	-3.685188e+01	-1.488814e+03
4.600000e-07	-5.010609e-06	-2.254912e-08	-3.601960e+01	-1.478187e+03
4.700000e-07	-4.892912e-06	-2.238146e-08	-3.517351e+01	-1.467306e+03
4.800000e-07	-4.773372e-06	-2.220557e-08	-3.431418e+01	-1.456209e+03
4.900000e-07	-4.652106e-06	-2.202826e-08	-3.344244e+01	-1.444883e+03
5.000000e-07	-4.529140e-06	-2.184659e-08	-3.255848e+01	-1.433266e+03
5.100000e-07	-4.404491e-06	-2.165428e-08	-3.166242e+01	-1.421247e+03
5.200000e-07	-4.278279e-06	-2.144975e-08	-3.075512e+01	-1.408678e+03
5.300000e-07	-4.150451e-06	-2.123306e-08	-2.983620e+01	-1.395394e+03
5.400000e-07	-4.021109e-06	-2.100411e-08	-2.890641e+01	-1.381233e+03
5.500000e-07	-3.890326e-06	-2.076871e-08	-2.796625e+01	-1.366059e+03
5.600000e-07	-3.758013e-06	-2.052612e-08	-2.701510e+01	-1.349779e+03
5.700000e-07	-3.624257e-06	-2.027124e-08	-2.605357e+01	-1.332354e+03
5.800000e-07	-3.489116e-06	-1.999640e-08	-2.508209e+01	-1.313800e+03
5.900000e-07	-3.352587e-06	-1.970096e-08	-2.410063e+01	-1.294179e+03
6.000000e-07	-3.214739e-06	-1.939461e-08	-2.310968e+01	-1.273580e+03
6.100000e-07	-3.075628e-06	-1.907555e-08	-2.210966e+01	-1.252092e+03
6.200000e-07	-2.935154e-06	-1.874241e-08	-2.109984e+01	-1.229773e+03
6.300000e-07	-2.793361e-06	-1.839247e-08	-2.008054e+01	-1.206621e+03
6.400000e-07	-2.650516e-06	-1.802164e-08	-1.905368e+01	-1.182550e+03
6.500000e-07	-2.506771e-06	-1.762358e-08	-1.802034e+01	-1.157378e+03
6.600000e-07	-2.362117e-06	-1.719502e-08	-1.698047e+01	-1.130821e+03
6.700000e-07	-2.216577e-06	-1.674034e-08	-1.593423e+01	-1.102512e+03
6.800000e-07	-2.070314e-06	-1.625608e-08	-1.488280e+01	-1.072024e+03
6.900000e-07	-1.923388e-06	-1.573814e-08	-1.382660e+01	-1.038909e+03
7.000000e-07	-1.775798e-06	-1.518210e-08	-1.276562e+01	-1.002739e+03
7.100000e-07	-1.627705e-06	-1.458592e-08	-1.170103e+01	-9.631496e+02
7.200000e-07	-1.479128e-06	-1.394477e-08	-1.063296e+01	-9.198811e+02
7.300000e-07	-1.330096e-06	-1.325243e-08	-9.561616e+00	-8.728017e+02
7.400000e-07	-1.180698e-06	-1.250473e-08	-8.487643e+00	-8.219222e+02
7.500000e-07	-1.030915e-06	-1.169596e-08	-7.410901e+00	-7.673908e+02
7.600000e-07	-8.807249e-07	-1.082673e-08	-6.331237e+00	-7.094726e+02
7.700000e-07	-7.302152e-07	-9.898661e-09	-5.249273e+00	-6.485152e+02
7.800000e-07	-5.795265e-07	-8.914355e-09	-4.166023e+00	-5.849052e+02
7.900000e-07	-4.286105e-07	-7.880208e-09	-3.081138e+00	-5.190223e+02
8.000000e-07	-2.774792e-07	-6.805930e-09	-1.994705e+00	-4.511971e+02
8.100000e-07	-1.261968e-07	-5.705424e-09	-9.071865e-01	-3.816799e+02
8.200000e-07	2.519246e-08	-4.594104e-09	1.811002e-01	-3.106239e+02
8.300000e-07	1.765911e-07	-3.481874e-09	1.269454e+00	-2.380870e+02
8.400000e-07	3.279359e-07	-2.370439e-09	2.357422e+00	-1.640522e+02
8.500000e-07	4.791991e-07	-1.255180e-09	3.444802e+00	-8.846375e+01
8.600000e-07	6.303389e-07	-1.253594e-10	4.531296e+00	-1.127403e+01
8.700000e-07	7.812649e-07	1.029386e-09	5.616252e+00	6.750423e+01
8.800000e-07	9.319392e-07	2.217661e-09	6.699400e+00	1.477495e+02
8.900000e-07	1.082327e-06	3.442569e-09	7.780490e+00	2.291929e+02
9.000000e-07	1.232321e-06	4.701730e-09	8.858743e+00	3.113969e+02
9.100000e-07	1.381886e-06	5.986121e-09	9.933914e+00	3.937540e+02
9.200000e-07	1.530990e-06	7.276518e-09	1.100577e+01	4.755081e+02
9.300000e-07	1.679562e-06	8.547172e-09	1.207381e+01	5.557966e+02
9.400000e-07	1.827518e-06	9.768429e-09	1.313742e+01	6.337085e+02
9.500000e-07	1.974771e-06	1.091620e-08	1.419597e+01	7.083526e+02
9.600000e-07	2.121312e-06	1.197757e-08	1.524940e+01	7.789276e+02
9.700000e-07	2.267150e-06	1.294783e-08	1.629778e+01	8.447860e+02
9.800000e-07	2.412227e-06	1.383077e-08	1.734070e+01	9.054835e+02
9.900000e-07	2.556374e-06	1.463410e-08	1.837692e+01	9.608096e+02
1.000000e-06	2.699453e-06	1.536639e-08	1.940547e+01	1.010794e+03
1.010000e-06	2.841433e-06	1.603469e-08	2.042611e+01	1.055691e+03
1.020000e-06	2.982241e-06	1.664415e-08	2.143833e+01	1.095940e+03
1.030000e-06	3.121837e-06	1.720370e-08	2.244185e+01	1.132116e+03
1.040000e-06	3.260187e-06	1.772096e-08	2.343639e+01	1.164861e+03
1.050000e-06	3.397244e-06	1.820090e-08	2.442165e+01	1.194826e+03
1.060000e-06	3.533013e-06	1.864727e-08	2.539765e+01	1.222609e+03
1.070000e-06	3.667477e-06	1.906112e-08	2.636427e+01	1.248706e+03
1.080000e-06	3.800641e-06	1.944481e-08	2.732153e+01	1.273492e+03
1.090000e-06	3.932433e-06	1.980405e-08	2.826895e+01	1.297198e+03
1.100000e-06	4.062830e-06	2.014299e-08	2.920633e+01	1.319931e+03
1.110000e-06	4.191818e-06	2.046262e-08	3.013358e+01	1.341688e+03
1.120000e-06	4.319235e-06	2.076316e-08	3.104953e+01	1.362399e+03
1.130000e-06	4.445124e-06	2.104460e-08	3.195451e+01	1.381959e+03
1.140000e-06	4.569619e-06	2.130701e-08	3.284946e+01	1.400269e+03
1.150000e-06	4.692583e-06	2.155424e-08	3.373341e+01	1.417271e+03
1.160000e-06	4.813836e-06	2.178801e-08	3.460506e+01	1.432961e+03
1.170000e-06	4.933350e-06	2.200914e-08	3.546420e+01	1.447403e+03
1.180000e-06	5.051122e-06	2.221869e-08	3.631083e+01	1.460723e+03
1.190000e-06	5.167003e-06	2.241807e-08	3.714386e+01	1.473093e+03
1.200000e-06	5.280827e-06	2.260794e-08	3.796210e+01	1.484706e+03
1.210000e-06	5.392596e-06	2.278692e-08	3.876557e+01	1.495754e+03
1.220000e-06	5.502464e-06	2.295589e-08	3.955537e+01	1.506399e+03
1.230000e-06	5.610489e-06	2.311593e-08	4.033193e+01	1.516756e+03
1.240000e-06	5.716498e-06	2.326910e-08	4.109400e+01	1.526881e+03
1.250000e-06	5.820326e-06	2.341590e-08	4.184038e+01	1.536769e+03
1.260000e-06	5.922023e-06	2.355593e-08	4.257144e+01	1.546365e+03
1.270000e-06	6.021518e-06	2.368839e-08	4.328668e+01	1.555580e+03
1.280000e-06	6.118612e-06	2.381141e-08	4.398466e+01	1.564308e+03
1.290000e-06	6.213394e-06	2.392539e-08	4.466601e+01	1.572453e+03
1.300000e-06	6.306041e-06	2.403259e-08	4.533202e+01	1.579948e+03
1.310000e-06	6.396472e-06	2.413469e-08	4.598210e+01	1.586766e+03
1.320000e-06	6.484555e-06	2.423141e-08	4.661530e+01	1.592931e+03
1.330000e-06	6.570367e-06	2.432369e-08	4.723217e+01	1.598513e+03
1.340000e-06	6.654004e-06	2.441237e-08	4.783341e+01	1.603620e+03
1.350000e-06	6.735273e-06	2.449567e-08	4.841762e+01	1.608380e+03
1.360000e-06	6.813982e-06	2.457193e-08	4.898344e+01	1.612925e+03
1.370000e-06	6.890145e-06	2.464320e-08	4.953095e+01	1.617370e+03
1.380000e-06	6.963637e-06	2.471104e-08	5.005926e+01	1.621794e+03
1.390000e-06	7.034570e-06	2.477658e-08	5.056917e+01	1.626239e+03
1.400000e-06	7.103154e-06	2.483960e-08	5.106220e+01	1.630695e+03
1.410000e-06	7.169142e-06	2.490027e-08	5.153656e+01	1.635113e+03
1.420000e-06	7.232483e-06	2.496007e-08	5.199190e+01	1.639413e+03
1.430000e-06	7.293467e-06	2.501687e-08	5.243030e+01	1.643500e+03
1.440000e-06	7.351921e-06	2.506885e-08	5.285050e+01	1.647279e+03
1.450000e-06	7.407718e-06	2.511527e-08	5.325161e+01	1.650675e+03
1.460000e-06	7.460793e-06	2.515732e-08	5.363315e+01	1.653644e+03
1.470000e-06	7.510784e-06	2.519558e-08	5.399252e+01	1.656180e+03
1.480000e-06	7.557794e-06	2.523220e-08	5.433045e+01	1.658315e+03
1.490000e-06	7.602228e-06	2.526636e-08	5.464988e+01	1.660116e+03
1.500000e-06	7.644009e-06	2.529748e-08	5.495023e+01	1.661671e+03
1.510000e-06	7.682955e-06	2.532733e-08	5.523020e+01	1.663073e+03
1.520000e-06	7.719262e-06	2.535459e-08	5.549119e+01	1.664409e+03
1.530000e-06	7.752885e-06	2.537823e-08	5.573290e+01	1.665743e+03
1.540000e-06	7.783720e-06	2.539943e-08	5.595456e+01	1.667107e+03
1.550000e-06	7.811812e-06	2.541866e-08	5.615651e+01	1.668499e+03
1.560000e-06	7.837047e-06	2.543373e-08	5.633791e+01	1.669882e+03
1.570000e-06	7.859420e-06	2.544492e-08	5.649874e+01	1.671194e+03
1.580000e-06	7.879069e-06	2.545470e-08	5.664000e+01	1.672359e+03
1.590000e-06	7.895856e-06	2.546418e-08	5.676067e+01	1.673299e+03
1.600000e-06	7.909660e-06	2.547269e-08	5.685990e+01	1.673955e+03
1.610000e-06	7.920401e-06	2.547867e-08	5.693711e+01	1.674287e+03
1.620000e-06	7.928040e-06	2.548198e-08	5.699203e+01	1.674292e+03
1.630000e-06	7.932873e-06	2.548340e-08	5.702677e+01	1.673997e+03
1.640000e-06	7.934922e-06	2.548370e-08	5.704150e+01	1.673456e+03
1.650000e-06	7.934133e-06	2.548017e-08	5.703583e+01	1.672746e+03
1.660000e-06	7.930737e-06	2.547324e-08	5.701142e+01	1.671948e+03
1.670000e-06	7.924737e-06	2.546684e-08	5.696829e+01	1.671135e+03
1.680000e-06	7.916040e-06	2.545759e-08	5.690577e+01	1.670364e+03
1.690000e-06	7.904646e-06	2.544575e-08	5.682386e+01	1.669662e+03
1.700000e-06	7.890419e-06	2.543553e-08	5.672159e+01	1.669025e+03
1.710000e-06	7.873583e-06	2.542829e-08	5.660056e+01	1.668417e+03
1.720000e-06	7.854487e-06	2.541692e-08	5.646328e+01	1.667780e+03
1.730000e-06	7.832965e-06	2.536924e-08	5.630857e+01	1.667041e+03
1.740000e-06	7.808429e-06	2.532968e-08	5.613218e+01	1.666128e+03
1.750000e-06	7.780301e-06	2.531906e-08	5.592999e+01	1.664977e+03
1.760000e-06	7.748668e-06	2.529851e-08	5.570259e+01	1.663550e+03
1.770000e-06	7.714319e-06	2.528245e-08	5.545566e+01	1.661834e+03
1.780000e-06	7.677760e-06	2.531243e-08	5.519285e+01	1.659847e+03
1.790000e-06	7.639003e-06	2.532369e-08	5.491424e+01	1.657632e+03
1.800000e-06	7.598240e-06	2.524326e-08	5.462121e+01	1.655247e+03
1.810000e-06	7.555245e-06	2.523855e-08	5.431213e+01	1.652757e+03
1.820000e-06	7.509606e-06	2.518005e-08	5.398405e+01	1.650218e+03
1.830000e-06	7.461316e-06	2.510775e-08	5.363691e+01	1.647667e+03
1.840000e-06	7.410048e-06	2.512282e-08	5.326836e+01	1.645114e+03
1.850000e-06	7.355740e-06	2.508679e-08	5.287796e+01	1.642538e+03
1.860000e-06	7.298747e-06	2.507901e-08	5.246825e+01	1.639892e+03
1.870000e-06	7.239146e-06	2.498691e-08	5.203980e+01	1.637103e+03
1.880000e-06	7.176949e-06	2.490226e-08	5.159269e+01	1.634094e+03
1.890000e-06	7.112002e-06	2.487271e-08	5.112580e+01	1.630785e+03
1.900000e-06	7.044247e-06	2.478358e-08	5.063874e+01	1.627116e+03
1.910000e-06	6.973733e-06	2.474114e-08	5.013184e+01	1.623053e+03
1.920000e-06	6.900482e-06	2.469445e-08	4.960526e+01	1.618592e+03
1.930000e-06	6.824633e-06	2.462845e-08	4.906001e+01	1.613764e+03
1.940000e-06	6.746123e-06	2.454682e-08	4.849562e+01	1.608627e+03
1.950000e-06	6.664986e-06	2.446175e-08	4.791236e+01	1.603256e+03
1.960000e-06	6.581319e-06	2.440470e-08	4.731090e+01	1.597730e+03
1.970000e-06	6.495213e-06	2.431722e-08	4.669192e+01	1.592114e+03
1.980000e-06	6.406785e-06	2.423153e-08	4.605624e+01	1.586452e+03
1.990000e-06	6.316090e-06	2.414103e-08	4.540426e+01	1.580751e+03
2.000000e-06	6.223211e-06	2.405133e-08	4.473658e+01	1.574980e+03
2.010000e-06	6.128084e-06	2.395456e-08	4.405275e+01	1.569074e+03
2.020000e-06	6.030749e-06	2.384629e-08	4.335304e+01	1.562937e+03
2.030000e-06	5.931258e-06	2.373722e-08	4.263783e+01	1.556461e+03
2.040000e-06	5.829654e-06	2.362412e-08	4.190744e+01	1.549541e+03
2.050000e-06	5.726006e-06	2.351303e-08	4.116235e+01	1.542086e+03
2.060000e-06	5.620370e-06	2.339460e-08	4.040296e+01	1.534040e+03
2.070000e-06	5.512786e-06	2.327259e-08	3.962958e+01	1.525387e+03
2.080000e-06	5.403302e-06	2.313668e-08	3.884254e+01	1.516152e+03
2.090000e-06	5.291911e-06	2.298712e-08	3.804178e+01	1.506393e+03
2.100000e-06	5.178564e-06	2.283574e-08	3.722697e+01	1.496196e+03
2.110000e-06	5.063203e-06	2.268783e-08	3.639767e+01	1.485651e+03
2.120000e-06	4.945858e-06	2.254256e-08	3.555412e+01	1.474836e+03
2.130000e-06	4.826664e-06	2.238426e-08	3.469727e+01	1.463797e+03
2.140000e-06	4.705611e-06	2.220844e-08	3.382707e+01	1.452539e+03
2.150000e-06	4.582823e-06	2.202331e-08	3.294439e+01	1.441012e+03
2.160000e-06	4.458348e-06	2.182767e-08	3.204958e+01	1.429120e+03
2.170000e-06	4.332264e-06	2.162752e-08	3.114320e+01	1.416722e+03
2.180000e-06	4.204616e-06	2.142295e-08	3.022558e+01	1.403658e+03
2.190000e-06	4.075391e-06	2.120848e-08	2.929662e+01	1.389761e+03
2.200000e-06	3.944686e-06	2.097622e-08	2.835703e+01	1.374886e+03
2.210000e-06	3.812415e-06	2.072682e-08	2.740618e+01	1.358927e+03
2.220000e-06	3.678682e-06	2.046904e-08	2.644481e+01	1.341827e+03
2.230000e-06	3.543672e-06	2.020564e-08	2.547427e+01	1.323589e+03
2.240000e-06	3.407342e-06	1.993071e-08	2.449425e+01	1.304262e+03
2.250000e-06	3.269720e-06	1.964059e-08	2.350493e+01	1.283931e+03
2.260000e-06	3.130809e-06	1.933173e-08	2.250634e+01	1.262687e+03
2.270000e-06	2.990586e-06	1.900208e-08	2.149833e+01	1.240601e+03
2.280000e-06	2.849180e-06	1.865187e-08	2.048180e+01	1.217690e+03
2.290000e-06	2.706780e-06	1.828457e-08	1.945814e+01	1.193894e+03
2.300000e-06	2.563420e-06	1.790051e-08	1.842757e+01	1.169059e+03
2.310000e-06	2.419059e-06	1.749124e-08	1.738981e+01	1.142929e+03
2.320000e-06	2.273823e-06	1.705178e-08	1.634576e+01	1.115160e+03
2.330000e-06	2.127889e-06	1.657931e-08	1.529668e+01	1.085339e+03
2.340000e-06	1.981290e-06	1.607353e-08	1.424283e+01	1.053018e+03
2.350000e-06	1.834003e-06	1.553015e-08	1.318403e+01	1.017759e+03
2.360000e-06	1.686102e-06	1.494655e-08	1.212083e+01	9.791765e+02
2.370000e-06	1.537628e-06	1.431834e-08	1.105350e+01	9.369767e+02
2.380000e-06	1.388582e-06	1.364153e-08	9.982056e+00	8.909893e+02
2.390000e-06	1.239096e-06	1.291137e-08	8.907446e+00	8.411842e+02
2.400000e-06	1.089252e-06	1.212012e-08	7.830272e+00	7.876717e+02
2.410000e-06	9.390947e-07	1.126780e-08	6.750838e+00	7.306865e+02
2.420000e-06	7.886808e-07	1.035676e-08	5.669563e+00	6.705569e+02
2.430000e-06	6.380622e-07	9.390655e-09	4.586816e+00	6.076629e+02
2.440000e-06	4.872829e-07	8.371465e-09	3.502914e+00	5.423907e+02
2.450000e-06	3.363231e-07	7.307607e-09	2.417715e+00	4.750890e+02
2.460000e-06	1.852044e-07	6.213608e-09	1.331372e+00	4.060332e+02
2.470000e-06	3.399963e-08	5.101573e-09	2.444120e-01	3.354050e+02
2.480000e-06	-1.172587e-07	3.982051e-09	-8.429339e-01	2.632882e+02
2.490000e-06	-2.685182e-07	2.860899e-09	-1.930288e+00	1.896842e+02
2.500000e-06	-4.197119e-07	1.739856e-09	-3.017169e+00	1.145438e+02
2.510000e-06	-5.707849e-07	6.133782e-10	-4.103182e+00	3.781186e+01
2.520000e-06	-7.216454e-07	-5.317341e-10	-5.187667e+00	-4.052135e+01
2.530000e-06	-8.722817e-07	-1.709322e-09	-6.270542e+00	-1.203699e+02
2.540000e-06	-1.022705e-06	-2.927795e-09	-7.351882e+00	-2.015101e+02
2.550000e-06	-1.172855e-06	-4.185170e-09	-8.431263e+00	-2.835536e+02
2.560000e-06	-1.322612e-06	-5.471525e-09	-9.507818e+00	-3.659402e+02
2.570000e-06	-1.471901e-06	-6.770445e-09	-1.058100e+01	-4.479529e+02
2.580000e-06	-1.620679e-06	-8.056668e-09	-1.165052e+01	-5.287543e+02
2.590000e-06	-1.768839e-06	-9.302896e-09	-1.271560e+01	-6.074403e+02
2.600000e-06	-1.916291e-06	-1.048486e-08	-1.377558e+01	-6.831070e+02
2.610000e-06	-2.062989e-06	-1.158469e-08	-1.483014e+01	-7.549205e+02
2.620000e-06	-2.208934e-06	-1.259231e-08	-1.587929e+01	-8.221835e+02
2.630000e-06	-2.354105e-06	-1.350717e-08	-1.692288e+01	-8.843896e+02
2.640000e-06	-2.498325e-06	-1.433907e-08	-1.795962e+01	-9.412597e+02
2.650000e-06	-2.641516e-06	-1.509930e-08	-1.898897e+01	-9.927557e+02
2.660000e-06	-2.783672e-06	-1.579482e-08	-2.001089e+01	-1.039070e+03
2.670000e-06	-2.924646e-06	-1.642894e-08	-2.102431e+01	-1.080596e+03
2.680000e-06	-3.064309e-06	-1.701008e-08	-2.202829e+01	-1.117873e+03
2.690000e-06	-3.202759e-06	-1.754426e-08	-2.302356e+01	-1.151534e+03
2.700000e-06	-3.340129e-06	-1.803396e-08	-2.401107e+01	-1.182231e+03
2.710000e-06	-3.476275e-06	-1.848868e-08	-2.498978e+01	-1.210583e+03
2.720000e-06	-3.611076e-06	-1.891409e-08	-2.595882e+01	-1.237120e+03
2.730000e-06	-3.744606e-06	-1.931243e-08	-2.691872e+01	-1.262253e+03
2.740000e-06	-3.876784e-06	-1.968494e-08	-2.786890e+01	-1.286254e+03
2.750000e-06	-4.007596e-06	-2.003110e-08	-2.880927e+01	-1.309262e+03
2.760000e-06	-4.137092e-06	-2.035322e-08	-2.974017e+01	-1.331305e+03
2.770000e-06	-4.265144e-06	-2.065677e-08	-3.066069e+01	-1.352327e+03
2.780000e-06	-4.391741e-06	-2.094544e-08	-3.157076e+01	-1.372229e+03
2.790000e-06	-4.516833e-06	-2.121937e-08	-3.247000e+01	-1.390907e+03
2.800000e-06	-4.640284e-06	-2.147691e-08	-3.335745e+01	-1.408287e+03
2.810000e-06	-4.762110e-06	-2.171866e-08	-3.423322e+01	-1.424350e+03
2.820000e-06	-4.882222e-06	-2.194759e-08	-3.509666e+01	-1.439140e+03
2.830000e-06	-5.000407e-06	-2.216716e-08	-3.594626e+01	-1.452767e+03
2.840000e-06	-5.116573e-06	-2.237517e-08	-3.678133e+01	-1.465391e+03
2.850000e-06	-5.230593e-06	-2.256929e-08	-3.760099e+01	-1.477203e+03
2.860000e-06	-5.342433e-06	-2.275229e-08	-3.840496e+01	-1.488396e+03
2.870000e-06	-5.452328e-06	-2.292525e-08	-3.919496e+01	-1.499144e+03
2.880000e-06	-5.560410e-06	-2.308817e-08	-3.997193e+01	-1.509577e+03
2.890000e-06	-5.666630e-06	-2.324253e-08	-4.073551e+01	-1.519768e+03
2.900000e-06	-5.770830e-06	-2.338968e-08	-4.148457e+01	-1.529729e+03
2.910000e-06	-5.872755e-06	-2.352938e-08	-4.221727e+01	-1.539419e+03
2.920000e-06	-5.972495e-06	-2.366188e-08	-4.293427e+01	-1.548755e+03
2.930000e-06	-6.070212e-06	-2.378696e-08	-4.363673e+01	-1.557635e+03
2.940000e-06	-6.165768e-06	-2.390479e-08	-4.432365e+01	-1.565957e+03
2.950000e-06	-6.259029e-06	-2.401604e-08	-4.499407e+01	-1.573644e+03
2.960000e-06	-6.350020e-06	-2.412038e-08	-4.564817e+01	-1.580657e+03
2.970000e-06	-6.438846e-06	-2.421940e-08	-4.628671e+01	-1.587006e+03
2.980000e-06	-6.525357e-06	-2.431245e-08	-4.690861e+01	-1.592747e+03
2.990000e-06	-6.609412e-06	-2.439977e-08	-4.751285e+01	-1.597979e+03
3.000000e-06	-6.691143e-06	-2.448202e-08	-4.810039e+01	-1.602827e+03
3.010000e-06	-6.770380e-06	-2.455969e-08	-4.867000e+01	-1.607423e+03
3.020000e-06	-6.846881e-06	-2.463405e-08	-4.921994e+01	-1.611888e+03
3.030000e-06	-6.920827e-06	-2.470508e-08	-4.975151e+01	-1.616314e+03
3.040000e-06	-6.992322e-06	-2.477386e-08	-5.026547e+01	-1.620754e+03
3.050000e-06	-7.061299e-06	-2.483937e-08	-5.076132e+01	-1.625212e+03
3.060000e-06	-7.127810e-06	-2.490286e-08	-5.123945e+01	-1.629650e+03
3.070000e-06	-7.191841e-06	-2.496372e-08	-5.169974e+01	-1.633995e+03
3.080000e-06	-7.253275e-06	-2.502093e-08	-5.214137e+01	-1.638155e+03
3.090000e-06	-7.312061e-06	-2.507405e-08	-5.256396e+01	-1.642033e+03
3.100000e-06	-7.368249e-06	-2.512206e-08	-5.296788e+01	-1.645547e+03
3.110000e-06	-7.421703e-06	-2.516332e-08	-5.335214e+01	-1.648642e+03
3.120000e-06	-7.472147e-06	-2.520298e-08	-5.371477e+01	-1.651302e+03
3.130000e-06	-7.519587e-06	-2.524118e-08	-5.405580e+01	-1.653548e+03
3.140000e-06	-7.564413e-06	-2.527626e-08	-5.437804e+01	-1.655439e+03
3.150000e-06	-7.606792e-06	-2.530959e-08	-5.468268e+01	-1.657056e+03
3.160000e-06	-7.646555e-06	-2.534205e-08	-5.496853e+01	-1.658494e+03
3.170000e-06	-7.683598e-06	-2.537133e-08	-5.523482e+01	-1.659843e+03
3.180000e-06	-7.717928e-06	-2.539363e-08	-5.548160e+01	-1.661174e+03
3.190000e-06	-7.749514e-06	-2.541190e-08	-5.570867e+01	-1.662531e+03
3.200000e-06	-7.778255e-06	-2.542913e-08	-5.591528e+01	-1.663920e+03
3.210000e-06	-7.804232e-06	-2.544411e-08	-5.610202e+01	-1.665313e+03
3.220000e-06	-7.827355e-06	-2.545582e-08	-5.626824e+01	-1.666654e+03
3.230000e-06	-7.847631e-06	-2.546557e-08	-5.641400e+01	-1.667871e+03
3.240000e-06	-7.865204e-06	-2.547396e-08	-5.654032e+01	-1.668885e+03
3.250000e-06	-7.879803e-06	-2.548138e-08	-5.664527e+01	-1.669629e+03
3.260000e-06	-7.891264e-06	-2.548659e-08	-5.672766e+01	-1.670058e+03
3.270000e-06	-7.899752e-06	-2.548986e-08	-5.678868e+01	-1.670157e+03
3.280000e-06	-7.905324e-06	-2.549017e-08	-5.682874e+01	-1.669944e+03
3.290000e-06	-7.908111e-06	-2.548623e-08	-5.684877e+01	-1.669469e+03
3.300000e-06	-7.908237e-06	-2.547968e-08	-5.684967e+01	-1.668801e+03
