# Temperatura_=_78.79
# Concentracion g/m^3_=_41000.0
# C_Vs_to_Am_M_A/Vsm_=_65563218390.804596
# pendiente_HvsI_1/m_=_3716.3
# ordenada_HvsI_A/m_=_1297.0
# frecuencia_Hz_=_302504.66189432354

Tiempo_(s)	Campo_(V.s)	Magnetizacion_(V.s)	Campo_(kA/m)	Magnetizacion_(A/m)
0.000000e+00	-7.964007e-06	-2.279030e-08	-5.685662e+01	-1.494860e+03
1.000000e-08	-7.959842e-06	-2.278849e-08	-5.682689e+01	-1.493937e+03
2.000000e-08	-7.953113e-06	-2.278420e-08	-5.677885e+01	-1.492627e+03
3.000000e-08	-7.943661e-06	-2.277794e-08	-5.671137e+01	-1.491203e+03
4.000000e-08	-7.931381e-06	-2.276872e-08	-5.662370e+01	-1.489941e+03
5.000000e-08	-7.916247e-06	-2.275608e-08	-5.651565e+01	-1.489031e+03
6.000000e-08	-7.898372e-06	-2.274033e-08	-5.638804e+01	-1.488518e+03
7.000000e-08	-7.878153e-06	-2.272715e-08	-5.624369e+01	-1.488293e+03
8.000000e-08	-7.855406e-06	-2.272504e-08	-5.608129e+01	-1.488129e+03
9.000000e-08	-7.829514e-06	-2.274513e-08	-5.589645e+01	-1.487758e+03
1.000000e-07	-7.800416e-06	-2.272226e-08	-5.568871e+01	-1.486956e+03
1.100000e-07	-7.768454e-06	-2.266768e-08	-5.546053e+01	-1.485617e+03
1.200000e-07	-7.733747e-06	-2.263141e-08	-5.521275e+01	-1.483788e+03
1.300000e-07	-7.696504e-06	-2.259938e-08	-5.494686e+01	-1.481651e+03
1.400000e-07	-7.657120e-06	-2.254788e-08	-5.466569e+01	-1.479465e+03
1.500000e-07	-7.615494e-06	-2.251513e-08	-5.436851e+01	-1.477481e+03
1.600000e-07	-7.571241e-06	-2.253621e-08	-5.405259e+01	-1.475856e+03
1.700000e-07	-7.524346e-06	-2.247056e-08	-5.371780e+01	-1.474602e+03
1.800000e-07	-7.474573e-06	-2.244124e-08	-5.336246e+01	-1.473571e+03
1.900000e-07	-7.421737e-06	-2.245772e-08	-5.298525e+01	-1.472501e+03
2.000000e-07	-7.366141e-06	-2.240335e-08	-5.258834e+01	-1.471092e+03
2.100000e-07	-7.307848e-06	-2.238937e-08	-5.217217e+01	-1.469100e+03
2.200000e-07	-7.246838e-06	-2.234111e-08	-5.173661e+01	-1.466410e+03
2.300000e-07	-7.183205e-06	-2.227060e-08	-5.128232e+01	-1.463073e+03
2.400000e-07	-7.116840e-06	-2.222447e-08	-5.080852e+01	-1.459293e+03
2.500000e-07	-7.047781e-06	-2.216976e-08	-5.031550e+01	-1.455365e+03
2.600000e-07	-6.976041e-06	-2.214053e-08	-4.980333e+01	-1.451579e+03
2.700000e-07	-6.901503e-06	-2.208986e-08	-4.927119e+01	-1.448137e+03
2.800000e-07	-6.824265e-06	-2.203063e-08	-4.871977e+01	-1.445085e+03
2.900000e-07	-6.744329e-06	-2.196983e-08	-4.814910e+01	-1.442300e+03
3.000000e-07	-6.661735e-06	-2.191128e-08	-4.755944e+01	-1.439531e+03
3.100000e-07	-6.576846e-06	-2.185426e-08	-4.695340e+01	-1.436473e+03
3.200000e-07	-6.489814e-06	-2.179144e-08	-4.633206e+01	-1.432871e+03
3.300000e-07	-6.400401e-06	-2.175030e-08	-4.569373e+01	-1.428595e+03
3.400000e-07	-6.308581e-06	-2.167384e-08	-4.503820e+01	-1.423684e+03
3.500000e-07	-6.214540e-06	-2.160520e-08	-4.436683e+01	-1.418336e+03
3.600000e-07	-6.118194e-06	-2.154616e-08	-4.367900e+01	-1.412840e+03
3.700000e-07	-6.019488e-06	-2.147273e-08	-4.297431e+01	-1.407488e+03
3.800000e-07	-5.918675e-06	-2.139699e-08	-4.225459e+01	-1.402475e+03
3.900000e-07	-5.815852e-06	-2.131741e-08	-4.152052e+01	-1.397832e+03
4.000000e-07	-5.710929e-06	-2.123514e-08	-4.077145e+01	-1.393413e+03
4.100000e-07	-5.603912e-06	-2.114251e-08	-4.000743e+01	-1.388934e+03
4.200000e-07	-5.494992e-06	-2.106232e-08	-3.922984e+01	-1.384061e+03
4.300000e-07	-5.384248e-06	-2.097067e-08	-3.843921e+01	-1.378513e+03
4.400000e-07	-5.271507e-06	-2.087219e-08	-3.763433e+01	-1.372156e+03
4.500000e-07	-5.156680e-06	-2.077355e-08	-3.681456e+01	-1.365045e+03
4.600000e-07	-5.039780e-06	-2.067556e-08	-3.597998e+01	-1.357413e+03
4.700000e-07	-4.921000e-06	-2.057236e-08	-3.513199e+01	-1.349597e+03
4.800000e-07	-4.800498e-06	-2.046572e-08	-3.427171e+01	-1.341929e+03
4.900000e-07	-4.678274e-06	-2.036000e-08	-3.339913e+01	-1.334630e+03
5.000000e-07	-4.554289e-06	-2.024322e-08	-3.251397e+01	-1.327726e+03
5.100000e-07	-4.428633e-06	-2.011761e-08	-3.161689e+01	-1.321030e+03
5.200000e-07	-4.301374e-06	-1.998809e-08	-3.070836e+01	-1.314196e+03
5.300000e-07	-4.172586e-06	-1.985967e-08	-2.978892e+01	-1.306812e+03
5.400000e-07	-4.042315e-06	-1.972073e-08	-2.885889e+01	-1.298533e+03
5.500000e-07	-3.910425e-06	-1.957946e-08	-2.791729e+01	-1.289188e+03
5.600000e-07	-3.777026e-06	-1.943800e-08	-2.696494e+01	-1.278836e+03
5.700000e-07	-3.642225e-06	-1.929305e-08	-2.600256e+01	-1.267753e+03
5.800000e-07	-3.506071e-06	-1.914178e-08	-2.503054e+01	-1.256346e+03
5.900000e-07	-3.368612e-06	-1.898198e-08	-2.404919e+01	-1.245016e+03
6.000000e-07	-3.229814e-06	-1.881368e-08	-2.305828e+01	-1.234023e+03
6.100000e-07	-3.089580e-06	-1.863037e-08	-2.205712e+01	-1.223382e+03
6.200000e-07	-2.948043e-06	-1.844077e-08	-2.104666e+01	-1.212841e+03
6.300000e-07	-2.805402e-06	-1.824613e-08	-2.002832e+01	-1.201931e+03
6.400000e-07	-2.661617e-06	-1.804630e-08	-1.900181e+01	-1.190107e+03
6.500000e-07	-2.516799e-06	-1.783837e-08	-1.796793e+01	-1.176903e+03
6.600000e-07	-2.371049e-06	-1.761991e-08	-1.692739e+01	-1.162082e+03
6.700000e-07	-2.224481e-06	-1.739069e-08	-1.588101e+01	-1.145717e+03
6.800000e-07	-2.077234e-06	-1.714780e-08	-1.482978e+01	-1.128167e+03
6.900000e-07	-1.929317e-06	-1.689343e-08	-1.377377e+01	-1.109964e+03
7.000000e-07	-1.780759e-06	-1.662728e-08	-1.271319e+01	-1.091629e+03
7.100000e-07	-1.631697e-06	-1.634801e-08	-1.164901e+01	-1.073466e+03
7.200000e-07	-1.482202e-06	-1.605200e-08	-1.058173e+01	-1.055417e+03
7.300000e-07	-1.332253e-06	-1.573716e-08	-9.511218e+00	-1.037013e+03
7.400000e-07	-1.181815e-06	-1.540203e-08	-8.437209e+00	-1.017451e+03
7.500000e-07	-1.030902e-06	-1.504344e-08	-7.359816e+00	-9.957908e+02
7.600000e-07	-8.796321e-07	-1.466136e-08	-6.279868e+00	-9.711986e+02
7.700000e-07	-7.280687e-07	-1.425356e-08	-5.197827e+00	-9.431861e+02
7.800000e-07	-5.762770e-07	-1.381376e-08	-4.114155e+00	-9.117401e+02
7.900000e-07	-4.243205e-07	-1.333564e-08	-3.029308e+00	-8.772946e+02
8.000000e-07	-2.722286e-07	-1.281152e-08	-1.943494e+00	-8.405228e+02
8.100000e-07	-1.200405e-07	-1.223310e-08	-8.569931e-01	-8.019849e+02
8.200000e-07	3.222472e-08	-1.159389e-08	2.300586e-01	-7.617151e+02
8.300000e-07	1.845339e-07	-1.088625e-08	1.317424e+00	-7.188636e+02
8.400000e-07	3.367846e-07	-1.009574e-08	2.404371e+00	-6.715121e+02
8.500000e-07	4.889023e-07	-9.200330e-09	3.490370e+00	-6.167493e+02
8.600000e-07	6.409180e-07	-8.174927e-09	4.575640e+00	-5.510383e+02
8.700000e-07	7.927651e-07	-6.982267e-09	5.659707e+00	-4.708330e+02
8.800000e-07	9.443994e-07	-5.570419e-09	6.742254e+00	-3.733352e+02
8.900000e-07	1.095799e-06	-3.879715e-09	7.823129e+00	-2.572352e+02
9.000000e-07	1.246900e-06	-1.860446e-09	8.901866e+00	-1.232671e+02
9.100000e-07	1.397577e-06	4.465658e-10	9.977576e+00	2.556182e+01
9.200000e-07	1.547675e-06	2.887580e-09	1.104916e+01	1.841457e+02
9.300000e-07	1.697171e-06	5.347719e-09	1.211644e+01	3.458499e+02
9.400000e-07	1.846118e-06	7.784976e-09	1.317980e+01	5.033838e+02
9.500000e-07	1.994511e-06	1.008258e-08	1.423921e+01	6.498126e+02
9.600000e-07	2.142126e-06	1.205010e-08	1.529306e+01	7.795147e+02
9.700000e-07	2.288828e-06	1.360795e-08	1.634039e+01	8.889011e+02
9.800000e-07	2.434609e-06	1.481457e-08	1.738116e+01	9.767627e+02
9.900000e-07	2.579418e-06	1.575245e-08	1.841497e+01	1.044197e+03
1.000000e-06	2.723295e-06	1.649177e-08	1.944214e+01	1.094149e+03
1.010000e-06	2.866202e-06	1.708320e-08	2.046238e+01	1.130687e+03
1.020000e-06	3.007976e-06	1.756462e-08	2.147454e+01	1.158173e+03
1.030000e-06	3.148604e-06	1.796896e-08	2.247850e+01	1.180507e+03
1.040000e-06	3.287943e-06	1.831801e-08	2.347328e+01	1.200590e+03
1.050000e-06	3.425900e-06	1.862115e-08	2.445818e+01	1.220079e+03
1.060000e-06	3.562564e-06	1.888772e-08	2.543385e+01	1.239458e+03
1.070000e-06	3.697944e-06	1.912707e-08	2.640036e+01	1.258341e+03
1.080000e-06	3.831923e-06	1.934724e-08	2.735686e+01	1.275917e+03
1.090000e-06	3.964560e-06	1.955040e-08	2.830378e+01	1.291391e+03
1.100000e-06	4.095838e-06	1.974000e-08	2.924099e+01	1.304325e+03
1.110000e-06	4.225517e-06	1.991713e-08	3.016680e+01	1.314789e+03
1.120000e-06	4.353709e-06	2.007971e-08	3.108199e+01	1.323336e+03
1.130000e-06	4.480466e-06	2.022905e-08	3.198693e+01	1.330809e+03
1.140000e-06	4.605767e-06	2.036809e-08	3.288148e+01	1.338086e+03
1.150000e-06	4.729568e-06	2.049995e-08	3.376532e+01	1.345826e+03
1.160000e-06	4.851604e-06	2.062760e-08	3.463656e+01	1.354307e+03
1.170000e-06	4.971877e-06	2.074895e-08	3.549521e+01	1.363390e+03
1.180000e-06	5.090366e-06	2.086311e-08	3.634113e+01	1.372612e+03
1.190000e-06	5.206940e-06	2.097231e-08	3.717337e+01	1.381364e+03
1.200000e-06	5.321478e-06	2.107418e-08	3.799109e+01	1.389107e+03
1.210000e-06	5.433904e-06	2.116872e-08	3.879372e+01	1.395540e+03
1.220000e-06	5.544348e-06	2.125749e-08	3.958220e+01	1.400687e+03
1.230000e-06	5.652956e-06	2.134421e-08	4.035757e+01	1.404879e+03
1.240000e-06	5.759559e-06	2.142839e-08	4.111863e+01	1.408638e+03
1.250000e-06	5.863971e-06	2.150775e-08	4.186405e+01	1.412515e+03
1.260000e-06	5.966231e-06	2.158330e-08	4.259410e+01	1.416918e+03
1.270000e-06	6.066367e-06	2.165652e-08	4.330899e+01	1.422008e+03
1.280000e-06	6.164268e-06	2.172858e-08	4.400793e+01	1.427658e+03
1.290000e-06	6.259769e-06	2.179784e-08	4.468973e+01	1.433517e+03
1.300000e-06	6.353025e-06	2.186388e-08	4.535550e+01	1.439132e+03
1.310000e-06	6.444005e-06	2.192788e-08	4.600503e+01	1.444091e+03
1.320000e-06	6.532604e-06	2.198898e-08	4.663755e+01	1.448157e+03
1.330000e-06	6.618910e-06	2.204698e-08	4.725370e+01	1.451330e+03
1.340000e-06	6.702942e-06	2.210171e-08	4.785363e+01	1.453840e+03
1.350000e-06	6.784538e-06	2.215283e-08	4.843616e+01	1.456063e+03
1.360000e-06	6.863614e-06	2.220169e-08	4.900069e+01	1.458402e+03
1.370000e-06	6.940159e-06	2.225017e-08	4.954717e+01	1.461156e+03
1.380000e-06	7.014100e-06	2.229906e-08	5.007505e+01	1.464436e+03
1.390000e-06	7.085520e-06	2.234608e-08	5.058493e+01	1.468130e+03
1.400000e-06	7.154497e-06	2.239038e-08	5.107737e+01	1.471954e+03
1.410000e-06	7.220883e-06	2.243118e-08	5.155131e+01	1.475541e+03
1.420000e-06	7.284585e-06	2.246834e-08	5.200609e+01	1.478561e+03
1.430000e-06	7.345840e-06	2.250230e-08	5.244340e+01	1.480825e+03
1.440000e-06	7.404603e-06	2.253235e-08	5.286292e+01	1.482339e+03
1.450000e-06	7.460739e-06	2.256013e-08	5.326369e+01	1.483302e+03
1.460000e-06	7.514145e-06	2.258793e-08	5.364497e+01	1.484033e+03
1.470000e-06	7.564457e-06	2.261450e-08	5.400415e+01	1.484876e+03
1.480000e-06	7.611748e-06	2.263932e-08	5.434177e+01	1.486090e+03
1.490000e-06	7.656392e-06	2.266460e-08	5.466049e+01	1.487769e+03
1.500000e-06	7.698321e-06	2.268944e-08	5.495983e+01	1.489821e+03
1.510000e-06	7.737417e-06	2.271183e-08	5.523895e+01	1.491998e+03
1.520000e-06	7.773851e-06	2.272955e-08	5.549906e+01	1.493982e+03
1.530000e-06	7.807556e-06	2.274355e-08	5.573969e+01	1.495483e+03
1.540000e-06	7.838469e-06	2.275587e-08	5.596038e+01	1.496334e+03
1.550000e-06	7.866635e-06	2.276669e-08	5.616146e+01	1.496539e+03
1.560000e-06	7.891890e-06	2.277623e-08	5.634176e+01	1.496273e+03
1.570000e-06	7.914253e-06	2.278617e-08	5.650142e+01	1.495824e+03
1.580000e-06	7.933971e-06	2.279637e-08	5.664219e+01	1.495501e+03
1.590000e-06	7.950858e-06	2.280548e-08	5.676275e+01	1.495541e+03
1.600000e-06	7.964661e-06	2.281366e-08	5.686129e+01	1.496032e+03
1.610000e-06	7.975348e-06	2.282020e-08	5.693759e+01	1.496893e+03
1.620000e-06	7.982985e-06	2.282342e-08	5.699211e+01	1.497899e+03
1.630000e-06	7.987845e-06	2.282386e-08	5.702680e+01	1.498751e+03
1.640000e-06	7.989903e-06	2.282210e-08	5.704150e+01	1.499175e+03
1.650000e-06	7.989087e-06	2.281696e-08	5.703567e+01	1.499005e+03
1.660000e-06	7.985635e-06	2.280798e-08	5.701102e+01	1.498232e+03
1.670000e-06	7.979506e-06	2.280159e-08	5.696727e+01	1.497005e+03
1.680000e-06	7.970696e-06	2.279674e-08	5.690437e+01	1.495583e+03
1.690000e-06	7.959222e-06	2.279150e-08	5.682246e+01	1.494249e+03
1.700000e-06	7.944922e-06	2.278392e-08	5.672037e+01	1.493225e+03
1.710000e-06	7.928041e-06	2.277427e-08	5.659985e+01	1.492602e+03
1.720000e-06	7.908872e-06	2.275436e-08	5.646300e+01	1.492313e+03
1.730000e-06	7.887207e-06	2.270389e-08	5.630833e+01	1.492157e+03
1.740000e-06	7.862368e-06	2.264155e-08	5.613100e+01	1.491870e+03
1.750000e-06	7.833819e-06	2.265077e-08	5.592718e+01	1.491207e+03
1.760000e-06	7.801855e-06	2.266022e-08	5.569899e+01	1.490023e+03
1.770000e-06	7.767344e-06	2.264528e-08	5.545261e+01	1.488319e+03
1.780000e-06	7.730652e-06	2.266332e-08	5.519065e+01	1.486244e+03
1.790000e-06	7.691776e-06	2.269192e-08	5.491311e+01	1.484043e+03
1.800000e-06	7.650785e-06	2.262645e-08	5.462046e+01	1.481979e+03
1.810000e-06	7.607336e-06	2.261556e-08	5.431027e+01	1.480242e+03
1.820000e-06	7.561260e-06	2.261758e-08	5.398133e+01	1.478889e+03
1.830000e-06	7.512472e-06	2.253077e-08	5.363303e+01	1.477816e+03
1.840000e-06	7.460684e-06	2.254956e-08	5.326329e+01	1.476786e+03
1.850000e-06	7.405929e-06	2.246803e-08	5.287239e+01	1.475502e+03
1.860000e-06	7.348409e-06	2.244294e-08	5.246175e+01	1.473694e+03
1.870000e-06	7.288379e-06	2.245716e-08	5.203318e+01	1.471204e+03
1.880000e-06	7.225665e-06	2.239111e-08	5.158545e+01	1.468036e+03
1.890000e-06	7.160040e-06	2.240101e-08	5.111694e+01	1.464354e+03
1.900000e-06	7.091713e-06	2.230433e-08	5.062914e+01	1.460435e+03
1.910000e-06	7.020539e-06	2.224850e-08	5.012101e+01	1.456581e+03
1.920000e-06	6.946601e-06	2.221281e-08	4.959316e+01	1.453027e+03
1.930000e-06	6.870023e-06	2.216273e-08	4.904645e+01	1.449868e+03
1.940000e-06	6.790667e-06	2.214117e-08	4.847992e+01	1.447027e+03
1.950000e-06	6.708765e-06	2.205195e-08	4.789520e+01	1.444282e+03
1.960000e-06	6.624448e-06	2.201305e-08	4.729324e+01	1.441336e+03
1.970000e-06	6.537702e-06	2.192262e-08	4.667395e+01	1.437908e+03
1.980000e-06	6.448530e-06	2.186964e-08	4.603733e+01	1.433827e+03
1.990000e-06	6.357163e-06	2.182401e-08	4.538504e+01	1.429082e+03
2.000000e-06	6.263641e-06	2.174243e-08	4.471737e+01	1.423830e+03
2.010000e-06	6.167804e-06	2.168147e-08	4.403317e+01	1.418344e+03
2.020000e-06	6.069777e-06	2.158888e-08	4.333334e+01	1.412924e+03
2.030000e-06	5.969621e-06	2.152269e-08	4.261831e+01	1.407801e+03
2.040000e-06	5.867294e-06	2.143996e-08	4.188777e+01	1.403059e+03
2.050000e-06	5.762833e-06	2.137098e-08	4.114200e+01	1.398599e+03
2.060000e-06	5.656408e-06	2.128238e-08	4.038221e+01	1.394170e+03
2.070000e-06	5.548091e-06	2.119744e-08	3.960892e+01	1.389441e+03
2.080000e-06	5.437784e-06	2.111625e-08	3.882142e+01	1.384106e+03
2.090000e-06	5.325362e-06	2.102472e-08	3.801881e+01	1.377982e+03
2.100000e-06	5.210967e-06	2.093211e-08	3.720213e+01	1.371068e+03
2.110000e-06	5.094667e-06	2.083045e-08	3.637183e+01	1.363552e+03
2.120000e-06	4.976383e-06	2.073169e-08	3.552738e+01	1.355750e+03
2.130000e-06	4.856148e-06	2.061573e-08	3.466900e+01	1.348010e+03
2.140000e-06	4.734113e-06	2.050631e-08	3.379777e+01	1.340592e+03
2.150000e-06	4.610474e-06	2.039340e-08	3.291508e+01	1.333584e+03
2.160000e-06	4.485222e-06	2.028501e-08	3.202088e+01	1.326857e+03
2.170000e-06	4.358275e-06	2.016651e-08	3.111458e+01	1.320103e+03
2.180000e-06	4.229634e-06	2.004791e-08	3.019619e+01	1.312915e+03
2.190000e-06	4.099462e-06	1.992311e-08	2.926687e+01	1.304918e+03
2.200000e-06	3.967790e-06	1.978644e-08	2.832684e+01	1.295880e+03
2.210000e-06	3.834653e-06	1.964199e-08	2.737634e+01	1.285794e+03
2.220000e-06	3.700072e-06	1.949329e-08	2.641554e+01	1.274881e+03
2.230000e-06	3.563960e-06	1.934090e-08	2.544382e+01	1.263521e+03
2.240000e-06	3.426485e-06	1.918025e-08	2.446235e+01	1.252133e+03
2.250000e-06	3.287844e-06	1.901737e-08	2.347257e+01	1.241029e+03
2.260000e-06	3.148022e-06	1.884851e-08	2.247435e+01	1.230301e+03
2.270000e-06	3.006945e-06	1.867498e-08	2.146717e+01	1.219770e+03
2.280000e-06	2.864674e-06	1.849017e-08	2.045147e+01	1.209020e+03
2.290000e-06	2.721279e-06	1.829759e-08	1.942775e+01	1.197510e+03
2.300000e-06	2.576779e-06	1.809163e-08	1.839613e+01	1.184735e+03
2.310000e-06	2.431386e-06	1.787668e-08	1.735814e+01	1.170382e+03
2.320000e-06	2.285273e-06	1.765414e-08	1.631502e+01	1.154431e+03
2.330000e-06	2.138395e-06	1.742123e-08	1.526643e+01	1.137168e+03
2.340000e-06	1.990773e-06	1.717501e-08	1.421252e+01	1.119093e+03
2.350000e-06	1.842508e-06	1.691350e-08	1.315403e+01	1.100750e+03
2.360000e-06	1.693670e-06	1.663733e-08	1.209145e+01	1.082525e+03
2.370000e-06	1.544350e-06	1.634806e-08	1.102542e+01	1.064472e+03
2.380000e-06	1.394565e-06	1.604521e-08	9.956075e+00	1.046239e+03
2.390000e-06	1.244348e-06	1.572076e-08	8.883645e+00	1.027101e+03
2.400000e-06	1.093709e-06	1.537117e-08	7.808207e+00	1.006134e+03
2.410000e-06	9.426106e-07	1.499670e-08	6.729483e+00	9.824462e+02
2.420000e-06	7.911472e-07	1.459607e-08	5.648156e+00	9.554328e+02
2.430000e-06	6.393766e-07	1.416496e-08	4.564636e+00	9.249394e+02
2.440000e-06	4.873488e-07	1.369977e-08	3.479279e+00	8.912857e+02
2.450000e-06	3.351118e-07	1.319362e-08	2.392429e+00	8.551076e+02
2.460000e-06	1.826655e-07	1.263839e-08	1.304085e+00	8.170389e+02
2.470000e-06	3.009059e-08	1.202713e-08	2.148227e-01	7.773053e+02
2.480000e-06	-1.225082e-07	1.134963e-08	-8.746103e-01	7.353381e+02
2.490000e-06	-2.750856e-07	1.058916e-08	-1.963891e+00	6.895291e+02
2.500000e-06	-4.275884e-07	9.728870e-09	-3.052638e+00	6.372258e+02
2.510000e-06	-5.799674e-07	8.749399e-09	-4.140502e+00	5.750166e+02
2.520000e-06	-7.321794e-07	7.618641e-09	-5.227173e+00	4.992842e+02
2.530000e-06	-8.841032e-07	6.291848e-09	-6.311787e+00	4.069371e+02
2.540000e-06	-1.035668e-06	4.712216e-09	-7.393837e+00	2.961728e+02
2.550000e-06	-1.186803e-06	2.817540e-09	-8.472820e+00	1.671015e+02
2.560000e-06	-1.337459e-06	5.886661e-10	-9.548381e+00	2.208051e+01
2.570000e-06	-1.487624e-06	-1.861879e-09	-1.062044e+01	-1.343419e+02
2.580000e-06	-1.637222e-06	-4.378945e-09	-1.168845e+01	-2.958897e+02
2.590000e-06	-1.786211e-06	-6.894452e-09	-1.275211e+01	-4.553588e+02
2.600000e-06	-1.934575e-06	-9.320720e-09	-1.381131e+01	-6.056089e+02
2.610000e-06	-2.082254e-06	-1.146055e-08	-1.486563e+01	-7.405566e+02
2.620000e-06	-2.229146e-06	-1.318340e-08	-1.591431e+01	-8.559784e+02
2.630000e-06	-2.375138e-06	-1.452127e-08	-1.695658e+01	-9.499745e+02
2.640000e-06	-2.520312e-06	-1.555604e-08	-1.799301e+01	-1.023015e+03
2.650000e-06	-2.664693e-06	-1.636510e-08	-1.902377e+01	-1.077582e+03
2.660000e-06	-2.807954e-06	-1.700843e-08	-2.004654e+01	-1.117506e+03
2.670000e-06	-2.949875e-06	-1.752955e-08	-2.105974e+01	-1.147149e+03
2.680000e-06	-3.090528e-06	-1.796152e-08	-2.206389e+01	-1.170609e+03
2.690000e-06	-3.230032e-06	-1.832740e-08	-2.305983e+01	-1.191111e+03
2.700000e-06	-3.368344e-06	-1.864265e-08	-2.404728e+01	-1.210675e+03
2.710000e-06	-3.505415e-06	-1.892047e-08	-2.502585e+01	-1.230096e+03
2.720000e-06	-3.641199e-06	-1.917139e-08	-2.599524e+01	-1.249195e+03
2.730000e-06	-3.775551e-06	-1.940125e-08	-2.695440e+01	-1.267235e+03
2.740000e-06	-3.908541e-06	-1.961129e-08	-2.790385e+01	-1.283376e+03
2.750000e-06	-4.040247e-06	-1.980047e-08	-2.884412e+01	-1.297053e+03
2.760000e-06	-4.170557e-06	-1.997292e-08	-2.977443e+01	-1.308186e+03
2.770000e-06	-4.299495e-06	-2.013330e-08	-3.069495e+01	-1.317204e+03
2.780000e-06	-4.426928e-06	-2.028396e-08	-3.160471e+01	-1.324892e+03
2.790000e-06	-4.552669e-06	-2.042701e-08	-3.250240e+01	-1.332145e+03
2.800000e-06	-4.676925e-06	-2.056257e-08	-3.338949e+01	-1.339708e+03
2.810000e-06	-4.799613e-06	-2.068980e-08	-3.426539e+01	-1.347975e+03
2.820000e-06	-4.920551e-06	-2.080930e-08	-3.512878e+01	-1.356923e+03
2.830000e-06	-5.039564e-06	-2.092221e-08	-3.597845e+01	-1.366166e+03
2.840000e-06	-5.156507e-06	-2.102844e-08	-3.681332e+01	-1.375116e+03
2.850000e-06	-5.271442e-06	-2.112735e-08	-3.763387e+01	-1.383192e+03
2.860000e-06	-5.384231e-06	-2.122111e-08	-3.843909e+01	-1.390013e+03
2.870000e-06	-5.494948e-06	-2.131160e-08	-3.922952e+01	-1.395507e+03
2.880000e-06	-5.603716e-06	-2.139902e-08	-4.000604e+01	-1.399925e+03
2.890000e-06	-5.710546e-06	-2.148168e-08	-4.076871e+01	-1.403751e+03
2.900000e-06	-5.815397e-06	-2.155992e-08	-4.151727e+01	-1.407544e+03
2.910000e-06	-5.918003e-06	-2.163566e-08	-4.224979e+01	-1.411770e+03
2.920000e-06	-6.018347e-06	-2.170939e-08	-4.296617e+01	-1.416666e+03
2.930000e-06	-6.116582e-06	-2.178162e-08	-4.366749e+01	-1.422185e+03
2.940000e-06	-6.212701e-06	-2.185106e-08	-4.435370e+01	-1.428030e+03
2.950000e-06	-6.306587e-06	-2.191740e-08	-4.502397e+01	-1.433762e+03
2.960000e-06	-6.398156e-06	-2.198107e-08	-4.567770e+01	-1.438944e+03
2.970000e-06	-6.487466e-06	-2.204139e-08	-4.631530e+01	-1.443277e+03
2.980000e-06	-6.574421e-06	-2.209884e-08	-4.693609e+01	-1.446692e+03
2.990000e-06	-6.658954e-06	-2.215488e-08	-4.753959e+01	-1.449359e+03
3.000000e-06	-6.741162e-06	-2.220966e-08	-4.812649e+01	-1.451623e+03
3.010000e-06	-6.820998e-06	-2.226189e-08	-4.869645e+01	-1.453893e+03
3.020000e-06	-6.898215e-06	-2.231042e-08	-4.924772e+01	-1.456509e+03
3.030000e-06	-6.972758e-06	-2.235601e-08	-4.977990e+01	-1.459642e+03
3.040000e-06	-7.044766e-06	-2.239877e-08	-5.029398e+01	-1.463242e+03
3.050000e-06	-7.114206e-06	-2.243730e-08	-5.078972e+01	-1.467066e+03
3.060000e-06	-7.181102e-06	-2.247364e-08	-5.126731e+01	-1.470759e+03
3.070000e-06	-7.245533e-06	-2.250900e-08	-5.172729e+01	-1.473969e+03
3.080000e-06	-7.307331e-06	-2.254257e-08	-5.216848e+01	-1.476459e+03
3.090000e-06	-7.366474e-06	-2.257597e-08	-5.259072e+01	-1.478176e+03
3.100000e-06	-7.423082e-06	-2.260715e-08	-5.299485e+01	-1.479268e+03
3.110000e-06	-7.476879e-06	-2.263342e-08	-5.337892e+01	-1.480031e+03
3.120000e-06	-7.527664e-06	-2.265696e-08	-5.374148e+01	-1.480812e+03
3.130000e-06	-7.575431e-06	-2.268017e-08	-5.408250e+01	-1.481903e+03
3.140000e-06	-7.620443e-06	-2.270194e-08	-5.440385e+01	-1.483452e+03
3.150000e-06	-7.663003e-06	-2.271963e-08	-5.470769e+01	-1.485418e+03
3.160000e-06	-7.702965e-06	-2.273444e-08	-5.499299e+01	-1.487592e+03
3.170000e-06	-7.740209e-06	-2.274915e-08	-5.525888e+01	-1.489665e+03
3.180000e-06	-7.774761e-06	-2.276236e-08	-5.550556e+01	-1.491329e+03
3.190000e-06	-7.806486e-06	-2.277437e-08	-5.573205e+01	-1.492375e+03
3.200000e-06	-7.835276e-06	-2.278313e-08	-5.593759e+01	-1.492755e+03
3.210000e-06	-7.861318e-06	-2.279002e-08	-5.612350e+01	-1.492599e+03
3.220000e-06	-7.884578e-06	-2.279720e-08	-5.628956e+01	-1.492170e+03
3.230000e-06	-7.904928e-06	-2.280247e-08	-5.643484e+01	-1.491784e+03
3.240000e-06	-7.922541e-06	-2.280574e-08	-5.656059e+01	-1.491704e+03
3.250000e-06	-7.937236e-06	-2.280823e-08	-5.666550e+01	-1.492069e+03
3.260000e-06	-7.948761e-06	-2.280895e-08	-5.674778e+01	-1.492844e+03
3.270000e-06	-7.957325e-06	-2.280825e-08	-5.680891e+01	-1.493838e+03
3.280000e-06	-7.962958e-06	-2.280588e-08	-5.684913e+01	-1.494766e+03
3.290000e-06	-7.965786e-06	-2.280134e-08	-5.686932e+01	-1.495337e+03
3.300000e-06	-7.965994e-06	-2.279550e-08	-5.687081e+01	-1.495346e+03
