# Temperatura_=_78.7
# Concentracion g/m^3_=_26700.0
# C_Vs_to_Am_M_A/Vsm_=_65563218390.804596
# pendiente_HvsI_1/m_=_3716.3
# ordenada_HvsI_A/m_=_1297.0
# frecuencia_Hz_=_302523.61189706594

Tiempo_(s)	Campo_(V.s)	Magnetizacion_(V.s)	Campo_(kA/m)	Magnetizacion_(A/m)
0.000000e+00	-7.989367e-06	-2.718871e-08	-5.684931e+01	-1.780716e+03
1.000000e-08	-7.985301e-06	-2.718932e-08	-5.682037e+01	-1.780274e+03
2.000000e-08	-7.978651e-06	-2.718220e-08	-5.677306e+01	-1.779734e+03
3.000000e-08	-7.969317e-06	-2.717334e-08	-5.670664e+01	-1.779114e+03
4.000000e-08	-7.957087e-06	-2.716001e-08	-5.661961e+01	-1.778415e+03
5.000000e-08	-7.941849e-06	-2.714220e-08	-5.651118e+01	-1.777625e+03
6.000000e-08	-7.923923e-06	-2.712376e-08	-5.638363e+01	-1.776719e+03
7.000000e-08	-7.903788e-06	-2.709785e-08	-5.624036e+01	-1.775675e+03
8.000000e-08	-7.881237e-06	-2.710348e-08	-5.607990e+01	-1.774479e+03
9.000000e-08	-7.855651e-06	-2.715638e-08	-5.589784e+01	-1.773134e+03
1.000000e-07	-7.826837e-06	-2.711113e-08	-5.569280e+01	-1.771662e+03
1.100000e-07	-7.795111e-06	-2.703786e-08	-5.546705e+01	-1.770099e+03
1.200000e-07	-7.760560e-06	-2.700902e-08	-5.522120e+01	-1.768484e+03
1.300000e-07	-7.723380e-06	-2.697606e-08	-5.495664e+01	-1.766847e+03
1.400000e-07	-7.683961e-06	-2.690799e-08	-5.467615e+01	-1.765198e+03
1.500000e-07	-7.642260e-06	-2.686156e-08	-5.437942e+01	-1.763523e+03
1.600000e-07	-7.598068e-06	-2.695371e-08	-5.406497e+01	-1.761783e+03
1.700000e-07	-7.551243e-06	-2.684925e-08	-5.373178e+01	-1.759921e+03
1.800000e-07	-7.501586e-06	-2.676295e-08	-5.337844e+01	-1.757881e+03
1.900000e-07	-7.448941e-06	-2.681053e-08	-5.300384e+01	-1.755613e+03
2.000000e-07	-7.393373e-06	-2.670733e-08	-5.260844e+01	-1.753092e+03
2.100000e-07	-7.335122e-06	-2.667303e-08	-5.219395e+01	-1.750321e+03
2.200000e-07	-7.274245e-06	-2.664252e-08	-5.176077e+01	-1.747326e+03
2.300000e-07	-7.210729e-06	-2.661476e-08	-5.130882e+01	-1.744151e+03
2.400000e-07	-7.144497e-06	-2.657534e-08	-5.083753e+01	-1.740841e+03
2.500000e-07	-7.075574e-06	-2.648563e-08	-5.034710e+01	-1.737430e+03
2.600000e-07	-7.003927e-06	-2.644337e-08	-4.983729e+01	-1.733932e+03
2.700000e-07	-6.929419e-06	-2.637950e-08	-4.930712e+01	-1.730336e+03
2.800000e-07	-6.852232e-06	-2.633370e-08	-4.875788e+01	-1.726610e+03
2.900000e-07	-6.772325e-06	-2.626766e-08	-4.818930e+01	-1.722717e+03
3.000000e-07	-6.689775e-06	-2.620541e-08	-4.760190e+01	-1.718620e+03
3.100000e-07	-6.604898e-06	-2.615773e-08	-4.699795e+01	-1.714300e+03
3.200000e-07	-6.517723e-06	-2.606612e-08	-4.637765e+01	-1.709758e+03
3.300000e-07	-6.428162e-06	-2.599878e-08	-4.574036e+01	-1.705016e+03
3.400000e-07	-6.336231e-06	-2.591175e-08	-4.508621e+01	-1.700111e+03
3.500000e-07	-6.242105e-06	-2.585201e-08	-4.441645e+01	-1.695082e+03
3.600000e-07	-6.145714e-06	-2.577976e-08	-4.373057e+01	-1.689953e+03
3.700000e-07	-6.046997e-06	-2.568717e-08	-4.302814e+01	-1.684730e+03
3.800000e-07	-5.946169e-06	-2.560511e-08	-4.231068e+01	-1.679396e+03
3.900000e-07	-5.843248e-06	-2.552198e-08	-4.157834e+01	-1.673910e+03
4.000000e-07	-5.738154e-06	-2.544148e-08	-4.083053e+01	-1.668225e+03
4.100000e-07	-5.631005e-06	-2.533758e-08	-4.006809e+01	-1.662297e+03
4.200000e-07	-5.521992e-06	-2.525400e-08	-3.929240e+01	-1.656097e+03
4.300000e-07	-5.411082e-06	-2.515864e-08	-3.850321e+01	-1.649621e+03
4.400000e-07	-5.298030e-06	-2.505610e-08	-3.769877e+01	-1.642887e+03
4.500000e-07	-5.182871e-06	-2.494453e-08	-3.687934e+01	-1.635928e+03
4.600000e-07	-5.065768e-06	-2.483759e-08	-3.604608e+01	-1.628781e+03
4.700000e-07	-4.946842e-06	-2.472685e-08	-3.519985e+01	-1.621473e+03
4.800000e-07	-4.826127e-06	-2.460774e-08	-3.434089e+01	-1.614008e+03
4.900000e-07	-4.703686e-06	-2.449316e-08	-3.346965e+01	-1.606367e+03
5.000000e-07	-4.579555e-06	-2.437047e-08	-3.258638e+01	-1.598507e+03
5.100000e-07	-4.453751e-06	-2.424487e-08	-3.169121e+01	-1.590376e+03
5.200000e-07	-4.326323e-06	-2.411030e-08	-3.078447e+01	-1.581924e+03
5.300000e-07	-4.197282e-06	-2.397754e-08	-2.986627e+01	-1.573116e+03
5.400000e-07	-4.066735e-06	-2.383648e-08	-2.893734e+01	-1.563943e+03
5.500000e-07	-3.934599e-06	-2.369134e-08	-2.799712e+01	-1.554418e+03
5.600000e-07	-3.800917e-06	-2.353885e-08	-2.704588e+01	-1.544570e+03
5.700000e-07	-3.665820e-06	-2.338167e-08	-2.608458e+01	-1.534432e+03
5.800000e-07	-3.529254e-06	-2.322173e-08	-2.511283e+01	-1.524026e+03
5.900000e-07	-3.391311e-06	-2.305699e-08	-2.413128e+01	-1.513350e+03
6.000000e-07	-3.252025e-06	-2.289134e-08	-2.314017e+01	-1.502375e+03
6.100000e-07	-3.111314e-06	-2.271650e-08	-2.213893e+01	-1.491050e+03
6.200000e-07	-2.969246e-06	-2.253430e-08	-2.112803e+01	-1.479314e+03
6.300000e-07	-2.825992e-06	-2.234117e-08	-2.010868e+01	-1.467108e+03
6.400000e-07	-2.681731e-06	-2.214548e-08	-1.908218e+01	-1.454396e+03
6.500000e-07	-2.536489e-06	-2.194566e-08	-1.804870e+01	-1.441168e+03
6.600000e-07	-2.390372e-06	-2.173805e-08	-1.700898e+01	-1.427441e+03
6.700000e-07	-2.243527e-06	-2.152278e-08	-1.596409e+01	-1.413250e+03
6.800000e-07	-2.095938e-06	-2.129936e-08	-1.491390e+01	-1.398627e+03
6.900000e-07	-1.947631e-06	-2.107160e-08	-1.385860e+01	-1.383589e+03
7.000000e-07	-1.798718e-06	-2.083253e-08	-1.279899e+01	-1.368117e+03
7.100000e-07	-1.649260e-06	-2.058418e-08	-1.173551e+01	-1.352155e+03
7.200000e-07	-1.499284e-06	-2.032795e-08	-1.066833e+01	-1.335617e+03
7.300000e-07	-1.348859e-06	-2.006462e-08	-9.597971e+00	-1.318397e+03
7.400000e-07	-1.197936e-06	-1.979066e-08	-8.524059e+00	-1.300397e+03
7.500000e-07	-1.046504e-06	-1.950475e-08	-7.446528e+00	-1.281541e+03
7.600000e-07	-8.946830e-07	-1.920655e-08	-6.366225e+00	-1.261785e+03
7.700000e-07	-7.425526e-07	-1.889237e-08	-5.283723e+00	-1.241122e+03
7.800000e-07	-5.901525e-07	-1.856407e-08	-4.199301e+00	-1.219557e+03
7.900000e-07	-4.375558e-07	-1.822077e-08	-3.113481e+00	-1.197090e+03
8.000000e-07	-2.847528e-07	-1.786358e-08	-2.026193e+00	-1.173688e+03
8.100000e-07	-1.317692e-07	-1.748903e-08	-9.376200e-01	-1.149258e+03
8.200000e-07	2.127122e-08	-1.709535e-08	1.513580e-01	-1.123646e+03
8.300000e-07	1.743230e-07	-1.668189e-08	1.240416e+00	-1.096638e+03
8.400000e-07	3.273495e-07	-1.624560e-08	2.329295e+00	-1.067983e+03
8.500000e-07	4.803198e-07	-1.578121e-08	3.417773e+00	-1.037419e+03
8.600000e-07	6.331588e-07	-1.528399e-08	4.505318e+00	-1.004698e+03
8.700000e-07	7.857988e-07	-1.475206e-08	5.591446e+00	-9.695912e+02
8.800000e-07	9.381977e-07	-1.418122e-08	6.675859e+00	-9.318786e+02
8.900000e-07	1.090261e-06	-1.356581e-08	7.757884e+00	-8.913097e+02
9.000000e-07	1.241868e-06	-1.290092e-08	8.836659e+00	-8.475505e+02
9.100000e-07	1.392938e-06	-1.217685e-08	9.911616e+00	-8.001269e+02
9.200000e-07	1.543440e-06	-1.138101e-08	1.098253e+01	-7.483844e+02
9.300000e-07	1.693391e-06	-1.050580e-08	1.204953e+01	-6.914816e+02
9.400000e-07	1.842737e-06	-9.536695e-09	1.311222e+01	-6.284339e+02
9.500000e-07	1.991381e-06	-8.460359e-09	1.416991e+01	-5.582085e+02
9.600000e-07	2.139269e-06	-7.264920e-09	1.522222e+01	-4.798658e+02
9.700000e-07	2.286408e-06	-5.938098e-09	1.626921e+01	-3.927272e+02
9.800000e-07	2.432768e-06	-4.476196e-09	1.731066e+01	-2.965395e+02
9.900000e-07	2.578260e-06	-2.878920e-09	1.834592e+01	-1.916069e+02
1.000000e-06	2.722863e-06	-1.159677e-09	1.937486e+01	-7.886047e+01
1.010000e-06	2.866442e-06	6.601339e-10	2.039651e+01	4.015253e+01
1.020000e-06	3.008829e-06	2.546703e-09	2.140969e+01	1.633649e+02
1.030000e-06	3.150006e-06	4.459234e-09	2.241424e+01	2.883591e+02
1.040000e-06	3.289900e-06	6.353745e-09	2.340968e+01	4.125859e+02
1.050000e-06	3.428510e-06	8.192327e-09	2.439598e+01	5.335976e+02
1.060000e-06	3.565879e-06	9.945613e-09	2.537344e+01	6.492603e+02
1.070000e-06	3.701848e-06	1.158889e-08	2.634094e+01	7.579121e+02
1.080000e-06	3.836407e-06	1.311006e-08	2.729841e+01	8.584496e+02
1.090000e-06	3.969624e-06	1.450306e-08	2.824634e+01	9.503337e+02
1.100000e-06	4.101383e-06	1.576848e-08	2.918389e+01	1.033526e+03
1.110000e-06	4.231670e-06	1.690836e-08	3.011096e+01	1.108373e+03
1.120000e-06	4.360513e-06	1.792929e-08	3.102776e+01	1.175471e+03
1.130000e-06	4.487807e-06	1.884139e-08	3.193353e+01	1.235530e+03
1.140000e-06	4.613563e-06	1.965645e-08	3.282836e+01	1.289268e+03
1.150000e-06	4.737722e-06	2.038276e-08	3.371183e+01	1.337342e+03
1.160000e-06	4.860173e-06	2.102951e-08	3.458315e+01	1.380321e+03
1.170000e-06	4.980939e-06	2.160510e-08	3.544248e+01	1.418691e+03
1.180000e-06	5.099878e-06	2.211767e-08	3.628880e+01	1.452886e+03
1.190000e-06	5.216883e-06	2.257509e-08	3.712136e+01	1.483314e+03
1.200000e-06	5.331946e-06	2.298479e-08	3.794010e+01	1.510384e+03
1.210000e-06	5.445025e-06	2.335321e-08	3.874473e+01	1.534512e+03
1.220000e-06	5.556074e-06	2.368551e-08	3.953491e+01	1.556114e+03
1.230000e-06	5.665130e-06	2.398466e-08	4.031092e+01	1.575581e+03
1.240000e-06	5.772218e-06	2.425253e-08	4.107292e+01	1.593256e+03
1.250000e-06	5.877189e-06	2.449582e-08	4.181985e+01	1.609416e+03
1.260000e-06	5.979962e-06	2.472106e-08	4.255114e+01	1.624258e+03
1.270000e-06	6.080556e-06	2.492766e-08	4.326693e+01	1.637912e+03
1.280000e-06	6.178909e-06	2.511434e-08	4.396677e+01	1.650453e+03
1.290000e-06	6.274897e-06	2.528477e-08	4.464979e+01	1.661933e+03
1.300000e-06	6.368543e-06	2.544254e-08	4.531614e+01	1.672401e+03
1.310000e-06	6.460004e-06	2.558799e-08	4.596694e+01	1.681921e+03
1.320000e-06	6.549149e-06	2.572208e-08	4.660126e+01	1.690585e+03
1.330000e-06	6.635866e-06	2.584691e-08	4.721831e+01	1.698502e+03
1.340000e-06	6.720261e-06	2.596364e-08	4.781883e+01	1.705790e+03
1.350000e-06	6.802276e-06	2.607035e-08	4.840241e+01	1.712556e+03
1.360000e-06	6.881811e-06	2.616669e-08	4.896836e+01	1.718884e+03
1.370000e-06	6.958824e-06	2.625660e-08	4.951636e+01	1.724828e+03
1.380000e-06	7.033222e-06	2.634003e-08	5.004574e+01	1.730410e+03
1.390000e-06	7.104995e-06	2.641678e-08	5.055645e+01	1.735634e+03
1.400000e-06	7.174276e-06	2.648708e-08	5.104943e+01	1.740493e+03
1.410000e-06	7.241005e-06	2.655214e-08	5.152424e+01	1.744989e+03
1.420000e-06	7.305053e-06	2.661488e-08	5.197999e+01	1.749137e+03
1.430000e-06	7.366580e-06	2.667554e-08	5.241779e+01	1.752968e+03
1.440000e-06	7.425655e-06	2.673476e-08	5.283814e+01	1.756526e+03
1.450000e-06	7.482093e-06	2.679150e-08	5.323973e+01	1.759857e+03
1.460000e-06	7.535772e-06	2.684301e-08	5.362169e+01	1.762993e+03
1.470000e-06	7.586491e-06	2.688837e-08	5.398260e+01	1.765952e+03
1.480000e-06	7.634150e-06	2.692839e-08	5.432171e+01	1.768728e+03
1.490000e-06	7.679064e-06	2.696491e-08	5.464131e+01	1.771297e+03
1.500000e-06	7.721349e-06	2.699935e-08	5.494219e+01	1.773630e+03
1.510000e-06	7.760806e-06	2.703047e-08	5.522295e+01	1.775699e+03
1.520000e-06	7.797530e-06	2.705751e-08	5.548427e+01	1.777493e+03
1.530000e-06	7.831540e-06	2.708180e-08	5.572627e+01	1.779022e+03
1.540000e-06	7.862703e-06	2.710412e-08	5.594801e+01	1.780314e+03
1.550000e-06	7.891127e-06	2.712519e-08	5.615027e+01	1.781413e+03
1.560000e-06	7.916673e-06	2.714378e-08	5.633204e+01	1.782366e+03
1.570000e-06	7.939251e-06	2.715825e-08	5.649270e+01	1.783210e+03
1.580000e-06	7.959142e-06	2.716846e-08	5.663424e+01	1.783963e+03
1.590000e-06	7.976241e-06	2.717670e-08	5.675591e+01	1.784625e+03
1.600000e-06	7.990297e-06	2.718429e-08	5.685593e+01	1.785177e+03
1.610000e-06	8.001229e-06	2.719053e-08	5.693371e+01	1.785590e+03
1.620000e-06	8.009104e-06	2.719595e-08	5.698974e+01	1.785838e+03
1.630000e-06	8.014166e-06	2.720048e-08	5.702577e+01	1.785904e+03
1.640000e-06	8.016377e-06	2.720452e-08	5.704150e+01	1.785790e+03
1.650000e-06	8.015648e-06	2.720422e-08	5.703631e+01	1.785514e+03
1.660000e-06	8.012279e-06	2.719036e-08	5.701234e+01	1.785103e+03
1.670000e-06	8.006273e-06	2.718116e-08	5.696960e+01	1.784588e+03
1.680000e-06	7.997561e-06	2.717403e-08	5.690761e+01	1.783989e+03
1.690000e-06	7.986215e-06	2.716524e-08	5.682687e+01	1.783313e+03
1.700000e-06	7.971991e-06	2.715845e-08	5.672566e+01	1.782550e+03
1.710000e-06	7.955099e-06	2.715488e-08	5.660547e+01	1.781679e+03
1.720000e-06	7.935947e-06	2.715587e-08	5.646919e+01	1.780675e+03
1.730000e-06	7.914347e-06	2.706807e-08	5.631549e+01	1.779522e+03
1.740000e-06	7.889694e-06	2.699168e-08	5.614007e+01	1.778217e+03
1.750000e-06	7.861424e-06	2.703176e-08	5.593891e+01	1.776778e+03
1.760000e-06	7.829672e-06	2.703634e-08	5.571298e+01	1.775236e+03
1.770000e-06	7.795204e-06	2.700106e-08	5.546772e+01	1.773631e+03
1.780000e-06	7.758383e-06	2.703097e-08	5.520571e+01	1.771997e+03
1.790000e-06	7.719264e-06	2.706340e-08	5.492736e+01	1.770351e+03
1.800000e-06	7.678189e-06	2.688368e-08	5.463508e+01	1.768685e+03
1.810000e-06	7.634838e-06	2.693225e-08	5.432661e+01	1.766968e+03
1.820000e-06	7.588710e-06	2.697539e-08	5.399838e+01	1.765147e+03
1.830000e-06	7.539929e-06	2.685905e-08	5.365127e+01	1.763162e+03
1.840000e-06	7.488158e-06	2.694368e-08	5.328289e+01	1.760962e+03
1.850000e-06	7.433320e-06	2.681469e-08	5.289268e+01	1.758513e+03
1.860000e-06	7.375853e-06	2.680075e-08	5.248377e+01	1.755811e+03
1.870000e-06	7.315833e-06	2.674448e-08	5.205669e+01	1.752875e+03
1.880000e-06	7.253123e-06	2.662396e-08	5.161047e+01	1.749746e+03
1.890000e-06	7.187558e-06	2.668528e-08	5.114394e+01	1.746469e+03
1.900000e-06	7.119255e-06	2.658335e-08	5.065792e+01	1.743084e+03
1.910000e-06	7.048156e-06	2.657568e-08	5.015200e+01	1.739610e+03
1.920000e-06	6.974280e-06	2.649611e-08	4.962633e+01	1.736043e+03
1.930000e-06	6.897694e-06	2.642530e-08	4.908138e+01	1.732358e+03
1.940000e-06	6.818289e-06	2.639139e-08	4.851636e+01	1.728515e+03
1.950000e-06	6.736378e-06	2.626938e-08	4.793351e+01	1.724479e+03
1.960000e-06	6.652043e-06	2.626431e-08	4.733341e+01	1.720222e+03
1.970000e-06	6.565201e-06	2.617897e-08	4.671548e+01	1.715741e+03
1.980000e-06	6.475986e-06	2.613560e-08	4.608066e+01	1.711052e+03
1.990000e-06	6.384521e-06	2.604299e-08	4.542983e+01	1.706189e+03
2.000000e-06	6.290744e-06	2.595521e-08	4.476255e+01	1.701191e+03
2.010000e-06	6.194632e-06	2.589758e-08	4.407865e+01	1.696088e+03
2.020000e-06	6.096387e-06	2.580581e-08	4.337958e+01	1.690892e+03
2.030000e-06	5.996004e-06	2.573847e-08	4.266529e+01	1.685592e+03
2.040000e-06	5.893423e-06	2.563959e-08	4.193536e+01	1.680153e+03
2.050000e-06	5.788694e-06	2.556983e-08	4.119015e+01	1.674529e+03
2.060000e-06	5.682011e-06	2.545867e-08	4.043103e+01	1.668673e+03
2.070000e-06	5.573406e-06	2.536685e-08	3.965824e+01	1.662552e+03
2.080000e-06	5.462801e-06	2.527210e-08	3.887122e+01	1.656153e+03
2.090000e-06	5.350184e-06	2.518147e-08	3.806988e+01	1.649488e+03
2.100000e-06	5.235566e-06	2.507833e-08	3.725430e+01	1.642589e+03
2.110000e-06	5.118977e-06	2.496952e-08	3.642470e+01	1.635491e+03
2.120000e-06	5.000385e-06	2.486332e-08	3.558085e+01	1.628227e+03
2.130000e-06	4.879889e-06	2.474252e-08	3.472344e+01	1.620807e+03
2.140000e-06	4.757642e-06	2.462918e-08	3.385357e+01	1.613218e+03
2.150000e-06	4.633730e-06	2.450727e-08	3.297186e+01	1.605425e+03
2.160000e-06	4.508087e-06	2.439333e-08	3.207784e+01	1.597376e+03
2.170000e-06	4.380774e-06	2.426352e-08	3.117192e+01	1.589019e+03
2.180000e-06	4.251834e-06	2.413353e-08	3.025444e+01	1.580315e+03
2.190000e-06	4.121377e-06	2.399255e-08	2.932615e+01	1.571245e+03
2.200000e-06	3.989442e-06	2.385429e-08	2.838736e+01	1.561816e+03
2.210000e-06	3.855904e-06	2.370957e-08	2.743715e+01	1.552056e+03
2.220000e-06	3.720876e-06	2.356332e-08	2.647634e+01	1.541997e+03
2.230000e-06	3.584452e-06	2.341002e-08	2.550560e+01	1.531666e+03
2.240000e-06	3.446737e-06	2.324495e-08	2.452567e+01	1.521068e+03
2.250000e-06	3.307715e-06	2.307443e-08	2.353645e+01	1.510182e+03
2.260000e-06	3.167360e-06	2.289868e-08	2.253773e+01	1.498963e+03
2.270000e-06	3.025717e-06	2.272456e-08	2.152985e+01	1.487349e+03
2.280000e-06	2.882924e-06	2.254290e-08	2.051379e+01	1.475281e+03
2.290000e-06	2.739116e-06	2.235565e-08	1.949051e+01	1.462715e+03
2.300000e-06	2.594302e-06	2.215658e-08	1.846007e+01	1.449633e+03
2.310000e-06	2.448575e-06	2.195019e-08	1.742313e+01	1.436045e+03
2.320000e-06	2.302054e-06	2.173624e-08	1.638054e+01	1.421982e+03
2.330000e-06	2.154826e-06	2.151808e-08	1.533292e+01	1.407479e+03
2.340000e-06	2.006812e-06	2.129604e-08	1.427971e+01	1.392559e+03
2.350000e-06	1.857965e-06	2.106427e-08	1.322057e+01	1.377214e+03
2.360000e-06	1.708468e-06	2.082098e-08	1.215681e+01	1.361399e+03
2.370000e-06	1.558466e-06	2.056481e-08	1.108945e+01	1.345034e+03
2.380000e-06	1.408026e-06	2.029900e-08	1.001898e+01	1.328019e+03
2.390000e-06	1.257234e-06	2.002648e-08	8.945997e+00	1.310250e+03
2.400000e-06	1.106071e-06	1.974635e-08	7.870379e+00	1.291643e+03
2.410000e-06	9.544872e-07	1.945571e-08	6.791769e+00	1.272146e+03
2.420000e-06	8.025753e-07	1.915078e-08	5.710821e+00	1.251741e+03
2.430000e-06	6.504417e-07	1.882872e-08	4.628297e+00	1.230432e+03
2.440000e-06	4.980515e-07	1.848791e-08	3.543945e+00	1.208223e+03
2.450000e-06	3.453915e-07	1.813100e-08	2.457675e+00	1.185094e+03
2.460000e-06	1.925793e-07	1.776026e-08	1.370322e+00	1.160970e+03
2.470000e-06	3.967209e-08	1.737319e-08	2.822916e-01	1.135714e+03
2.480000e-06	-1.132685e-07	1.696591e-08	-8.059759e-01	1.109128e+03
2.490000e-06	-2.661757e-07	1.653395e-08	-1.894006e+00	1.080970e+03
2.500000e-06	-4.190081e-07	1.607422e-08	-2.981503e+00	1.050977e+03
2.510000e-06	-5.716577e-07	1.558456e-08	-4.067699e+00	1.018895e+03
2.520000e-06	-7.240515e-07	1.506105e-08	-5.152076e+00	9.844915e+02
2.530000e-06	-8.762222e-07	1.450032e-08	-6.234865e+00	9.475459e+02
2.540000e-06	-1.028159e-06	1.389778e-08	-7.315990e+00	9.078215e+02
2.550000e-06	-1.179781e-06	1.324688e-08	-8.394876e+00	8.650141e+02
2.560000e-06	-1.330963e-06	1.254082e-08	-9.470629e+00	8.186951e+02
2.570000e-06	-1.481597e-06	1.176882e-08	-1.054248e+01	7.682636e+02
2.580000e-06	-1.631775e-06	1.092069e-08	-1.161110e+01	7.129299e+02
2.590000e-06	-1.781495e-06	9.985424e-09	-1.267644e+01	6.517426e+02
2.600000e-06	-1.930549e-06	8.948533e-09	-1.373706e+01	5.836699e+02
2.610000e-06	-2.078768e-06	7.796249e-09	-1.479172e+01	5.077295e+02
2.620000e-06	-2.226114e-06	6.515918e-09	-1.584018e+01	4.231504e+02
2.630000e-06	-2.372582e-06	5.097655e-09	-1.688240e+01	3.295425e+02
2.640000e-06	-2.518173e-06	3.540706e-09	-1.791837e+01	2.270404e+02
2.650000e-06	-2.662844e-06	1.856388e-09	-1.894779e+01	1.163936e+02
2.660000e-06	-2.806491e-06	6.446109e-11	-1.996993e+01	-1.020649e+00
2.670000e-06	-2.949039e-06	-1.806976e-09	-2.098424e+01	-1.232693e+02
2.680000e-06	-3.090487e-06	-3.719721e-09	-2.199073e+01	-2.480141e+02
2.690000e-06	-3.230722e-06	-5.630803e-09	-2.298859e+01	-3.727195e+02
2.700000e-06	-3.369637e-06	-7.500600e-09	-2.397706e+01	-4.948858e+02
2.710000e-06	-3.507276e-06	-9.293785e-09	-2.495645e+01	-6.122701e+02
2.720000e-06	-3.643569e-06	-1.098389e-08	-2.592626e+01	-7.230637e+02
2.730000e-06	-3.778529e-06	-1.255391e-08	-2.688658e+01	-8.259996e+02
2.740000e-06	-3.912224e-06	-1.399607e-08	-2.783790e+01	-9.203810e+02
2.750000e-06	-4.044420e-06	-1.531067e-08	-2.877856e+01	-1.006036e+03
2.760000e-06	-4.175144e-06	-1.649968e-08	-2.970874e+01	-1.083216e+03
2.770000e-06	-4.304500e-06	-1.756784e-08	-3.062919e+01	-1.152460e+03
2.780000e-06	-4.432344e-06	-1.852419e-08	-3.153888e+01	-1.214456e+03
2.790000e-06	-4.558719e-06	-1.937940e-08	-3.243812e+01	-1.269930e+03
2.800000e-06	-4.683506e-06	-2.014245e-08	-3.332605e+01	-1.319561e+03
2.810000e-06	-4.806551e-06	-2.082289e-08	-3.420159e+01	-1.363944e+03
2.820000e-06	-4.927901e-06	-2.143180e-08	-3.506508e+01	-1.403586e+03
2.830000e-06	-5.047461e-06	-2.197453e-08	-3.591582e+01	-1.438933e+03
2.840000e-06	-5.165084e-06	-2.245587e-08	-3.675278e+01	-1.470396e+03
2.850000e-06	-5.280590e-06	-2.288478e-08	-3.757467e+01	-1.498384e+03
2.860000e-06	-5.393928e-06	-2.326836e-08	-3.838114e+01	-1.523312e+03
2.870000e-06	-5.505182e-06	-2.361158e-08	-3.917279e+01	-1.545595e+03
2.880000e-06	-5.614378e-06	-2.392289e-08	-3.994978e+01	-1.565635e+03
2.890000e-06	-5.721645e-06	-2.420588e-08	-4.071306e+01	-1.583792e+03
2.900000e-06	-5.826917e-06	-2.446150e-08	-4.146213e+01	-1.600361e+03
2.910000e-06	-5.930048e-06	-2.469455e-08	-4.219597e+01	-1.615565e+03
2.920000e-06	-6.030952e-06	-2.490842e-08	-4.291397e+01	-1.629549e+03
2.930000e-06	-6.129645e-06	-2.510499e-08	-4.361623e+01	-1.642404e+03
2.940000e-06	-6.226193e-06	-2.528328e-08	-4.430323e+01	-1.654184e+03
2.950000e-06	-6.320541e-06	-2.544532e-08	-4.497458e+01	-1.664935e+03
2.960000e-06	-6.412599e-06	-2.559346e-08	-4.562963e+01	-1.674719e+03
2.970000e-06	-6.502324e-06	-2.572959e-08	-4.626807e+01	-1.683618e+03
2.980000e-06	-6.589726e-06	-2.585467e-08	-4.688999e+01	-1.691737e+03
2.990000e-06	-6.674733e-06	-2.596956e-08	-4.749487e+01	-1.699194e+03
3.000000e-06	-6.757330e-06	-2.607629e-08	-4.808260e+01	-1.706100e+03
3.010000e-06	-6.837499e-06	-2.617434e-08	-4.865305e+01	-1.712548e+03
3.020000e-06	-6.915058e-06	-2.626387e-08	-4.920493e+01	-1.718599e+03
3.030000e-06	-6.989972e-06	-2.634828e-08	-4.973799e+01	-1.724285e+03
3.040000e-06	-7.062350e-06	-2.642959e-08	-5.025300e+01	-1.729612e+03
3.050000e-06	-7.132208e-06	-2.650551e-08	-5.075009e+01	-1.734577e+03
3.060000e-06	-7.199563e-06	-2.657624e-08	-5.122936e+01	-1.739176e+03
3.070000e-06	-7.264416e-06	-2.664055e-08	-5.169083e+01	-1.743422e+03
3.080000e-06	-7.326629e-06	-2.669923e-08	-5.213351e+01	-1.747340e+03
3.090000e-06	-7.386161e-06	-2.675405e-08	-5.255712e+01	-1.750973e+03
3.100000e-06	-7.443100e-06	-2.680692e-08	-5.296228e+01	-1.754365e+03
3.110000e-06	-7.497290e-06	-2.685570e-08	-5.334787e+01	-1.757555e+03
3.120000e-06	-7.548510e-06	-2.690222e-08	-5.371234e+01	-1.760566e+03
3.130000e-06	-7.596694e-06	-2.694579e-08	-5.405519e+01	-1.763396e+03
3.140000e-06	-7.642041e-06	-2.698238e-08	-5.437786e+01	-1.766029e+03
3.150000e-06	-7.684859e-06	-2.701417e-08	-5.468254e+01	-1.768433e+03
3.160000e-06	-7.725136e-06	-2.704360e-08	-5.496914e+01	-1.770581e+03
3.170000e-06	-7.762611e-06	-2.707245e-08	-5.523580e+01	-1.772454e+03
3.180000e-06	-7.797325e-06	-2.709620e-08	-5.548280e+01	-1.774057e+03
3.190000e-06	-7.829319e-06	-2.711659e-08	-5.571046e+01	-1.775414e+03
3.200000e-06	-7.858480e-06	-2.713620e-08	-5.591796e+01	-1.776564e+03
3.210000e-06	-7.884860e-06	-2.715378e-08	-5.610567e+01	-1.777556e+03
3.220000e-06	-7.908412e-06	-2.716852e-08	-5.627326e+01	-1.778428e+03
3.230000e-06	-7.929048e-06	-2.718102e-08	-5.642010e+01	-1.779208e+03
3.240000e-06	-7.946861e-06	-2.718953e-08	-5.654685e+01	-1.779898e+03
3.250000e-06	-7.961711e-06	-2.719336e-08	-5.665251e+01	-1.780485e+03
3.260000e-06	-7.973435e-06	-2.719445e-08	-5.673594e+01	-1.780942e+03
3.270000e-06	-7.982218e-06	-2.719584e-08	-5.679844e+01	-1.781240e+03
3.280000e-06	-7.988049e-06	-2.719571e-08	-5.683993e+01	-1.781359e+03
3.290000e-06	-7.991013e-06	-2.719177e-08	-5.686102e+01	-1.781297e+03
3.300000e-06	-7.991276e-06	-2.718569e-08	-5.686289e+01	-1.781065e+03
