# Temperatura_=_67.98
# Concentracion g/m^3_=_28200.0
# C_Vs_to_Am_M_A/Vsm_=_65563218390.804596
# pendiente_HvsI_1/m_=_3716.3
# ordenada_HvsI_A/m_=_1297.0
# frecuencia_Hz_=_302373.7597450435

Tiempo_(s)	Campo_(V.s)	Magnetizacion_(V.s)	Campo_(kA/m)	Magnetizacion_(A/m)
0.000000e+00	-7.270212e-06	-3.044134e-08	-5.318585e+01	-1.992735e+03
1.000000e-08	-7.265841e-06	-3.043255e-08	-5.315387e+01	-1.992081e+03
2.000000e-08	-7.259107e-06	-3.041850e-08	-5.310461e+01	-1.991249e+03
3.000000e-08	-7.249964e-06	-3.040335e-08	-5.303772e+01	-1.990258e+03
4.000000e-08	-7.238242e-06	-3.038317e-08	-5.295197e+01	-1.989116e+03
5.000000e-08	-7.223805e-06	-3.035924e-08	-5.284635e+01	-1.987819e+03
6.000000e-08	-7.206779e-06	-3.033150e-08	-5.272179e+01	-1.986351e+03
7.000000e-08	-7.187566e-06	-3.029940e-08	-5.258124e+01	-1.984698e+03
8.000000e-08	-7.166147e-06	-3.030128e-08	-5.242455e+01	-1.982852e+03
9.000000e-08	-7.142105e-06	-3.032069e-08	-5.224867e+01	-1.980825e+03
1.000000e-07	-7.115147e-06	-3.025883e-08	-5.205145e+01	-1.978643e+03
1.100000e-07	-7.085454e-06	-3.018545e-08	-5.183423e+01	-1.976349e+03
1.200000e-07	-7.053314e-06	-3.014066e-08	-5.159911e+01	-1.973987e+03
1.300000e-07	-7.018785e-06	-3.007829e-08	-5.134651e+01	-1.971585e+03
1.400000e-07	-6.982155e-06	-2.999162e-08	-5.107854e+01	-1.969145e+03
1.500000e-07	-6.943687e-06	-2.999297e-08	-5.079712e+01	-1.966635e+03
1.600000e-07	-6.903007e-06	-3.002750e-08	-5.049952e+01	-1.963985e+03
1.700000e-07	-6.859856e-06	-2.989208e-08	-5.018385e+01	-1.961104e+03
1.800000e-07	-6.814316e-06	-2.987066e-08	-4.985070e+01	-1.957897e+03
1.900000e-07	-6.766139e-06	-2.981112e-08	-4.949826e+01	-1.954286e+03
2.000000e-07	-6.715200e-06	-2.967155e-08	-4.912561e+01	-1.950231e+03
2.100000e-07	-6.661680e-06	-2.964206e-08	-4.873408e+01	-1.945736e+03
2.200000e-07	-6.605658e-06	-2.953653e-08	-4.832424e+01	-1.940853e+03
2.300000e-07	-6.547112e-06	-2.948043e-08	-4.789595e+01	-1.935663e+03
2.400000e-07	-6.486082e-06	-2.943159e-08	-4.744947e+01	-1.930255e+03
2.500000e-07	-6.422689e-06	-2.933594e-08	-4.698572e+01	-1.924703e+03
2.600000e-07	-6.356850e-06	-2.925354e-08	-4.650406e+01	-1.919042e+03
2.700000e-07	-6.288558e-06	-2.917829e-08	-4.600447e+01	-1.913259e+03
2.800000e-07	-6.217963e-06	-2.908971e-08	-4.548803e+01	-1.907294e+03
2.900000e-07	-6.144995e-06	-2.896883e-08	-4.495423e+01	-1.901058e+03
3.000000e-07	-6.069556e-06	-2.888523e-08	-4.440234e+01	-1.894458e+03
3.100000e-07	-5.991601e-06	-2.878208e-08	-4.383206e+01	-1.887416e+03
3.200000e-07	-5.911187e-06	-2.863031e-08	-4.324378e+01	-1.879896e+03
3.300000e-07	-5.828621e-06	-2.851236e-08	-4.263976e+01	-1.871907e+03
3.400000e-07	-5.744164e-06	-2.838379e-08	-4.202191e+01	-1.863498e+03
3.500000e-07	-5.657833e-06	-2.826351e-08	-4.139035e+01	-1.854742e+03
3.600000e-07	-5.569559e-06	-2.813749e-08	-4.074458e+01	-1.845708e+03
3.700000e-07	-5.479179e-06	-2.799325e-08	-4.008339e+01	-1.836439e+03
3.800000e-07	-5.386787e-06	-2.784424e-08	-3.940749e+01	-1.826934e+03
3.900000e-07	-5.292515e-06	-2.767765e-08	-3.871784e+01	-1.817146e+03
4.000000e-07	-5.196400e-06	-2.751553e-08	-3.801470e+01	-1.806988e+03
4.100000e-07	-5.098436e-06	-2.734905e-08	-3.729804e+01	-1.796360e+03
4.200000e-07	-4.998633e-06	-2.718892e-08	-3.656792e+01	-1.785171e+03
4.300000e-07	-4.897109e-06	-2.700778e-08	-3.582521e+01	-1.773361e+03
4.400000e-07	-4.793824e-06	-2.681845e-08	-3.506962e+01	-1.760913e+03
4.500000e-07	-4.688873e-06	-2.662620e-08	-3.430185e+01	-1.747855e+03
4.600000e-07	-4.582171e-06	-2.642011e-08	-3.352126e+01	-1.734240e+03
4.700000e-07	-4.473762e-06	-2.620774e-08	-3.272818e+01	-1.720123e+03
4.800000e-07	-4.363845e-06	-2.598477e-08	-3.192408e+01	-1.705537e+03
4.900000e-07	-4.252356e-06	-2.575313e-08	-3.110847e+01	-1.690475e+03
5.000000e-07	-4.139247e-06	-2.550366e-08	-3.028100e+01	-1.674877e+03
5.100000e-07	-4.024394e-06	-2.524782e-08	-2.944079e+01	-1.658647e+03
5.200000e-07	-3.907884e-06	-2.498330e-08	-2.858845e+01	-1.641665e+03
5.300000e-07	-3.789921e-06	-2.470894e-08	-2.772548e+01	-1.623822e+03
5.400000e-07	-3.670576e-06	-2.442192e-08	-2.685241e+01	-1.605035e+03
5.500000e-07	-3.549920e-06	-2.412223e-08	-2.596974e+01	-1.585266e+03
5.600000e-07	-3.427860e-06	-2.381149e-08	-2.507680e+01	-1.564519e+03
5.700000e-07	-3.304374e-06	-2.348053e-08	-2.417342e+01	-1.542822e+03
5.800000e-07	-3.179672e-06	-2.313130e-08	-2.326116e+01	-1.520199e+03
5.900000e-07	-3.053829e-06	-2.276448e-08	-2.234054e+01	-1.496641e+03
6.000000e-07	-2.926873e-06	-2.238438e-08	-2.141179e+01	-1.472081e+03
6.100000e-07	-2.798954e-06	-2.198753e-08	-2.047598e+01	-1.446388e+03
6.200000e-07	-2.670113e-06	-2.157270e-08	-1.953344e+01	-1.419375e+03
6.300000e-07	-2.540244e-06	-2.113513e-08	-1.858336e+01	-1.390826e+03
6.400000e-07	-2.409264e-06	-2.067166e-08	-1.762517e+01	-1.360526e+03
6.500000e-07	-2.277316e-06	-2.018128e-08	-1.665989e+01	-1.328290e+03
6.600000e-07	-2.144648e-06	-1.966104e-08	-1.568935e+01	-1.293984e+03
6.700000e-07	-2.011285e-06	-1.911222e-08	-1.471372e+01	-1.257516e+03
6.800000e-07	-1.877176e-06	-1.852773e-08	-1.373264e+01	-1.218813e+03
6.900000e-07	-1.742395e-06	-1.790316e-08	-1.274664e+01	-1.177785e+03
7.000000e-07	-1.607060e-06	-1.723414e-08	-1.175658e+01	-1.134280e+03
7.100000e-07	-1.471227e-06	-1.651929e-08	-1.076288e+01	-1.088064e+03
7.200000e-07	-1.334909e-06	-1.575818e-08	-9.765640e+00	-1.038816e+03
7.300000e-07	-1.198166e-06	-1.494864e-08	-8.765286e+00	-9.861643e+02
7.400000e-07	-1.061056e-06	-1.408697e-08	-7.762240e+00	-9.297492e+02
7.500000e-07	-9.235625e-07	-1.316800e-08	-6.756399e+00	-8.693042e+02
7.600000e-07	-7.856685e-07	-1.218884e-08	-5.747624e+00	-8.047380e+02
7.700000e-07	-6.474334e-07	-1.114780e-08	-4.736353e+00	-7.361940e+02
7.800000e-07	-5.089865e-07	-1.005183e-08	-3.723533e+00	-6.640672e+02
7.900000e-07	-3.703630e-07	-8.907747e-09	-2.709422e+00	-5.889696e+02
8.000000e-07	-2.315415e-07	-7.728044e-09	-1.693861e+00	-5.116455e+02
8.100000e-07	-9.257144e-08	-6.525967e-09	-6.772141e-01	-4.328501e+02
8.200000e-07	4.652670e-08	-5.310215e-09	3.403700e-01	-3.532177e+02
8.300000e-07	1.856038e-07	-4.087005e-09	1.357800e+00	-2.731489e+02
8.400000e-07	3.245828e-07	-2.859248e-09	2.374512e+00	-1.927446e+02
8.500000e-07	4.635292e-07	-1.627577e-09	3.390986e+00	-1.118050e+02
8.600000e-07	6.023364e-07	-3.842286e-10	4.406443e+00	-2.990010e+01
8.700000e-07	7.409212e-07	8.808364e-10	5.420271e+00	5.350203e+01
8.800000e-07	8.792035e-07	2.176031e-09	6.431887e+00	1.388727e+02
8.900000e-07	1.017090e-06	3.505798e-09	7.440604e+00	2.264605e+02
9.000000e-07	1.154568e-06	4.869809e-09	8.446341e+00	3.161649e+02
9.100000e-07	1.291642e-06	6.262538e-09	9.449118e+00	4.074727e+02
9.200000e-07	1.428308e-06	7.669759e-09	1.044891e+01	4.994736e+02
9.300000e-07	1.564454e-06	9.066824e-09	1.144490e+01	5.909508e+02
9.400000e-07	1.700015e-06	1.043223e-08	1.243660e+01	6.805309e+02
9.500000e-07	1.834970e-06	1.174408e-08	1.342387e+01	7.668612e+02
9.600000e-07	1.969205e-06	1.298249e-08	1.440588e+01	8.487800e+02
9.700000e-07	2.102680e-06	1.413743e-08	1.538233e+01	9.254485e+02
9.800000e-07	2.235429e-06	1.520535e-08	1.635347e+01	9.964206e+02
9.900000e-07	2.367431e-06	1.619155e-08	1.731914e+01	1.061645e+03
1.000000e-06	2.498537e-06	1.709981e-08	1.827825e+01	1.121401e+03
1.010000e-06	2.628558e-06	1.793663e-08	1.922943e+01	1.176197e+03
1.020000e-06	2.757497e-06	1.870778e-08	2.017270e+01	1.226645e+03
1.030000e-06	2.885442e-06	1.941902e-08	2.110869e+01	1.273349e+03
1.040000e-06	3.012374e-06	2.007783e-08	2.203727e+01	1.316822e+03
1.050000e-06	3.138218e-06	2.069023e-08	2.295789e+01	1.357448e+03
1.060000e-06	3.263034e-06	2.126112e-08	2.387100e+01	1.395478e+03
1.070000e-06	3.386805e-06	2.179572e-08	2.477645e+01	1.431069e+03
1.080000e-06	3.509306e-06	2.229594e-08	2.567262e+01	1.464329e+03
1.090000e-06	3.630478e-06	2.276559e-08	2.655907e+01	1.495366e+03
1.100000e-06	3.750326e-06	2.320777e-08	2.743583e+01	1.524324e+03
1.110000e-06	3.868809e-06	2.362192e-08	2.830260e+01	1.551386e+03
1.120000e-06	3.985868e-06	2.400995e-08	2.915895e+01	1.576771e+03
1.130000e-06	4.101375e-06	2.437632e-08	3.000395e+01	1.600702e+03
1.140000e-06	4.215227e-06	2.472384e-08	3.083685e+01	1.623378e+03
1.150000e-06	4.327472e-06	2.505393e-08	3.165798e+01	1.644948e+03
1.160000e-06	4.438183e-06	2.536611e-08	3.246790e+01	1.665499e+03
1.170000e-06	4.547439e-06	2.566033e-08	3.326717e+01	1.685065e+03
1.180000e-06	4.655227e-06	2.593817e-08	3.405570e+01	1.703644e+03
1.190000e-06	4.761318e-06	2.620095e-08	3.483182e+01	1.721224e+03
1.200000e-06	4.865598e-06	2.645022e-08	3.559469e+01	1.737810e+03
1.210000e-06	4.968103e-06	2.668727e-08	3.634458e+01	1.753441e+03
1.220000e-06	5.068902e-06	2.691448e-08	3.708198e+01	1.768190e+03
1.230000e-06	5.167890e-06	2.713079e-08	3.780613e+01	1.782157e+03
1.240000e-06	5.264837e-06	2.733406e-08	3.851535e+01	1.795451e+03
1.250000e-06	5.359810e-06	2.752572e-08	3.921014e+01	1.808165e+03
1.260000e-06	5.452964e-06	2.771017e-08	3.989161e+01	1.820362e+03
1.270000e-06	5.544198e-06	2.788688e-08	4.055904e+01	1.832067e+03
1.280000e-06	5.633335e-06	2.805511e-08	4.121113e+01	1.843270e+03
1.290000e-06	5.720381e-06	2.821487e-08	4.184793e+01	1.853940e+03
1.300000e-06	5.805467e-06	2.836741e-08	4.247038e+01	1.864044e+03
1.310000e-06	5.888559e-06	2.851271e-08	4.307825e+01	1.873561e+03
1.320000e-06	5.969478e-06	2.865022e-08	4.367022e+01	1.882497e+03
1.330000e-06	6.048200e-06	2.878059e-08	4.424612e+01	1.890888e+03
1.340000e-06	6.124705e-06	2.890509e-08	4.480579e+01	1.898789e+03
1.350000e-06	6.198765e-06	2.902235e-08	4.534758e+01	1.906264e+03
1.360000e-06	6.270424e-06	2.913215e-08	4.587181e+01	1.913370e+03
1.370000e-06	6.339893e-06	2.923525e-08	4.638002e+01	1.920147e+03
1.380000e-06	6.407135e-06	2.933159e-08	4.687193e+01	1.926608e+03
1.390000e-06	6.472056e-06	2.942318e-08	4.734686e+01	1.932748e+03
1.400000e-06	6.534702e-06	2.951081e-08	4.780516e+01	1.938548e+03
1.410000e-06	6.595173e-06	2.959384e-08	4.824754e+01	1.943994e+03
1.420000e-06	6.653327e-06	2.967298e-08	4.867297e+01	1.949080e+03
1.430000e-06	6.709088e-06	2.974720e-08	4.908089e+01	1.953823e+03
1.440000e-06	6.762365e-06	2.981509e-08	4.947065e+01	1.958254e+03
1.450000e-06	6.812827e-06	2.987857e-08	4.983981e+01	1.962418e+03
1.460000e-06	6.860556e-06	2.993913e-08	5.018897e+01	1.966355e+03
1.470000e-06	6.905963e-06	2.999874e-08	5.052115e+01	1.970096e+03
1.480000e-06	6.949048e-06	3.005598e-08	5.083634e+01	1.973647e+03
1.490000e-06	6.989538e-06	3.010735e-08	5.113255e+01	1.976994e+03
1.500000e-06	7.027501e-06	3.015278e-08	5.141027e+01	1.980101e+03
1.510000e-06	7.063103e-06	3.019256e-08	5.167072e+01	1.982932e+03
1.520000e-06	7.096167e-06	3.022827e-08	5.191261e+01	1.985451e+03
1.530000e-06	7.126652e-06	3.026148e-08	5.213562e+01	1.987644e+03
1.540000e-06	7.154657e-06	3.029232e-08	5.234049e+01	1.989518e+03
1.550000e-06	7.180007e-06	3.032004e-08	5.252594e+01	1.991103e+03
1.560000e-06	7.202706e-06	3.034345e-08	5.269199e+01	1.992442e+03
1.570000e-06	7.222964e-06	3.036198e-08	5.284020e+01	1.993579e+03
1.580000e-06	7.240694e-06	3.037668e-08	5.296990e+01	1.994551e+03
1.590000e-06	7.255691e-06	3.038812e-08	5.307961e+01	1.995375e+03
1.600000e-06	7.267865e-06	3.039698e-08	5.316868e+01	1.996049e+03
1.610000e-06	7.277129e-06	3.040452e-08	5.323645e+01	1.996553e+03
1.620000e-06	7.283685e-06	3.041046e-08	5.328441e+01	1.996861e+03
1.630000e-06	7.287776e-06	3.041307e-08	5.331434e+01	1.996950e+03
1.640000e-06	7.289261e-06	3.041441e-08	5.332520e+01	1.996806e+03
1.650000e-06	7.288125e-06	3.040898e-08	5.331689e+01	1.996433e+03
1.660000e-06	7.284659e-06	3.039669e-08	5.329153e+01	1.995849e+03
1.670000e-06	7.278806e-06	3.038750e-08	5.324872e+01	1.995077e+03
1.680000e-06	7.270439e-06	3.037514e-08	5.318751e+01	1.994140e+03
1.690000e-06	7.259638e-06	3.036125e-08	5.310849e+01	1.993051e+03
1.700000e-06	7.246264e-06	3.034591e-08	5.301065e+01	1.991810e+03
1.710000e-06	7.230439e-06	3.033226e-08	5.289488e+01	1.990404e+03
1.720000e-06	7.212477e-06	3.031853e-08	5.276348e+01	1.988817e+03
1.730000e-06	7.192361e-06	3.024003e-08	5.261632e+01	1.987040e+03
1.740000e-06	7.169461e-06	3.017289e-08	5.244879e+01	1.985074e+03
1.750000e-06	7.143150e-06	3.018648e-08	5.225631e+01	1.982942e+03
1.760000e-06	7.113564e-06	3.016880e-08	5.203987e+01	1.980682e+03
1.770000e-06	7.081424e-06	3.012913e-08	5.180475e+01	1.978339e+03
1.780000e-06	7.047356e-06	3.015908e-08	5.155552e+01	1.975948e+03
1.790000e-06	7.011702e-06	3.012506e-08	5.129469e+01	1.973523e+03
1.800000e-06	6.974343e-06	2.997754e-08	5.102139e+01	1.971043e+03
1.810000e-06	6.934464e-06	3.001997e-08	5.072965e+01	1.968452e+03
1.820000e-06	6.892018e-06	2.997586e-08	5.041914e+01	1.965664e+03
1.830000e-06	6.847359e-06	2.993042e-08	5.009243e+01	1.962583e+03
1.840000e-06	6.800163e-06	2.997950e-08	4.974716e+01	1.959123e+03
1.850000e-06	6.750389e-06	2.982101e-08	4.938303e+01	1.955227e+03
1.860000e-06	6.697947e-06	2.980986e-08	4.899939e+01	1.950885e+03
1.870000e-06	6.642788e-06	2.972036e-08	4.859587e+01	1.946131e+03
1.880000e-06	6.585218e-06	2.957621e-08	4.817471e+01	1.941039e+03
1.890000e-06	6.525134e-06	2.955481e-08	4.773516e+01	1.935699e+03
1.900000e-06	6.462488e-06	2.943168e-08	4.727687e+01	1.930192e+03
1.910000e-06	6.397410e-06	2.939030e-08	4.680079e+01	1.924568e+03
1.920000e-06	6.330006e-06	2.929648e-08	4.630769e+01	1.918831e+03
1.930000e-06	6.260199e-06	2.920918e-08	4.579701e+01	1.912939e+03
1.940000e-06	6.187891e-06	2.911496e-08	4.526803e+01	1.906811e+03
1.950000e-06	6.113175e-06	2.894964e-08	4.472145e+01	1.900350e+03
1.960000e-06	6.035973e-06	2.889901e-08	4.415667e+01	1.893472e+03
1.970000e-06	5.956402e-06	2.876527e-08	4.357456e+01	1.886123e+03
1.980000e-06	5.874697e-06	2.866869e-08	4.297684e+01	1.878297e+03
1.990000e-06	5.790976e-06	2.855310e-08	4.236437e+01	1.870029e+03
2.000000e-06	5.705193e-06	2.840897e-08	4.173681e+01	1.861388e+03
2.010000e-06	5.617197e-06	2.828658e-08	4.109307e+01	1.852445e+03
2.020000e-06	5.527237e-06	2.812501e-08	4.043496e+01	1.843257e+03
2.030000e-06	5.435430e-06	2.801731e-08	3.976334e+01	1.833839e+03
2.040000e-06	5.341625e-06	2.787270e-08	3.907710e+01	1.824159e+03
2.050000e-06	5.245900e-06	2.772357e-08	3.837682e+01	1.814144e+03
2.060000e-06	5.148446e-06	2.753955e-08	3.766389e+01	1.803695e+03
2.070000e-06	5.049294e-06	2.735864e-08	3.693853e+01	1.792714e+03
2.080000e-06	4.948356e-06	2.718261e-08	3.620011e+01	1.781129e+03
2.090000e-06	4.845488e-06	2.699373e-08	3.544757e+01	1.768907e+03
2.100000e-06	4.740825e-06	2.681692e-08	3.468190e+01	1.756061e+03
2.110000e-06	4.634616e-06	2.661834e-08	3.390492e+01	1.742637e+03
2.120000e-06	4.526833e-06	2.641316e-08	3.311642e+01	1.728693e+03
2.130000e-06	4.417547e-06	2.618701e-08	3.231693e+01	1.714272e+03
2.140000e-06	4.306663e-06	2.596221e-08	3.150575e+01	1.699383e+03
2.150000e-06	4.194074e-06	2.572433e-08	3.068210e+01	1.683985e+03
2.160000e-06	4.079791e-06	2.548080e-08	2.984605e+01	1.667993e+03
2.170000e-06	3.963874e-06	2.522236e-08	2.899805e+01	1.651293e+03
2.180000e-06	3.846408e-06	2.495098e-08	2.813872e+01	1.633768e+03
2.190000e-06	3.727272e-06	2.467112e-08	2.726717e+01	1.615324e+03
2.200000e-06	3.606634e-06	2.438016e-08	2.638464e+01	1.595906e+03
2.210000e-06	3.484686e-06	2.407870e-08	2.549251e+01	1.575505e+03
2.220000e-06	3.361409e-06	2.376157e-08	2.459067e+01	1.554143e+03
2.230000e-06	3.236933e-06	2.343222e-08	2.368005e+01	1.531849e+03
2.240000e-06	3.111329e-06	2.308307e-08	2.276119e+01	1.508628e+03
2.250000e-06	2.984510e-06	2.271642e-08	2.183343e+01	1.484437e+03
2.260000e-06	2.856540e-06	2.232365e-08	2.089726e+01	1.459166e+03
2.270000e-06	2.727552e-06	2.191062e-08	1.995364e+01	1.432649e+03
2.280000e-06	2.597522e-06	2.147692e-08	1.900239e+01	1.404673e+03
2.290000e-06	2.466558e-06	2.102616e-08	1.804431e+01	1.375020e+03
2.300000e-06	2.334865e-06	2.055173e-08	1.708090e+01	1.343493e+03
2.310000e-06	2.202472e-06	2.004699e-08	1.611237e+01	1.309938e+03
2.320000e-06	2.069338e-06	1.950658e-08	1.513841e+01	1.274250e+03
2.330000e-06	1.935475e-06	1.892919e-08	1.415913e+01	1.236353e+03
2.340000e-06	1.800872e-06	1.831818e-08	1.317443e+01	1.196168e+03
2.350000e-06	1.665534e-06	1.767103e-08	1.218436e+01	1.153569e+03
2.360000e-06	1.529603e-06	1.698503e-08	1.118994e+01	1.108353e+03
2.370000e-06	1.393229e-06	1.624938e-08	1.019228e+01	1.060228e+03
2.380000e-06	1.256446e-06	1.545721e-08	9.191632e+00	1.008835e+03
2.390000e-06	1.119247e-06	1.460876e-08	8.187942e+00	9.538001e+02
2.400000e-06	9.816472e-07	1.370718e-08	7.181322e+00	8.948147e+02
2.410000e-06	8.436840e-07	1.274989e-08	6.172041e+00	8.317161e+02
2.420000e-06	7.054487e-07	1.173534e-08	5.160769e+00	7.645594e+02
2.430000e-06	5.669945e-07	1.066671e-08	4.147896e+00	6.936510e+02
2.440000e-06	4.283637e-07	9.543340e-09	3.133730e+00	6.195327e+02
2.450000e-06	2.895607e-07	8.368978e-09	2.118306e+00	5.429140e+02
2.460000e-06	1.506396e-07	7.161189e-09	1.102016e+00	4.645614e+02
2.470000e-06	1.166660e-08	5.938750e-09	8.534799e-02	3.851669e+02
2.480000e-06	-1.273546e-07	4.712515e-09	-9.316730e-01	3.052253e+02
2.490000e-06	-2.663490e-07	3.482673e-09	-1.948498e+00	2.249481e+02
2.500000e-06	-4.052775e-07	2.247782e-09	-2.964841e+00	1.442385e+02
2.510000e-06	-5.440922e-07	1.005474e-09	-3.980352e+00	6.273653e+01
2.520000e-06	-6.827614e-07	-2.546569e-10	-4.994798e+00	-2.007084e+01
2.530000e-06	-8.212316e-07	-1.540280e-09	-6.007788e+00	-1.046960e+02
2.540000e-06	-9.594329e-07	-2.859179e-09	-7.018812e+00	-1.914841e+02
2.550000e-06	-1.097295e-06	-4.214638e-09	-8.027355e+00	-2.804704e+02
2.560000e-06	-1.234740e-06	-5.604785e-09	-9.032844e+00	-3.712915e+02
2.570000e-06	-1.371761e-06	-7.017852e-09	-1.003523e+01	-4.631722e+02
2.580000e-06	-1.508340e-06	-8.432629e-09	-1.103439e+01	-5.549904e+02
2.590000e-06	-1.644323e-06	-9.826176e-09	-1.202918e+01	-6.454092e+02
2.600000e-06	-1.779624e-06	-1.117075e-08	-1.301899e+01	-7.330476e+02
2.610000e-06	-1.914197e-06	-1.244708e-08	-1.400347e+01	-8.166580e+02
2.620000e-06	-2.047926e-06	-1.364232e-08	-1.498177e+01	-8.952747e+02
2.630000e-06	-2.180853e-06	-1.475086e-08	-1.595421e+01	-9.683077e+02
2.640000e-06	-2.312980e-06	-1.577679e-08	-1.692080e+01	-1.035569e+03
2.650000e-06	-2.444240e-06	-1.672412e-08	-1.788104e+01	-1.097230e+03
2.660000e-06	-2.574624e-06	-1.759809e-08	-1.883488e+01	-1.153731e+03
2.670000e-06	-2.704113e-06	-1.840344e-08	-1.978216e+01	-1.205660e+03
2.680000e-06	-2.832691e-06	-1.914569e-08	-2.072279e+01	-1.253637e+03
2.690000e-06	-2.960260e-06	-1.983283e-08	-2.165603e+01	-1.298214e+03
2.700000e-06	-3.086612e-06	-2.047149e-08	-2.258037e+01	-1.339822e+03
2.710000e-06	-3.211777e-06	-2.106840e-08	-2.349602e+01	-1.378758e+03
2.720000e-06	-3.335871e-06	-2.162687e-08	-2.440385e+01	-1.415207e+03
2.730000e-06	-3.458790e-06	-2.214620e-08	-2.530307e+01	-1.449289e+03
2.740000e-06	-3.580434e-06	-2.262928e-08	-2.619296e+01	-1.481107e+03
2.750000e-06	-3.700841e-06	-2.308076e-08	-2.707381e+01	-1.510789e+03
2.760000e-06	-3.819864e-06	-2.350403e-08	-2.794454e+01	-1.538505e+03
2.770000e-06	-3.937319e-06	-2.390346e-08	-2.880379e+01	-1.564464e+03
2.780000e-06	-4.053235e-06	-2.428257e-08	-2.965178e+01	-1.588890e+03
2.790000e-06	-4.167553e-06	-2.464134e-08	-3.048808e+01	-1.611995e+03
2.800000e-06	-4.280138e-06	-2.497848e-08	-3.131171e+01	-1.633948e+03
2.810000e-06	-4.390992e-06	-2.529595e-08	-3.212267e+01	-1.654857e+03
2.820000e-06	-4.500313e-06	-2.559728e-08	-3.292241e+01	-1.674775e+03
2.830000e-06	-4.608201e-06	-2.588486e-08	-3.371168e+01	-1.693709e+03
2.840000e-06	-4.714554e-06	-2.615830e-08	-3.448972e+01	-1.711647e+03
2.850000e-06	-4.819248e-06	-2.641509e-08	-3.525561e+01	-1.728587e+03
2.860000e-06	-4.922134e-06	-2.665667e-08	-3.600829e+01	-1.744553e+03
2.870000e-06	-5.023152e-06	-2.688787e-08	-3.674729e+01	-1.759607e+03
2.880000e-06	-5.122402e-06	-2.711061e-08	-3.747336e+01	-1.773842e+03
2.890000e-06	-5.219916e-06	-2.732392e-08	-3.818673e+01	-1.787365e+03
2.900000e-06	-5.315568e-06	-2.752696e-08	-3.888648e+01	-1.800278e+03
2.910000e-06	-5.409204e-06	-2.771814e-08	-3.957149e+01	-1.812655e+03
2.920000e-06	-5.500918e-06	-2.789799e-08	-4.024242e+01	-1.824536e+03
2.930000e-06	-5.590740e-06	-2.806826e-08	-4.089953e+01	-1.835922e+03
2.940000e-06	-5.678523e-06	-2.822995e-08	-4.154171e+01	-1.846788e+03
2.950000e-06	-5.764173e-06	-2.838470e-08	-4.216829e+01	-1.857098e+03
2.960000e-06	-5.847725e-06	-2.853300e-08	-4.277952e+01	-1.866826e+03
2.970000e-06	-5.929268e-06	-2.867407e-08	-4.337605e+01	-1.875968e+03
2.980000e-06	-6.008597e-06	-2.880635e-08	-4.395640e+01	-1.884549e+03
2.990000e-06	-6.085539e-06	-2.893004e-08	-4.451927e+01	-1.892618e+03
3.000000e-06	-6.160131e-06	-2.904695e-08	-4.506495e+01	-1.900239e+03
3.010000e-06	-6.232499e-06	-2.915754e-08	-4.559437e+01	-1.907472e+03
3.020000e-06	-6.302631e-06	-2.926110e-08	-4.610742e+01	-1.914365e+03
3.030000e-06	-6.370461e-06	-2.935972e-08	-4.660364e+01	-1.920939e+03
3.040000e-06	-6.436076e-06	-2.945391e-08	-4.708365e+01	-1.927196e+03
3.050000e-06	-6.499454e-06	-2.954299e-08	-4.754730e+01	-1.933121e+03
3.060000e-06	-6.560474e-06	-2.962709e-08	-4.799370e+01	-1.938696e+03
3.070000e-06	-6.619092e-06	-2.970650e-08	-4.842252e+01	-1.943910e+03
3.080000e-06	-6.675437e-06	-2.978145e-08	-4.883472e+01	-1.948774e+03
3.090000e-06	-6.729341e-06	-2.985188e-08	-4.922906e+01	-1.953312e+03
3.100000e-06	-6.780482e-06	-2.991663e-08	-4.960318e+01	-1.957567e+03
3.110000e-06	-6.828783e-06	-2.997646e-08	-4.995654e+01	-1.961582e+03
3.120000e-06	-6.874553e-06	-3.003473e-08	-5.029136e+01	-1.965392e+03
3.130000e-06	-6.918131e-06	-3.008970e-08	-5.061017e+01	-1.969012e+03
3.140000e-06	-6.959447e-06	-3.014090e-08	-5.091242e+01	-1.972436e+03
3.150000e-06	-6.998327e-06	-3.018973e-08	-5.119685e+01	-1.975634e+03
3.160000e-06	-7.034657e-06	-3.023464e-08	-5.146262e+01	-1.978569e+03
3.170000e-06	-7.068541e-06	-3.027389e-08	-5.171050e+01	-1.981203e+03
3.180000e-06	-7.099985e-06	-3.030670e-08	-5.194053e+01	-1.983514e+03
3.190000e-06	-7.128806e-06	-3.033561e-08	-5.215138e+01	-1.985500e+03
3.200000e-06	-7.155034e-06	-3.036153e-08	-5.234325e+01	-1.987185e+03
3.210000e-06	-7.178688e-06	-3.038415e-08	-5.251629e+01	-1.988607e+03
3.220000e-06	-7.199686e-06	-3.040396e-08	-5.266990e+01	-1.989812e+03
3.230000e-06	-7.218160e-06	-3.042105e-08	-5.280505e+01	-1.990841e+03
3.240000e-06	-7.234100e-06	-3.043374e-08	-5.292167e+01	-1.991718e+03
3.250000e-06	-7.247172e-06	-3.044360e-08	-5.301730e+01	-1.992447e+03
3.260000e-06	-7.257400e-06	-3.045140e-08	-5.309212e+01	-1.993016e+03
3.270000e-06	-7.265029e-06	-3.045564e-08	-5.314793e+01	-1.993398e+03
3.280000e-06	-7.270030e-06	-3.045478e-08	-5.318451e+01	-1.993568e+03
3.290000e-06	-7.272457e-06	-3.044916e-08	-5.320227e+01	-1.993509e+03
3.300000e-06	-7.272417e-06	-3.044277e-08	-5.320198e+01	-1.993217e+03
