# Temperatura_=_88.35
# Concentracion g/m^3_=_28200.0
# C_Vs_to_Am_M_A/Vsm_=_65563218390.804596
# pendiente_HvsI_1/m_=_3716.3
# ordenada_HvsI_A/m_=_1297.0
# frecuencia_Hz_=_302373.5197743398

Tiempo_(s)	Campo_(V.s)	Magnetizacion_(V.s)	Campo_(kA/m)	Magnetizacion_(A/m)
0.000000e+00	-7.292899e-06	-3.055808e-08	-5.318551e+01	-2.001346e+03
1.000000e-08	-7.288553e-06	-3.054926e-08	-5.315381e+01	-2.000594e+03
2.000000e-08	-7.281856e-06	-3.053246e-08	-5.310497e+01	-1.999657e+03
3.000000e-08	-7.272725e-06	-3.051659e-08	-5.303838e+01	-1.998572e+03
4.000000e-08	-7.260985e-06	-3.049912e-08	-5.295277e+01	-1.997363e+03
5.000000e-08	-7.246533e-06	-3.047673e-08	-5.284737e+01	-1.996027e+03
6.000000e-08	-7.229466e-06	-3.044651e-08	-5.272290e+01	-1.994545e+03
7.000000e-08	-7.210276e-06	-3.040580e-08	-5.258296e+01	-1.992885e+03
8.000000e-08	-7.189018e-06	-3.040820e-08	-5.242793e+01	-1.991015e+03
9.000000e-08	-7.165055e-06	-3.044748e-08	-5.225317e+01	-1.988921e+03
1.000000e-07	-7.138053e-06	-3.037333e-08	-5.205625e+01	-1.986611e+03
1.100000e-07	-7.108331e-06	-3.028461e-08	-5.183950e+01	-1.984119e+03
1.200000e-07	-7.076128e-06	-3.025157e-08	-5.160465e+01	-1.981494e+03
1.300000e-07	-7.041487e-06	-3.020540e-08	-5.135202e+01	-1.978788e+03
1.400000e-07	-7.004747e-06	-3.009433e-08	-5.108408e+01	-1.976033e+03
1.500000e-07	-6.966234e-06	-3.006517e-08	-5.080322e+01	-1.973230e+03
1.600000e-07	-6.925544e-06	-3.012988e-08	-5.050647e+01	-1.970344e+03
1.700000e-07	-6.882350e-06	-2.993793e-08	-5.019147e+01	-1.967303e+03
1.800000e-07	-6.836804e-06	-2.990797e-08	-4.985931e+01	-1.964014e+03
1.900000e-07	-6.788646e-06	-2.989678e-08	-4.950810e+01	-1.960385e+03
2.000000e-07	-6.737630e-06	-2.977054e-08	-4.913606e+01	-1.956344e+03
2.100000e-07	-6.683955e-06	-2.978369e-08	-4.874461e+01	-1.951859e+03
2.200000e-07	-6.627736e-06	-2.965793e-08	-4.833462e+01	-1.946939e+03
2.300000e-07	-6.569010e-06	-2.957622e-08	-4.790634e+01	-1.941635e+03
2.400000e-07	-6.507879e-06	-2.951154e-08	-4.746053e+01	-1.936017e+03
2.500000e-07	-6.444401e-06	-2.940382e-08	-4.699760e+01	-1.930158e+03
2.600000e-07	-6.378431e-06	-2.931441e-08	-4.651650e+01	-1.924110e+03
2.700000e-07	-6.310015e-06	-2.921787e-08	-4.601755e+01	-1.917890e+03
2.800000e-07	-6.239304e-06	-2.913152e-08	-4.550188e+01	-1.911474e+03
2.900000e-07	-6.166209e-06	-2.899790e-08	-4.496880e+01	-1.904807e+03
3.000000e-07	-6.090598e-06	-2.889082e-08	-4.441739e+01	-1.897819e+03
3.100000e-07	-6.012404e-06	-2.880213e-08	-4.384714e+01	-1.890445e+03
3.200000e-07	-5.931742e-06	-2.867430e-08	-4.325889e+01	-1.882641e+03
3.300000e-07	-5.848964e-06	-2.856294e-08	-4.265521e+01	-1.874400e+03
3.400000e-07	-5.764330e-06	-2.840875e-08	-4.203799e+01	-1.865744e+03
3.500000e-07	-5.677802e-06	-2.828529e-08	-4.140696e+01	-1.856717e+03
3.600000e-07	-5.589262e-06	-2.815759e-08	-4.076126e+01	-1.847365e+03
3.700000e-07	-5.498623e-06	-2.800060e-08	-4.010025e+01	-1.837717e+03
3.800000e-07	-5.405981e-06	-2.785583e-08	-3.942463e+01	-1.827771e+03
3.900000e-07	-5.311474e-06	-2.768840e-08	-3.873541e+01	-1.817491e+03
4.000000e-07	-5.215078e-06	-2.751898e-08	-3.803242e+01	-1.806812e+03
4.100000e-07	-5.116752e-06	-2.733523e-08	-3.731535e+01	-1.795660e+03
4.200000e-07	-5.016671e-06	-2.717162e-08	-3.658548e+01	-1.783967e+03
4.300000e-07	-4.914879e-06	-2.698146e-08	-3.584313e+01	-1.771693e+03
4.400000e-07	-4.811349e-06	-2.677863e-08	-3.508811e+01	-1.758830e+03
4.500000e-07	-4.706134e-06	-2.657837e-08	-3.432080e+01	-1.745403e+03
4.600000e-07	-4.599079e-06	-2.636848e-08	-3.354007e+01	-1.731455e+03
4.700000e-07	-4.490330e-06	-2.615566e-08	-3.274699e+01	-1.717025e+03
4.800000e-07	-4.380068e-06	-2.593262e-08	-3.194288e+01	-1.702125e+03
4.900000e-07	-4.268295e-06	-2.570673e-08	-3.112774e+01	-1.686730e+03
5.000000e-07	-4.154906e-06	-2.545290e-08	-3.030082e+01	-1.670774e+03
5.100000e-07	-4.039740e-06	-2.518719e-08	-2.946093e+01	-1.654156e+03
5.200000e-07	-3.922909e-06	-2.491272e-08	-2.860891e+01	-1.636764e+03
5.300000e-07	-3.804617e-06	-2.463269e-08	-2.774624e+01	-1.618501e+03
5.400000e-07	-3.684947e-06	-2.433910e-08	-2.687351e+01	-1.599300e+03
5.500000e-07	-3.563896e-06	-2.403069e-08	-2.599071e+01	-1.579140e+03
5.600000e-07	-3.441408e-06	-2.371257e-08	-2.509743e+01	-1.558036e+03
5.700000e-07	-3.317555e-06	-2.337727e-08	-2.419420e+01	-1.536020e+03
5.800000e-07	-3.192531e-06	-2.303014e-08	-2.328243e+01	-1.513114e+03
5.900000e-07	-3.066409e-06	-2.266559e-08	-2.236265e+01	-1.489299e+03
6.000000e-07	-2.939233e-06	-2.228659e-08	-2.143518e+01	-1.464496e+03
6.100000e-07	-2.811017e-06	-2.188460e-08	-2.050013e+01	-1.438562e+03
6.200000e-07	-2.681642e-06	-2.146157e-08	-1.955662e+01	-1.411299e+03
6.300000e-07	-2.551091e-06	-2.101622e-08	-1.860454e+01	-1.382486e+03
6.400000e-07	-2.419577e-06	-2.054766e-08	-1.764544e+01	-1.351914e+03
6.500000e-07	-2.287286e-06	-2.005397e-08	-1.668067e+01	-1.319408e+03
6.600000e-07	-2.154285e-06	-1.952821e-08	-1.571073e+01	-1.284847e+03
6.700000e-07	-2.020626e-06	-1.897265e-08	-1.473598e+01	-1.248157e+03
6.800000e-07	-1.886280e-06	-1.838312e-08	-1.375622e+01	-1.209277e+03
6.900000e-07	-1.751245e-06	-1.775791e-08	-1.277144e+01	-1.168122e+03
7.000000e-07	-1.615632e-06	-1.709169e-08	-1.178245e+01	-1.124541e+03
7.100000e-07	-1.479485e-06	-1.638185e-08	-1.078956e+01	-1.078291e+03
7.200000e-07	-1.342821e-06	-1.562376e-08	-9.792900e+00	-1.029037e+03
7.300000e-07	-1.205648e-06	-1.481344e-08	-8.792529e+00	-9.763922e+02
7.400000e-07	-1.067957e-06	-1.394892e-08	-7.788376e+00	-9.199815e+02
7.500000e-07	-9.298139e-07	-1.302843e-08	-6.780929e+00	-8.595271e+02
7.600000e-07	-7.913021e-07	-1.205036e-08	-5.770793e+00	-7.949302e+02
7.700000e-07	-6.525122e-07	-1.101069e-08	-4.758628e+00	-7.263288e+02
7.800000e-07	-5.135348e-07	-9.914712e-09	-3.745096e+00	-6.541110e+02
7.900000e-07	-3.744066e-07	-8.770084e-09	-2.730465e+00	-5.788760e+02
8.000000e-07	-2.350703e-07	-7.587235e-09	-1.714316e+00	-5.013452e+02
8.100000e-07	-9.559587e-08	-6.377116e-09	-6.971596e-01	-4.222391e+02
8.200000e-07	4.390897e-08	-5.151385e-09	3.202185e-01	-3.421475e+02
8.300000e-07	1.834659e-07	-3.916234e-09	1.337976e+00	-2.614222e+02
8.400000e-07	3.229620e-07	-2.674829e-09	2.355291e+00	-1.801201e+02
8.500000e-07	4.623889e-07	-1.427581e-09	3.372100e+00	-9.801472e+01
8.600000e-07	6.017591e-07	-1.650497e-10	4.388497e+00	-1.467699e+01
8.700000e-07	7.409032e-07	1.121865e-09	5.403244e+00	7.038742e+01
8.800000e-07	8.797679e-07	2.443010e-09	6.415954e+00	1.575726e+02
8.900000e-07	1.018383e-06	3.800066e-09	7.426842e+00	2.470141e+02
9.000000e-07	1.156664e-06	5.192859e-09	8.435298e+00	3.384736e+02
9.100000e-07	1.294451e-06	6.613245e-09	9.440149e+00	4.312921e+02
9.200000e-07	1.431626e-06	8.041148e-09	1.044053e+01	5.244258e+02
9.300000e-07	1.568132e-06	9.451778e-09	1.143604e+01	6.165562e+02
9.400000e-07	1.704013e-06	1.081860e-08	1.242699e+01	7.062556e+02
9.500000e-07	1.839297e-06	1.212279e-08	1.341359e+01	7.921727e+02
9.600000e-07	1.973896e-06	1.334513e-08	1.439519e+01	8.732028e+02
9.700000e-07	2.107777e-06	1.447636e-08	1.537155e+01	9.486091e+02
9.800000e-07	2.240911e-06	1.551906e-08	1.634247e+01	1.018077e+03
9.900000e-07	2.373254e-06	1.647872e-08	1.730762e+01	1.081693e+03
1.000000e-06	2.504781e-06	1.736420e-08	1.826681e+01	1.139866e+03
1.010000e-06	2.635354e-06	1.818108e-08	1.921906e+01	1.193198e+03
1.020000e-06	2.764816e-06	1.893448e-08	2.016320e+01	1.242361e+03
1.030000e-06	2.893104e-06	1.963052e-08	2.109877e+01	1.287976e+03
1.040000e-06	3.020318e-06	2.027670e-08	2.202651e+01	1.330538e+03
1.050000e-06	3.146501e-06	2.087887e-08	2.294674e+01	1.370390e+03
1.060000e-06	3.271636e-06	2.144033e-08	2.385932e+01	1.407736e+03
1.070000e-06	3.395701e-06	2.196536e-08	2.476410e+01	1.442687e+03
1.080000e-06	3.518585e-06	2.245272e-08	2.566027e+01	1.475324e+03
1.090000e-06	3.640138e-06	2.291013e-08	2.654672e+01	1.505746e+03
1.100000e-06	3.760264e-06	2.334230e-08	2.742278e+01	1.534106e+03
1.110000e-06	3.879011e-06	2.374935e-08	2.828878e+01	1.560608e+03
1.120000e-06	3.996440e-06	2.413309e-08	2.914516e+01	1.585495e+03
1.130000e-06	4.112445e-06	2.449495e-08	2.999116e+01	1.609009e+03
1.140000e-06	4.226788e-06	2.483802e-08	3.082503e+01	1.631356e+03
1.150000e-06	4.339418e-06	2.516276e-08	3.164642e+01	1.652677e+03
1.160000e-06	4.450445e-06	2.547104e-08	3.245612e+01	1.673040e+03
1.170000e-06	4.560012e-06	2.576390e-08	3.325516e+01	1.692455e+03
1.180000e-06	4.668135e-06	2.604099e-08	3.404368e+01	1.710891e+03
1.190000e-06	4.774613e-06	2.630346e-08	3.482020e+01	1.728321e+03
1.200000e-06	4.879284e-06	2.655247e-08	3.558355e+01	1.744740e+03
1.210000e-06	4.982174e-06	2.678880e-08	3.633390e+01	1.760192e+03
1.220000e-06	5.083307e-06	2.701344e-08	3.707144e+01	1.774765e+03
1.230000e-06	5.182588e-06	2.722698e-08	3.779548e+01	1.788578e+03
1.240000e-06	5.279840e-06	2.742990e-08	3.850471e+01	1.801758e+03
1.250000e-06	5.375059e-06	2.762109e-08	3.919912e+01	1.814410e+03
1.260000e-06	5.468422e-06	2.780360e-08	3.988000e+01	1.826599e+03
1.270000e-06	5.559982e-06	2.797775e-08	4.054772e+01	1.838343e+03
1.280000e-06	5.649500e-06	2.814563e-08	4.120056e+01	1.849617e+03
1.290000e-06	5.736850e-06	2.830742e-08	4.183759e+01	1.860373e+03
1.300000e-06	5.822182e-06	2.846221e-08	4.245989e+01	1.870559e+03
1.310000e-06	5.905534e-06	2.861084e-08	4.306776e+01	1.880146e+03
1.320000e-06	5.986671e-06	2.875240e-08	4.365948e+01	1.889138e+03
1.330000e-06	6.065553e-06	2.888613e-08	4.423474e+01	1.897574e+03
1.340000e-06	6.142251e-06	2.901192e-08	4.479409e+01	1.905521e+03
1.350000e-06	6.216525e-06	2.913016e-08	4.533575e+01	1.913053e+03
1.360000e-06	6.288426e-06	2.924107e-08	4.586011e+01	1.920233e+03
1.370000e-06	6.358134e-06	2.934513e-08	4.636847e+01	1.927104e+03
1.380000e-06	6.425651e-06	2.944302e-08	4.686086e+01	1.933674e+03
1.390000e-06	6.490853e-06	2.953637e-08	4.733637e+01	1.939928e+03
1.400000e-06	6.553699e-06	2.962460e-08	4.779469e+01	1.945837e+03
1.410000e-06	6.614370e-06	2.970759e-08	4.823715e+01	1.951375e+03
1.420000e-06	6.672723e-06	2.978727e-08	4.866270e+01	1.956536e+03
1.430000e-06	6.728678e-06	2.986357e-08	4.907077e+01	1.961337e+03
1.440000e-06	6.782206e-06	2.993436e-08	4.946114e+01	1.965820e+03
1.450000e-06	6.832909e-06	2.999974e-08	4.983090e+01	1.970040e+03
1.460000e-06	6.880818e-06	3.006145e-08	5.018029e+01	1.974051e+03
1.470000e-06	6.926359e-06	3.012079e-08	5.051241e+01	1.977890e+03
1.480000e-06	6.969497e-06	3.017718e-08	5.082701e+01	1.981565e+03
1.490000e-06	7.010072e-06	3.022942e-08	5.112292e+01	1.985055e+03
1.500000e-06	7.048227e-06	3.027732e-08	5.140117e+01	1.988312e+03
1.510000e-06	7.084052e-06	3.032169e-08	5.166243e+01	1.991283e+03
1.520000e-06	7.117318e-06	3.036326e-08	5.190503e+01	1.993918e+03
1.530000e-06	7.147956e-06	3.040070e-08	5.212847e+01	1.996195e+03
1.540000e-06	7.176140e-06	3.043301e-08	5.233401e+01	1.998119e+03
1.550000e-06	7.201663e-06	3.045768e-08	5.252014e+01	1.999724e+03
1.560000e-06	7.224448e-06	3.047711e-08	5.268631e+01	2.001067e+03
1.570000e-06	7.244857e-06	3.049376e-08	5.283515e+01	2.002205e+03
1.580000e-06	7.262801e-06	3.050903e-08	5.296601e+01	2.003187e+03
1.590000e-06	7.277941e-06	3.052298e-08	5.307642e+01	2.004036e+03
1.600000e-06	7.290236e-06	3.053452e-08	5.316609e+01	2.004745e+03
1.610000e-06	7.299630e-06	3.054541e-08	5.323460e+01	2.005288e+03
1.620000e-06	7.306295e-06	3.055222e-08	5.328320e+01	2.005624e+03
1.630000e-06	7.310474e-06	3.055510e-08	5.331368e+01	2.005715e+03
1.640000e-06	7.312054e-06	3.055710e-08	5.332520e+01	2.005540e+03
1.650000e-06	7.311048e-06	3.055121e-08	5.331787e+01	2.005102e+03
1.660000e-06	7.307675e-06	3.053402e-08	5.329327e+01	2.004425e+03
1.670000e-06	7.301830e-06	3.052043e-08	5.325064e+01	2.003548e+03
1.680000e-06	7.293490e-06	3.050651e-08	5.318982e+01	2.002512e+03
1.690000e-06	7.282744e-06	3.049170e-08	5.311145e+01	2.001344e+03
1.700000e-06	7.269368e-06	3.047850e-08	5.301390e+01	2.000054e+03
1.710000e-06	7.253456e-06	3.046988e-08	5.289786e+01	1.998627e+03
1.720000e-06	7.235405e-06	3.046469e-08	5.276622e+01	1.997033e+03
1.730000e-06	7.215249e-06	3.036523e-08	5.261923e+01	1.995240e+03
1.740000e-06	7.192344e-06	3.027542e-08	5.245218e+01	1.993225e+03
1.750000e-06	7.166054e-06	3.030490e-08	5.226046e+01	1.990989e+03
1.760000e-06	7.136520e-06	3.028714e-08	5.204507e+01	1.988556e+03
1.770000e-06	7.104373e-06	3.022428e-08	5.181063e+01	1.985971e+03
1.780000e-06	7.070210e-06	3.026904e-08	5.156149e+01	1.983288e+03
1.790000e-06	7.034469e-06	3.025662e-08	5.130083e+01	1.980547e+03
1.800000e-06	6.997006e-06	3.007428e-08	5.102763e+01	1.977763e+03
1.810000e-06	6.956933e-06	3.018002e-08	5.073538e+01	1.974912e+03
1.820000e-06	6.914260e-06	3.012632e-08	5.042418e+01	1.971935e+03
1.830000e-06	6.869468e-06	3.003429e-08	5.009752e+01	1.968745e+03
1.840000e-06	6.822198e-06	3.009764e-08	4.975279e+01	1.965246e+03
1.850000e-06	6.772350e-06	2.984943e-08	4.938926e+01	1.961357e+03
1.860000e-06	6.719792e-06	2.986371e-08	4.900597e+01	1.957031e+03
1.870000e-06	6.664498e-06	2.979894e-08	4.860272e+01	1.952262e+03
1.880000e-06	6.606835e-06	2.966426e-08	4.818219e+01	1.947086e+03
1.890000e-06	6.546651e-06	2.969465e-08	4.774329e+01	1.941570e+03
1.900000e-06	6.483901e-06	2.953271e-08	4.728567e+01	1.935789e+03
1.910000e-06	6.418708e-06	2.948884e-08	4.681022e+01	1.929804e+03
1.920000e-06	6.351159e-06	2.935890e-08	4.631761e+01	1.923645e+03
1.930000e-06	6.281188e-06	2.926672e-08	4.580732e+01	1.917303e+03
1.940000e-06	6.208728e-06	2.921616e-08	4.527889e+01	1.910732e+03
1.950000e-06	6.133865e-06	2.903222e-08	4.473293e+01	1.903866e+03
1.960000e-06	6.056401e-06	2.898067e-08	4.416800e+01	1.896635e+03
1.970000e-06	5.976528e-06	2.881264e-08	4.358551e+01	1.888987e+03
1.980000e-06	5.894584e-06	2.872307e-08	4.298791e+01	1.880900e+03
1.990000e-06	5.810604e-06	2.860350e-08	4.237546e+01	1.872387e+03
2.000000e-06	5.724473e-06	2.845269e-08	4.174733e+01	1.863486e+03
2.010000e-06	5.636175e-06	2.834254e-08	4.110339e+01	1.854244e+03
2.020000e-06	5.545957e-06	2.815091e-08	4.044544e+01	1.844699e+03
2.030000e-06	5.453862e-06	2.802159e-08	3.977382e+01	1.834861e+03
2.040000e-06	5.359767e-06	2.785122e-08	3.908760e+01	1.824705e+03
2.050000e-06	5.263739e-06	2.771066e-08	3.838729e+01	1.814177e+03
2.060000e-06	5.166021e-06	2.753064e-08	3.767465e+01	1.803201e+03
2.070000e-06	5.066614e-06	2.735493e-08	3.694970e+01	1.791707e+03
2.080000e-06	4.965298e-06	2.718360e-08	3.621083e+01	1.779642e+03
2.090000e-06	4.862016e-06	2.698917e-08	3.545761e+01	1.766987e+03
2.100000e-06	4.757051e-06	2.680462e-08	3.469213e+01	1.753756e+03
2.110000e-06	4.650613e-06	2.658775e-08	3.391590e+01	1.739988e+03
2.120000e-06	4.542646e-06	2.636998e-08	3.312852e+01	1.725726e+03
2.130000e-06	4.433044e-06	2.612516e-08	3.232922e+01	1.710993e+03
2.140000e-06	4.321704e-06	2.589278e-08	3.151724e+01	1.695780e+03
2.150000e-06	4.208709e-06	2.565107e-08	3.069319e+01	1.680034e+03
2.160000e-06	4.094107e-06	2.541019e-08	2.985742e+01	1.663663e+03
2.170000e-06	3.977828e-06	2.515205e-08	2.900942e+01	1.646559e+03
2.180000e-06	3.859855e-06	2.487954e-08	2.814908e+01	1.628616e+03
2.190000e-06	3.740268e-06	2.459440e-08	2.727695e+01	1.609754e+03
2.200000e-06	3.619301e-06	2.429518e-08	2.639477e+01	1.589936e+03
2.210000e-06	3.497065e-06	2.398742e-08	2.550333e+01	1.569164e+03
2.220000e-06	3.373559e-06	2.366032e-08	2.460263e+01	1.547469e+03
2.230000e-06	3.248797e-06	2.331827e-08	2.369277e+01	1.524880e+03
2.240000e-06	3.122735e-06	2.295318e-08	2.277342e+01	1.501394e+03
2.250000e-06	2.995430e-06	2.258048e-08	2.184501e+01	1.476956e+03
2.260000e-06	2.867016e-06	2.218983e-08	2.090851e+01	1.451445e+03
2.270000e-06	2.737626e-06	2.178541e-08	1.996491e+01	1.424681e+03
2.280000e-06	2.607347e-06	2.135571e-08	1.901481e+01	1.396446e+03
2.290000e-06	2.476187e-06	2.090019e-08	1.805829e+01	1.366523e+03
2.300000e-06	2.344144e-06	2.041512e-08	1.709533e+01	1.334723e+03
2.310000e-06	2.211281e-06	1.990072e-08	1.612639e+01	1.300907e+03
2.320000e-06	2.077655e-06	1.935650e-08	1.515188e+01	1.264983e+03
2.330000e-06	1.943261e-06	1.877942e-08	1.417177e+01	1.226892e+03
2.340000e-06	1.808138e-06	1.816929e-08	1.318635e+01	1.186561e+03
2.350000e-06	1.672396e-06	1.752011e-08	1.219642e+01	1.143869e+03
2.360000e-06	1.536140e-06	1.682934e-08	1.120273e+01	1.098605e+03
2.370000e-06	1.399409e-06	1.609035e-08	1.020558e+01	1.050465e+03
2.380000e-06	1.262248e-06	1.530024e-08	9.205299e+00	9.990760e+02
2.390000e-06	1.124706e-06	1.445479e-08	8.202235e+00	9.440481e+02
2.400000e-06	9.868505e-07	1.355206e-08	7.196884e+00	8.850591e+02
2.410000e-06	8.486416e-07	1.259218e-08	6.188957e+00	8.219379e+02
2.420000e-06	7.101190e-07	1.157409e-08	5.178742e+00	7.547339e+02
2.430000e-06	5.713472e-07	1.049971e-08	4.166710e+00	6.837474e+02
2.440000e-06	4.323196e-07	9.373436e-09	3.152812e+00	6.095102e+02
2.450000e-06	2.931081e-07	8.200730e-09	2.137573e+00	5.327127e+02
2.460000e-06	1.537818e-07	6.994398e-09	1.121497e+00	4.540911e+02
2.470000e-06	1.435810e-08	5.767590e-09	1.047105e-01	3.742959e+02
2.480000e-06	-1.251101e-07	4.532025e-09	-9.124006e-01	2.937736e+02
2.490000e-06	-2.645325e-07	3.288373e-09	-1.929177e+00	2.126889e+02
2.500000e-06	-4.039009e-07	2.033934e-09	-2.945560e+00	1.309106e+02
2.510000e-06	-5.431599e-07	7.684347e-10	-3.961146e+00	4.806876e+01
2.520000e-06	-6.822365e-07	-5.167635e-10	-4.975401e+00	-3.632590e+01
2.530000e-06	-8.210533e-07	-1.829713e-09	-5.987761e+00	-1.227226e+02
2.540000e-06	-9.595676e-07	-3.173910e-09	-6.997916e+00	-2.113654e+02
2.550000e-06	-1.097737e-06	-4.552895e-09	-8.005558e+00	-3.021589e+02
2.560000e-06	-1.235496e-06	-5.965066e-09	-9.010202e+00	-3.945946e+02
2.570000e-06	-1.372804e-06	-7.397228e-09	-1.001156e+01	-4.877569e+02
2.580000e-06	-1.509643e-06	-8.826312e-09	-1.100950e+01	-5.804087e+02
2.590000e-06	-1.645948e-06	-1.022456e-08	-1.200354e+01	-6.711403e+02
2.600000e-06	-1.781656e-06	-1.156445e-08	-1.299322e+01	-7.585521e+02
2.610000e-06	-1.916717e-06	-1.282988e-08	-1.397820e+01	-8.414341e+02
2.620000e-06	-2.051034e-06	-1.400926e-08	-1.495774e+01	-9.189082e+02
2.630000e-06	-2.184495e-06	-1.509787e-08	-1.593104e+01	-9.905075e+02
2.640000e-06	-2.317014e-06	-1.609945e-08	-1.689747e+01	-1.056182e+03
2.650000e-06	-2.448661e-06	-1.702118e-08	-1.785754e+01	-1.116238e+03
2.660000e-06	-2.579429e-06	-1.787219e-08	-1.881121e+01	-1.171224e+03
2.670000e-06	-2.709257e-06	-1.865676e-08	-1.975801e+01	-1.221801e+03
2.680000e-06	-2.838152e-06	-1.938186e-08	-2.069802e+01	-1.268619e+03
2.690000e-06	-2.966063e-06	-2.005335e-08	-2.163085e+01	-1.312225e+03
2.700000e-06	-3.092929e-06	-2.067748e-08	-2.255605e+01	-1.353017e+03
2.710000e-06	-3.218610e-06	-2.126131e-08	-2.347262e+01	-1.391242e+03
2.720000e-06	-3.343043e-06	-2.180831e-08	-2.438008e+01	-1.427039e+03
2.730000e-06	-3.466326e-06	-2.231726e-08	-2.527916e+01	-1.460494e+03
2.740000e-06	-3.588394e-06	-2.279041e-08	-2.616937e+01	-1.491694e+03
2.750000e-06	-3.709105e-06	-2.323366e-08	-2.704969e+01	-1.520770e+03
2.760000e-06	-3.828489e-06	-2.364877e-08	-2.792033e+01	-1.547910e+03
2.770000e-06	-3.946407e-06	-2.404161e-08	-2.878028e+01	-1.573347e+03
2.780000e-06	-4.062711e-06	-2.441720e-08	-2.962846e+01	-1.597326e+03
2.790000e-06	-4.177511e-06	-2.477176e-08	-3.046567e+01	-1.620070e+03
2.800000e-06	-4.290691e-06	-2.510319e-08	-3.129107e+01	-1.641747e+03
2.810000e-06	-4.401974e-06	-2.541759e-08	-3.210263e+01	-1.662450e+03
2.820000e-06	-4.511576e-06	-2.571574e-08	-3.290193e+01	-1.682206e+03
2.830000e-06	-4.619766e-06	-2.599687e-08	-3.369094e+01	-1.700997e+03
2.840000e-06	-4.726486e-06	-2.626284e-08	-3.446923e+01	-1.718790e+03
2.850000e-06	-4.831647e-06	-2.651488e-08	-3.523614e+01	-1.735568e+03
2.860000e-06	-4.935034e-06	-2.675562e-08	-3.599012e+01	-1.751359e+03
2.870000e-06	-5.036457e-06	-2.698567e-08	-3.672977e+01	-1.766234e+03
2.880000e-06	-5.136029e-06	-2.720714e-08	-3.745593e+01	-1.780305e+03
2.890000e-06	-5.233876e-06	-2.741951e-08	-3.816950e+01	-1.793698e+03
2.900000e-06	-5.329895e-06	-2.762158e-08	-3.886975e+01	-1.806530e+03
2.910000e-06	-5.423886e-06	-2.781257e-08	-3.955521e+01	-1.818881e+03
2.920000e-06	-5.515906e-06	-2.799412e-08	-4.022629e+01	-1.830786e+03
2.930000e-06	-5.606072e-06	-2.816666e-08	-4.088385e+01	-1.842234e+03
2.940000e-06	-5.694179e-06	-2.832830e-08	-4.152640e+01	-1.853181e+03
2.950000e-06	-5.780050e-06	-2.848159e-08	-4.215264e+01	-1.863576e+03
2.960000e-06	-5.863824e-06	-2.862903e-08	-4.276358e+01	-1.873380e+03
2.970000e-06	-5.945678e-06	-2.877052e-08	-4.336052e+01	-1.882582e+03
2.980000e-06	-6.025457e-06	-2.890331e-08	-4.394234e+01	-1.891212e+03
2.990000e-06	-6.102798e-06	-2.902673e-08	-4.450637e+01	-1.899326e+03
3.000000e-06	-6.177673e-06	-2.914396e-08	-4.505241e+01	-1.906999e+03
3.010000e-06	-6.250342e-06	-2.925687e-08	-4.558237e+01	-1.914300e+03
3.020000e-06	-6.320682e-06	-2.936410e-08	-4.609534e+01	-1.921279e+03
3.030000e-06	-6.388678e-06	-2.946471e-08	-4.659123e+01	-1.927958e+03
3.040000e-06	-6.454479e-06	-2.955825e-08	-4.707110e+01	-1.934329e+03
3.050000e-06	-6.518070e-06	-2.964563e-08	-4.753485e+01	-1.940365e+03
3.060000e-06	-6.579346e-06	-2.972878e-08	-4.798172e+01	-1.946039e+03
3.070000e-06	-6.638198e-06	-2.980797e-08	-4.841092e+01	-1.951335e+03
3.080000e-06	-6.694749e-06	-2.988438e-08	-4.882333e+01	-1.956262e+03
3.090000e-06	-6.748900e-06	-2.995838e-08	-4.921825e+01	-1.960853e+03
3.100000e-06	-6.800367e-06	-3.002772e-08	-4.959358e+01	-1.965161e+03
3.110000e-06	-6.848985e-06	-3.009130e-08	-4.994814e+01	-1.969243e+03
3.120000e-06	-6.894990e-06	-3.015213e-08	-5.028365e+01	-1.973142e+03
3.130000e-06	-6.938793e-06	-3.020767e-08	-5.060310e+01	-1.976878e+03
3.140000e-06	-6.980365e-06	-3.025697e-08	-5.090627e+01	-1.980439e+03
3.150000e-06	-7.019460e-06	-3.030380e-08	-5.119138e+01	-1.983786e+03
3.160000e-06	-7.056005e-06	-3.034897e-08	-5.145789e+01	-1.986866e+03
3.170000e-06	-7.090058e-06	-3.039167e-08	-5.170624e+01	-1.989627e+03
3.180000e-06	-7.121571e-06	-3.042599e-08	-5.193605e+01	-1.992034e+03
3.190000e-06	-7.150461e-06	-3.045594e-08	-5.214674e+01	-1.994082e+03
3.200000e-06	-7.176759e-06	-3.048296e-08	-5.233853e+01	-1.995796e+03
3.210000e-06	-7.200522e-06	-3.050663e-08	-5.251183e+01	-1.997227e+03
3.220000e-06	-7.221657e-06	-3.052672e-08	-5.266596e+01	-1.998433e+03
3.230000e-06	-7.240243e-06	-3.054503e-08	-5.280150e+01	-1.999468e+03
3.240000e-06	-7.256307e-06	-3.055861e-08	-5.291865e+01	-2.000364e+03
3.250000e-06	-7.269505e-06	-3.056568e-08	-5.301491e+01	-2.001126e+03
3.260000e-06	-7.279853e-06	-3.056953e-08	-5.309037e+01	-2.001734e+03
3.270000e-06	-7.287576e-06	-3.057252e-08	-5.314669e+01	-2.002149e+03
3.280000e-06	-7.292617e-06	-3.057183e-08	-5.318345e+01	-2.002332e+03
3.290000e-06	-7.295071e-06	-3.056492e-08	-5.320135e+01	-2.002254e+03
3.300000e-06	-7.295072e-06	-3.055756e-08	-5.320136e+01	-2.001910e+03
