# Temperatura_=_93.38
# Concentracion g/m^3_=_41000.0
# C_Vs_to_Am_M_A/Vsm_=_65563218390.804596
# pendiente_HvsI_1/m_=_3716.3
# ordenada_HvsI_A/m_=_1297.0
# frecuencia_Hz_=_302505.9112484724

Tiempo_(s)	Campo_(V.s)	Magnetizacion_(V.s)	Campo_(kA/m)	Magnetizacion_(A/m)
0.000000e+00	-7.981547e-06	-2.374411e-08	-5.685428e+01	-1.556211e+03
1.000000e-08	-7.977098e-06	-2.373929e-08	-5.682259e+01	-1.555188e+03
2.000000e-08	-7.970121e-06	-2.373245e-08	-5.677289e+01	-1.553836e+03
3.000000e-08	-7.960441e-06	-2.372422e-08	-5.670393e+01	-1.552424e+03
4.000000e-08	-7.947893e-06	-2.371298e-08	-5.661455e+01	-1.551200e+03
5.000000e-08	-7.932392e-06	-2.369772e-08	-5.650413e+01	-1.550317e+03
6.000000e-08	-7.914245e-06	-2.367951e-08	-5.637487e+01	-1.549783e+03
7.000000e-08	-7.893900e-06	-2.366294e-08	-5.622995e+01	-1.549462e+03
8.000000e-08	-7.870924e-06	-2.368349e-08	-5.606629e+01	-1.549122e+03
9.000000e-08	-7.844732e-06	-2.369281e-08	-5.587971e+01	-1.548506e+03
1.000000e-07	-7.815363e-06	-2.365129e-08	-5.567052e+01	-1.547422e+03
1.100000e-07	-7.783122e-06	-2.360449e-08	-5.544086e+01	-1.545801e+03
1.200000e-07	-7.748126e-06	-2.356690e-08	-5.519157e+01	-1.543722e+03
1.300000e-07	-7.710645e-06	-2.351811e-08	-5.492458e+01	-1.541384e+03
1.400000e-07	-7.671051e-06	-2.345342e-08	-5.464255e+01	-1.539045e+03
1.500000e-07	-7.629144e-06	-2.345601e-08	-5.434404e+01	-1.536936e+03
1.600000e-07	-7.584556e-06	-2.343803e-08	-5.402642e+01	-1.535182e+03
1.700000e-07	-7.537300e-06	-2.335738e-08	-5.368981e+01	-1.533761e+03
1.800000e-07	-7.487190e-06	-2.336439e-08	-5.333287e+01	-1.532503e+03
1.900000e-07	-7.434008e-06	-2.334281e-08	-5.295404e+01	-1.531136e+03
2.000000e-07	-7.378017e-06	-2.329366e-08	-5.255520e+01	-1.529370e+03
2.100000e-07	-7.319348e-06	-2.327813e-08	-5.213729e+01	-1.526984e+03
2.200000e-07	-7.258044e-06	-2.321340e-08	-5.170061e+01	-1.523893e+03
2.300000e-07	-7.194141e-06	-2.314129e-08	-5.124542e+01	-1.520172e+03
2.400000e-07	-7.127469e-06	-2.307079e-08	-5.077049e+01	-1.516038e+03
2.500000e-07	-7.058085e-06	-2.302863e-08	-5.027626e+01	-1.511778e+03
2.600000e-07	-6.985997e-06	-2.298625e-08	-4.976276e+01	-1.507663e+03
2.700000e-07	-6.911110e-06	-2.294018e-08	-4.922933e+01	-1.503864e+03
2.800000e-07	-6.833474e-06	-2.287812e-08	-4.867630e+01	-1.500399e+03
2.900000e-07	-6.753024e-06	-2.280104e-08	-4.810324e+01	-1.497127e+03
3.000000e-07	-6.670017e-06	-2.273991e-08	-4.751197e+01	-1.493796e+03
3.100000e-07	-6.584781e-06	-2.265939e-08	-4.690481e+01	-1.490124e+03
3.200000e-07	-6.497313e-06	-2.259702e-08	-4.628176e+01	-1.485883e+03
3.300000e-07	-6.407448e-06	-2.254207e-08	-4.564163e+01	-1.480981e+03
3.400000e-07	-6.315280e-06	-2.246694e-08	-4.498510e+01	-1.475485e+03
3.500000e-07	-6.220882e-06	-2.238571e-08	-4.431268e+01	-1.469603e+03
3.600000e-07	-6.124135e-06	-2.231099e-08	-4.362354e+01	-1.463618e+03
3.700000e-07	-6.025100e-06	-2.223194e-08	-4.291809e+01	-1.457792e+03
3.800000e-07	-5.923957e-06	-2.214525e-08	-4.219762e+01	-1.452283e+03
3.900000e-07	-5.820778e-06	-2.206225e-08	-4.146266e+01	-1.447089e+03
4.000000e-07	-5.715518e-06	-2.196588e-08	-4.071286e+01	-1.442042e+03
4.100000e-07	-5.608181e-06	-2.186804e-08	-3.994828e+01	-1.436857e+03
4.200000e-07	-5.498884e-06	-2.177142e-08	-3.916974e+01	-1.431222e+03
4.300000e-07	-5.387701e-06	-2.166796e-08	-3.837776e+01	-1.424895e+03
4.400000e-07	-5.274537e-06	-2.155937e-08	-3.757167e+01	-1.417782e+03
4.500000e-07	-5.159312e-06	-2.145555e-08	-3.675089e+01	-1.409973e+03
4.600000e-07	-5.042055e-06	-2.135013e-08	-3.591565e+01	-1.401712e+03
4.700000e-07	-4.922907e-06	-2.123662e-08	-3.506693e+01	-1.393324e+03
4.800000e-07	-4.802012e-06	-2.111852e-08	-3.420577e+01	-1.385107e+03
4.900000e-07	-4.679360e-06	-2.099654e-08	-3.333209e+01	-1.377232e+03
5.000000e-07	-4.554928e-06	-2.086764e-08	-3.244573e+01	-1.369680e+03
5.100000e-07	-4.428837e-06	-2.072933e-08	-3.154756e+01	-1.362234e+03
5.200000e-07	-4.301132e-06	-2.059168e-08	-3.063789e+01	-1.354540e+03
5.300000e-07	-4.171915e-06	-2.045025e-08	-2.971745e+01	-1.346212e+03
5.400000e-07	-4.041170e-06	-2.030148e-08	-2.878612e+01	-1.336950e+03
5.500000e-07	-3.908850e-06	-2.014690e-08	-2.784358e+01	-1.326635e+03
5.600000e-07	-3.775050e-06	-1.999439e-08	-2.689050e+01	-1.315373e+03
5.700000e-07	-3.639834e-06	-1.983884e-08	-2.592732e+01	-1.303462e+03
5.800000e-07	-3.503303e-06	-1.967302e-08	-2.495478e+01	-1.291300e+03
5.900000e-07	-3.365423e-06	-1.949773e-08	-2.397263e+01	-1.279252e+03
6.000000e-07	-3.226019e-06	-1.930999e-08	-2.297963e+01	-1.267521e+03
6.100000e-07	-3.085216e-06	-1.911159e-08	-2.197666e+01	-1.256069e+03
6.200000e-07	-2.943212e-06	-1.890777e-08	-2.096513e+01	-1.244602e+03
6.300000e-07	-2.800121e-06	-1.870219e-08	-1.994587e+01	-1.232647e+03
6.400000e-07	-2.655982e-06	-1.849111e-08	-1.891913e+01	-1.219683e+03
6.500000e-07	-2.510789e-06	-1.827130e-08	-1.788489e+01	-1.205301e+03
6.600000e-07	-2.364648e-06	-1.803871e-08	-1.684389e+01	-1.189329e+03
6.700000e-07	-2.217726e-06	-1.779109e-08	-1.579734e+01	-1.171891e+03
6.800000e-07	-2.070143e-06	-1.752969e-08	-1.474608e+01	-1.153369e+03
6.900000e-07	-1.921924e-06	-1.725515e-08	-1.369028e+01	-1.134277e+03
7.000000e-07	-1.773092e-06	-1.696895e-08	-1.263011e+01	-1.115070e+03
7.100000e-07	-1.623680e-06	-1.667133e-08	-1.156582e+01	-1.095968e+03
7.200000e-07	-1.473762e-06	-1.635957e-08	-1.049792e+01	-1.076826e+03
7.300000e-07	-1.323418e-06	-1.602626e-08	-9.426992e+00	-1.057114e+03
7.400000e-07	-1.172630e-06	-1.567045e-08	-8.352896e+00	-1.036019e+03
7.500000e-07	-1.021372e-06	-1.529319e-08	-7.275455e+00	-1.012645e+03
7.600000e-07	-8.697315e-07	-1.489201e-08	-6.195285e+00	-9.862495e+02
7.700000e-07	-7.178190e-07	-1.446093e-08	-5.113179e+00	-9.564537e+02
7.800000e-07	-5.656568e-07	-1.399298e-08	-4.029295e+00	-9.233309e+02
7.900000e-07	-4.132716e-07	-1.348323e-08	-2.943823e+00	-8.873400e+02
8.000000e-07	-2.607590e-07	-1.292481e-08	-1.857443e+00	-8.490882e+02
8.100000e-07	-1.080853e-07	-1.231318e-08	-7.699149e-01	-8.089704e+02
8.200000e-07	4.465047e-08	-1.164094e-08	3.180549e-01	-7.667762e+02
8.300000e-07	1.973383e-07	-1.089561e-08	1.405683e+00	-7.213769e+02
8.400000e-07	3.499903e-07	-1.005842e-08	2.493056e+00	-6.706041e+02
8.500000e-07	5.025783e-07	-9.107471e-09	3.579973e+00	-6.113921e+02
8.600000e-07	6.550559e-07	-8.013777e-09	4.666105e+00	-5.402002e+02
8.700000e-07	8.073494e-07	-6.736013e-09	5.750924e+00	-4.536586e+02
8.800000e-07	9.593690e-07	-5.218318e-09	6.833792e+00	-3.493180e+02
8.900000e-07	1.111115e-06	-3.394099e-09	7.914714e+00	-2.263466e+02
9.000000e-07	1.262522e-06	-1.234408e-09	8.993218e+00	-8.601182e+01
9.100000e-07	1.413448e-06	1.156446e-09	1.006829e+01	6.817883e+01
9.200000e-07	1.563859e-06	3.614829e-09	1.113970e+01	2.307379e+02
9.300000e-07	1.713781e-06	6.075079e-09	1.220763e+01	3.948327e+02
9.400000e-07	1.863216e-06	8.517016e-09	1.327209e+01	5.531871e+02
9.500000e-07	2.011937e-06	1.081871e-08	1.433146e+01	6.990830e+02
9.600000e-07	2.159746e-06	1.277259e-08	1.538434e+01	8.272699e+02
9.700000e-07	2.306639e-06	1.430139e-08	1.643068e+01	9.346090e+02
9.800000e-07	2.452626e-06	1.548012e-08	1.747058e+01	1.020339e+03
9.900000e-07	2.597693e-06	1.639581e-08	1.850392e+01	1.085924e+03
1.000000e-06	2.741860e-06	1.711746e-08	1.953086e+01	1.134550e+03
1.010000e-06	2.884992e-06	1.769783e-08	2.055042e+01	1.170371e+03
1.020000e-06	3.027008e-06	1.817443e-08	2.156203e+01	1.197702e+03
1.030000e-06	3.167871e-06	1.857804e-08	2.256543e+01	1.220299e+03
1.040000e-06	3.307388e-06	1.892805e-08	2.355924e+01	1.240878e+03
1.050000e-06	3.445603e-06	1.923514e-08	2.454378e+01	1.260920e+03
1.060000e-06	3.582553e-06	1.950905e-08	2.551929e+01	1.280787e+03
1.070000e-06	3.718174e-06	1.975813e-08	2.648535e+01	1.300041e+03
1.080000e-06	3.852421e-06	1.998594e-08	2.744163e+01	1.317891e+03
1.090000e-06	3.985282e-06	2.019469e-08	2.838802e+01	1.333609e+03
1.100000e-06	4.116696e-06	2.039029e-08	2.932411e+01	1.346840e+03
1.110000e-06	4.246642e-06	2.057500e-08	3.024975e+01	1.357725e+03
1.120000e-06	4.375152e-06	2.074612e-08	3.116515e+01	1.366846e+03
1.130000e-06	4.502097e-06	2.090501e-08	3.206941e+01	1.375036e+03
1.140000e-06	4.627466e-06	2.105448e-08	3.296244e+01	1.383120e+03
1.150000e-06	4.751266e-06	2.119750e-08	3.384429e+01	1.391687e+03
1.160000e-06	4.873384e-06	2.133505e-08	3.471416e+01	1.400947e+03
1.170000e-06	4.993743e-06	2.146507e-08	3.557151e+01	1.410715e+03
1.180000e-06	5.112272e-06	2.158852e-08	3.641582e+01	1.420516e+03
1.190000e-06	5.228872e-06	2.170690e-08	3.724638e+01	1.429766e+03
1.200000e-06	5.343500e-06	2.181755e-08	3.806290e+01	1.437968e+03
1.210000e-06	5.456139e-06	2.192080e-08	3.886525e+01	1.444873e+03
1.220000e-06	5.566768e-06	2.202014e-08	3.965329e+01	1.450542e+03
1.230000e-06	5.675408e-06	2.211632e-08	4.042715e+01	1.455317e+03
1.240000e-06	5.781992e-06	2.220883e-08	4.118637e+01	1.459706e+03
1.250000e-06	5.886432e-06	2.229553e-08	4.193033e+01	1.464217e+03
1.260000e-06	5.988711e-06	2.237809e-08	4.265888e+01	1.469213e+03
1.270000e-06	6.088801e-06	2.245748e-08	4.337184e+01	1.474812e+03
1.280000e-06	6.186611e-06	2.253522e-08	4.406856e+01	1.480867e+03
1.290000e-06	6.282084e-06	2.261010e-08	4.474864e+01	1.487037e+03
1.300000e-06	6.375299e-06	2.268141e-08	4.541263e+01	1.492900e+03
1.310000e-06	6.466274e-06	2.275086e-08	4.606066e+01	1.498098e+03
1.320000e-06	6.554904e-06	2.281798e-08	4.669199e+01	1.502443e+03
1.330000e-06	6.641180e-06	2.288313e-08	4.730656e+01	1.505975e+03
1.340000e-06	6.725140e-06	2.294579e-08	4.790462e+01	1.508932e+03
1.350000e-06	6.806700e-06	2.300553e-08	4.848559e+01	1.511675e+03
1.360000e-06	6.885762e-06	2.306132e-08	4.904877e+01	1.514566e+03
1.370000e-06	6.962245e-06	2.311393e-08	4.959357e+01	1.517854e+03
1.380000e-06	7.036075e-06	2.316461e-08	5.011948e+01	1.521603e+03
1.390000e-06	7.107355e-06	2.321369e-08	5.062722e+01	1.525675e+03
1.400000e-06	7.176180e-06	2.326344e-08	5.111748e+01	1.529783e+03
1.410000e-06	7.242442e-06	2.331281e-08	5.158947e+01	1.533585e+03
1.420000e-06	7.306108e-06	2.335802e-08	5.204298e+01	1.536795e+03
1.430000e-06	7.367297e-06	2.339633e-08	5.247884e+01	1.539268e+03
1.440000e-06	7.425958e-06	2.343013e-08	5.289670e+01	1.541049e+03
1.450000e-06	7.482007e-06	2.346357e-08	5.329595e+01	1.542347e+03
1.460000e-06	7.535270e-06	2.349701e-08	5.367535e+01	1.543473e+03
1.470000e-06	7.585474e-06	2.352834e-08	5.403296e+01	1.544736e+03
1.480000e-06	7.632715e-06	2.355582e-08	5.436947e+01	1.546349e+03
1.490000e-06	7.677267e-06	2.358230e-08	5.468683e+01	1.548362e+03
1.500000e-06	7.719026e-06	2.360787e-08	5.498428e+01	1.550654e+03
1.510000e-06	7.757983e-06	2.363042e-08	5.526178e+01	1.552973e+03
1.520000e-06	7.794316e-06	2.365063e-08	5.552059e+01	1.555019e+03
1.530000e-06	7.827897e-06	2.366945e-08	5.575979e+01	1.556539e+03
1.540000e-06	7.858652e-06	2.368568e-08	5.597887e+01	1.557411e+03
1.550000e-06	7.886645e-06	2.369798e-08	5.617827e+01	1.557676e+03
1.560000e-06	7.911766e-06	2.370883e-08	5.635722e+01	1.557529e+03
1.570000e-06	7.933991e-06	2.372012e-08	5.651553e+01	1.557252e+03
1.580000e-06	7.953434e-06	2.373049e-08	5.665402e+01	1.557130e+03
1.590000e-06	7.969955e-06	2.373925e-08	5.677171e+01	1.557360e+03
1.600000e-06	7.983509e-06	2.374780e-08	5.686825e+01	1.557990e+03
1.610000e-06	7.993991e-06	2.375525e-08	5.694292e+01	1.558909e+03
1.620000e-06	8.001410e-06	2.375883e-08	5.699577e+01	1.559882e+03
1.630000e-06	8.006021e-06	2.376033e-08	5.702861e+01	1.560628e+03
1.640000e-06	8.007830e-06	2.376049e-08	5.704150e+01	1.560903e+03
1.650000e-06	8.006805e-06	2.375339e-08	5.703420e+01	1.560583e+03
1.660000e-06	8.003107e-06	2.374403e-08	5.700785e+01	1.559695e+03
1.670000e-06	7.996728e-06	2.373619e-08	5.696242e+01	1.558409e+03
1.680000e-06	7.987662e-06	2.372864e-08	5.689784e+01	1.556984e+03
1.690000e-06	7.975927e-06	2.372149e-08	5.681424e+01	1.555684e+03
1.700000e-06	7.961335e-06	2.371600e-08	5.671030e+01	1.554695e+03
1.710000e-06	7.944150e-06	2.370975e-08	5.658789e+01	1.554068e+03
1.720000e-06	7.924740e-06	2.368239e-08	5.644963e+01	1.553705e+03
1.730000e-06	7.902829e-06	2.360575e-08	5.629356e+01	1.553395e+03
1.740000e-06	7.877639e-06	2.357040e-08	5.611412e+01	1.552880e+03
1.750000e-06	7.848716e-06	2.357968e-08	5.590809e+01	1.551941e+03
1.760000e-06	7.816471e-06	2.356814e-08	5.567841e+01	1.550471e+03
1.770000e-06	7.781691e-06	2.355986e-08	5.543066e+01	1.548505e+03
1.780000e-06	7.744665e-06	2.359669e-08	5.516691e+01	1.546214e+03
1.790000e-06	7.705515e-06	2.357527e-08	5.488804e+01	1.543847e+03
1.800000e-06	7.664296e-06	2.352587e-08	5.459443e+01	1.541652e+03
1.810000e-06	7.620459e-06	2.354168e-08	5.428217e+01	1.539791e+03
1.820000e-06	7.573960e-06	2.348591e-08	5.395095e+01	1.538285e+03
1.830000e-06	7.524793e-06	2.346683e-08	5.360072e+01	1.537003e+03
1.840000e-06	7.472574e-06	2.342737e-08	5.322876e+01	1.535696e+03
1.850000e-06	7.417418e-06	2.334329e-08	5.283587e+01	1.534069e+03
1.860000e-06	7.359552e-06	2.334309e-08	5.242368e+01	1.531875e+03
1.870000e-06	7.299120e-06	2.331340e-08	5.199320e+01	1.528982e+03
1.880000e-06	7.235917e-06	2.330592e-08	5.154300e+01	1.525423e+03
1.890000e-06	7.169808e-06	2.326536e-08	5.107209e+01	1.521377e+03
1.900000e-06	7.101038e-06	2.318010e-08	5.058222e+01	1.517122e+03
1.910000e-06	7.029520e-06	2.311446e-08	5.007279e+01	1.512940e+03
1.920000e-06	6.955226e-06	2.303688e-08	4.954357e+01	1.509041e+03
1.930000e-06	6.878193e-06	2.301358e-08	4.899485e+01	1.505486e+03
1.940000e-06	6.798452e-06	2.295831e-08	4.842684e+01	1.502179e+03
1.950000e-06	6.716189e-06	2.289823e-08	4.784086e+01	1.498893e+03
1.960000e-06	6.631508e-06	2.283488e-08	4.723766e+01	1.495344e+03
1.970000e-06	6.544406e-06	2.274218e-08	4.661721e+01	1.491280e+03
1.980000e-06	6.454847e-06	2.267924e-08	4.597927e+01	1.486566e+03
1.990000e-06	6.363083e-06	2.260808e-08	4.532561e+01	1.481222e+03
2.000000e-06	6.269076e-06	2.254087e-08	4.465598e+01	1.475422e+03
2.010000e-06	6.172773e-06	2.246092e-08	4.396999e+01	1.469435e+03
2.020000e-06	6.074353e-06	2.237368e-08	4.326893e+01	1.463539e+03
2.030000e-06	5.973861e-06	2.228092e-08	4.255310e+01	1.457931e+03
2.040000e-06	5.871189e-06	2.219193e-08	4.182174e+01	1.452656e+03
2.050000e-06	5.766288e-06	2.210826e-08	4.107451e+01	1.447590e+03
2.060000e-06	5.659418e-06	2.201672e-08	4.031325e+01	1.442475e+03
2.070000e-06	5.550708e-06	2.192860e-08	3.953889e+01	1.436997e+03
2.080000e-06	5.440007e-06	2.183376e-08	3.875034e+01	1.430883e+03
2.090000e-06	5.327211e-06	2.173197e-08	3.794687e+01	1.423992e+03
2.100000e-06	5.212430e-06	2.162053e-08	3.712926e+01	1.416361e+03
2.110000e-06	5.095671e-06	2.151197e-08	3.629756e+01	1.408196e+03
2.120000e-06	4.976914e-06	2.140014e-08	3.545163e+01	1.399809e+03
2.130000e-06	4.856274e-06	2.128118e-08	3.459229e+01	1.391517e+03
2.140000e-06	4.733854e-06	2.115929e-08	3.372026e+01	1.383536e+03
2.150000e-06	4.609711e-06	2.103851e-08	3.283596e+01	1.375904e+03
2.160000e-06	4.483904e-06	2.091632e-08	3.193982e+01	1.368457e+03
2.170000e-06	4.356438e-06	2.078865e-08	3.103185e+01	1.360873e+03
2.180000e-06	4.227351e-06	2.065713e-08	3.011233e+01	1.352761e+03
2.190000e-06	4.096790e-06	2.051895e-08	2.918232e+01	1.343785e+03
2.200000e-06	3.964773e-06	2.037070e-08	2.824193e+01	1.333769e+03
2.210000e-06	3.831300e-06	2.021231e-08	2.729118e+01	1.322752e+03
2.220000e-06	3.696359e-06	2.004961e-08	2.632996e+01	1.310987e+03
2.230000e-06	3.559987e-06	1.987974e-08	2.535855e+01	1.298854e+03
2.240000e-06	3.422190e-06	1.970528e-08	2.437700e+01	1.286741e+03
2.250000e-06	3.283085e-06	1.952984e-08	2.338612e+01	1.274911e+03
2.260000e-06	3.142708e-06	1.935172e-08	2.238619e+01	1.263397e+03
2.270000e-06	3.001119e-06	1.916604e-08	2.137762e+01	1.251975e+03
2.280000e-06	2.858465e-06	1.896914e-08	2.036147e+01	1.240212e+03
2.290000e-06	2.714651e-06	1.875979e-08	1.933705e+01	1.227584e+03
2.300000e-06	2.569810e-06	1.853675e-08	1.830531e+01	1.213636e+03
2.310000e-06	2.424113e-06	1.830576e-08	1.726748e+01	1.198117e+03
2.320000e-06	2.277593e-06	1.807011e-08	1.622379e+01	1.181066e+03
2.330000e-06	2.130275e-06	1.782370e-08	1.517441e+01	1.162803e+03
2.340000e-06	1.982236e-06	1.756047e-08	1.411990e+01	1.143819e+03
2.350000e-06	1.833599e-06	1.728066e-08	1.306112e+01	1.124607e+03
2.360000e-06	1.684410e-06	1.698606e-08	1.199841e+01	1.105471e+03
2.370000e-06	1.534692e-06	1.667993e-08	1.093194e+01	1.086377e+03
2.380000e-06	1.384505e-06	1.635960e-08	9.862131e+00	1.066900e+03
2.390000e-06	1.233913e-06	1.601788e-08	8.789426e+00	1.046291e+03
2.400000e-06	1.082945e-06	1.564956e-08	7.714048e+00	1.023653e+03
2.410000e-06	9.315527e-07	1.525056e-08	6.635650e+00	9.981766e+02
2.420000e-06	7.797686e-07	1.482244e-08	5.554460e+00	9.693633e+02
2.430000e-06	6.276481e-07	1.436561e-08	4.470872e+00	9.371563e+02
2.440000e-06	4.752884e-07	1.387487e-08	3.385582e+00	9.019218e+02
2.450000e-06	3.227561e-07	1.334371e-08	2.299061e+00	8.642573e+02
2.460000e-06	1.700603e-07	1.276168e-08	1.211376e+00	8.246589e+02
2.470000e-06	1.726131e-08	1.211655e-08	1.229560e-01	7.831270e+02
2.480000e-06	-1.356096e-07	1.139631e-08	-9.659767e-01	7.388179e+02
2.490000e-06	-2.884501e-07	1.058483e-08	-2.054692e+00	6.898580e+02
2.500000e-06	-4.412078e-07	9.669916e-09	-3.142818e+00	6.334066e+02
2.510000e-06	-5.938613e-07	8.629837e-09	-4.230202e+00	5.660009e+02
2.520000e-06	-7.462784e-07	7.426189e-09	-5.315902e+00	4.841477e+02
2.530000e-06	-8.982907e-07	6.009270e-09	-6.398718e+00	3.850579e+02
2.540000e-06	-1.049893e-06	4.311402e-09	-7.478613e+00	2.673763e+02
2.550000e-06	-1.201142e-06	2.270432e-09	-8.555995e+00	1.317396e+02
2.560000e-06	-1.351994e-06	-8.300036e-11	-9.630546e+00	-1.897620e+01
2.570000e-06	-1.502415e-06	-2.583730e-09	-1.070203e+01	-1.797995e+02
2.580000e-06	-1.652346e-06	-5.105747e-09	-1.177002e+01	-3.441989e+02
2.590000e-06	-1.801683e-06	-7.625745e-09	-1.283378e+01	-5.049235e+02
2.600000e-06	-1.950303e-06	-1.005638e-08	-1.389243e+01	-6.549955e+02
2.610000e-06	-2.098219e-06	-1.218905e-08	-1.494606e+01	-7.886649e+02
2.620000e-06	-2.245374e-06	-1.388639e-08	-1.599429e+01	-9.021446e+02
2.630000e-06	-2.391647e-06	-1.519106e-08	-1.703622e+01	-9.939910e+02
2.640000e-06	-2.537123e-06	-1.619728e-08	-1.807248e+01	-1.065072e+03
2.650000e-06	-2.681616e-06	-1.698549e-08	-1.910173e+01	-1.118147e+03
2.660000e-06	-2.824903e-06	-1.761640e-08	-2.012239e+01	-1.157180e+03
2.670000e-06	-2.967045e-06	-1.813228e-08	-2.113490e+01	-1.186519e+03
2.680000e-06	-3.108039e-06	-1.856563e-08	-2.213923e+01	-1.210142e+03
2.690000e-06	-3.247837e-06	-1.893662e-08	-2.313504e+01	-1.231094e+03
2.700000e-06	-3.386407e-06	-1.925779e-08	-2.412211e+01	-1.251210e+03
2.710000e-06	-3.523724e-06	-1.954229e-08	-2.510024e+01	-1.271146e+03
2.720000e-06	-3.659604e-06	-1.979965e-08	-2.606815e+01	-1.290650e+03
2.730000e-06	-3.794128e-06	-2.003472e-08	-2.702639e+01	-1.308987e+03
2.740000e-06	-3.927411e-06	-2.025065e-08	-2.797579e+01	-1.325373e+03
2.750000e-06	-4.059306e-06	-2.044797e-08	-2.891531e+01	-1.339324e+03
2.760000e-06	-4.189777e-06	-2.062922e-08	-2.984468e+01	-1.350838e+03
2.770000e-06	-4.318795e-06	-2.079833e-08	-3.076371e+01	-1.360386e+03
2.780000e-06	-4.446283e-06	-2.095900e-08	-3.167183e+01	-1.368754e+03
2.790000e-06	-4.572261e-06	-2.111253e-08	-3.256920e+01	-1.376796e+03
2.800000e-06	-4.696698e-06	-2.125865e-08	-3.345559e+01	-1.385188e+03
2.810000e-06	-4.819421e-06	-2.139725e-08	-3.432977e+01	-1.394253e+03
2.820000e-06	-4.940385e-06	-2.152844e-08	-3.519142e+01	-1.403916e+03
2.830000e-06	-5.059514e-06	-2.165081e-08	-3.604000e+01	-1.413768e+03
2.840000e-06	-5.176742e-06	-2.176403e-08	-3.687505e+01	-1.423235e+03
2.850000e-06	-5.291903e-06	-2.187154e-08	-3.769536e+01	-1.431777e+03
2.860000e-06	-5.404844e-06	-2.197665e-08	-3.849987e+01	-1.439062e+03
2.870000e-06	-5.515693e-06	-2.207906e-08	-3.928947e+01	-1.445061e+03
2.880000e-06	-5.624529e-06	-2.217658e-08	-4.006473e+01	-1.450046e+03
2.890000e-06	-5.731406e-06	-2.226815e-08	-4.082604e+01	-1.454492e+03
2.900000e-06	-5.836277e-06	-2.235419e-08	-4.157306e+01	-1.458924e+03
2.910000e-06	-5.938936e-06	-2.243662e-08	-4.230432e+01	-1.463760e+03
2.920000e-06	-6.039355e-06	-2.251554e-08	-4.301962e+01	-1.469192e+03
2.930000e-06	-6.137655e-06	-2.259150e-08	-4.371984e+01	-1.475146e+03
2.940000e-06	-6.233712e-06	-2.266581e-08	-4.440407e+01	-1.481327e+03
2.950000e-06	-6.327467e-06	-2.273775e-08	-4.507191e+01	-1.487321e+03
2.960000e-06	-6.419058e-06	-2.280820e-08	-4.572433e+01	-1.492739e+03
2.970000e-06	-6.508480e-06	-2.287610e-08	-4.636131e+01	-1.497336e+03
2.980000e-06	-6.595541e-06	-2.294043e-08	-4.698146e+01	-1.501085e+03
2.990000e-06	-6.680088e-06	-2.300272e-08	-4.758371e+01	-1.504174e+03
3.000000e-06	-6.762278e-06	-2.306159e-08	-4.816916e+01	-1.506941e+03
3.010000e-06	-6.842067e-06	-2.312013e-08	-4.873752e+01	-1.509759e+03
3.020000e-06	-6.919212e-06	-2.317851e-08	-4.928704e+01	-1.512920e+03
3.030000e-06	-6.993754e-06	-2.323196e-08	-4.981801e+01	-1.516544e+03
3.040000e-06	-7.065775e-06	-2.328001e-08	-5.033104e+01	-1.520550e+03
3.050000e-06	-7.135219e-06	-2.332171e-08	-5.082570e+01	-1.524684e+03
3.060000e-06	-7.202123e-06	-2.336216e-08	-5.130228e+01	-1.528609e+03
3.070000e-06	-7.266486e-06	-2.340127e-08	-5.176074e+01	-1.532012e+03
3.080000e-06	-7.328239e-06	-2.343793e-08	-5.220063e+01	-1.534701e+03
3.090000e-06	-7.387393e-06	-2.347586e-08	-5.262200e+01	-1.536666e+03
3.100000e-06	-7.443909e-06	-2.351124e-08	-5.302457e+01	-1.538074e+03
3.110000e-06	-7.497638e-06	-2.354329e-08	-5.340729e+01	-1.539218e+03
3.120000e-06	-7.548387e-06	-2.357266e-08	-5.376879e+01	-1.540416e+03
3.130000e-06	-7.596102e-06	-2.360125e-08	-5.410867e+01	-1.541917e+03
3.140000e-06	-7.641106e-06	-2.362724e-08	-5.442925e+01	-1.543823e+03
3.150000e-06	-7.683655e-06	-2.364785e-08	-5.473233e+01	-1.546058e+03
3.160000e-06	-7.723518e-06	-2.366570e-08	-5.501628e+01	-1.548402e+03
3.170000e-06	-7.760593e-06	-2.368426e-08	-5.528038e+01	-1.550557e+03
3.180000e-06	-7.794978e-06	-2.370168e-08	-5.552531e+01	-1.552248e+03
3.190000e-06	-7.826540e-06	-2.371544e-08	-5.575013e+01	-1.553310e+03
3.200000e-06	-7.855218e-06	-2.372417e-08	-5.595441e+01	-1.553736e+03
3.210000e-06	-7.881143e-06	-2.373092e-08	-5.613908e+01	-1.553682e+03
3.220000e-06	-7.904262e-06	-2.373901e-08	-5.630376e+01	-1.553413e+03
3.230000e-06	-7.924484e-06	-2.374683e-08	-5.644781e+01	-1.553223e+03
3.240000e-06	-7.941885e-06	-2.375331e-08	-5.657176e+01	-1.553342e+03
3.250000e-06	-7.956292e-06	-2.375762e-08	-5.667438e+01	-1.553864e+03
3.260000e-06	-7.967584e-06	-2.375806e-08	-5.675482e+01	-1.554721e+03
3.270000e-06	-7.975923e-06	-2.375539e-08	-5.681422e+01	-1.555709e+03
3.280000e-06	-7.981346e-06	-2.375109e-08	-5.685285e+01	-1.556550e+03
3.290000e-06	-7.983976e-06	-2.374559e-08	-5.687158e+01	-1.556980e+03
3.300000e-06	-7.983883e-06	-2.374330e-08	-5.687092e+01	-1.556836e+03
