# Temperatura_=_57.08
# Concentracion g/m^3_=_28200.0
# C_Vs_to_Am_M_A/Vsm_=_65563218390.804596
# pendiente_HvsI_1/m_=_3716.3
# ordenada_HvsI_A/m_=_1297.0
# frecuencia_Hz_=_302305.874991882

Tiempo_(s)	Campo_(V.s)	Magnetizacion_(V.s)	Campo_(kA/m)	Magnetizacion_(A/m)
0.000000e+00	-6.907374e-06	-2.558891e-08	-4.951576e+01	-1.676248e+03
1.000000e-08	-6.904822e-06	-2.558260e-08	-4.949747e+01	-1.675861e+03
2.000000e-08	-6.899998e-06	-2.557540e-08	-4.946289e+01	-1.675306e+03
3.000000e-08	-6.893010e-06	-2.556418e-08	-4.941280e+01	-1.674585e+03
4.000000e-08	-6.883708e-06	-2.554991e-08	-4.934611e+01	-1.673699e+03
5.000000e-08	-6.871930e-06	-2.553418e-08	-4.926168e+01	-1.672646e+03
6.000000e-08	-6.857575e-06	-2.551907e-08	-4.915878e+01	-1.671425e+03
7.000000e-08	-6.840830e-06	-2.549967e-08	-4.903874e+01	-1.670034e+03
8.000000e-08	-6.822048e-06	-2.547918e-08	-4.890410e+01	-1.668475e+03
9.000000e-08	-6.801097e-06	-2.547359e-08	-4.875391e+01	-1.666759e+03
1.000000e-07	-6.777550e-06	-2.546536e-08	-4.858512e+01	-1.664904e+03
1.100000e-07	-6.751190e-06	-2.541202e-08	-4.839616e+01	-1.662935e+03
1.200000e-07	-6.722210e-06	-2.535237e-08	-4.818841e+01	-1.660879e+03
1.300000e-07	-6.690984e-06	-2.530930e-08	-4.796457e+01	-1.658759e+03
1.400000e-07	-6.657623e-06	-2.525653e-08	-4.772541e+01	-1.656584e+03
1.500000e-07	-6.622317e-06	-2.522275e-08	-4.747232e+01	-1.654348e+03
1.600000e-07	-6.585173e-06	-2.523091e-08	-4.720606e+01	-1.652022e+03
1.700000e-07	-6.545968e-06	-2.518342e-08	-4.692501e+01	-1.649557e+03
1.800000e-07	-6.504501e-06	-2.510304e-08	-4.662776e+01	-1.646894e+03
1.900000e-07	-6.460581e-06	-2.507360e-08	-4.631291e+01	-1.643971e+03
2.000000e-07	-6.414208e-06	-2.499156e-08	-4.598049e+01	-1.640737e+03
2.100000e-07	-6.365427e-06	-2.492049e-08	-4.563080e+01	-1.637161e+03
2.200000e-07	-6.313988e-06	-2.490280e-08	-4.526206e+01	-1.633239e+03
2.300000e-07	-6.259947e-06	-2.485427e-08	-4.487466e+01	-1.628992e+03
2.400000e-07	-6.203584e-06	-2.478358e-08	-4.447062e+01	-1.624461e+03
2.500000e-07	-6.144884e-06	-2.469754e-08	-4.404983e+01	-1.619694e+03
2.600000e-07	-6.083882e-06	-2.461550e-08	-4.361253e+01	-1.614735e+03
2.700000e-07	-6.020617e-06	-2.453427e-08	-4.315902e+01	-1.609613e+03
2.800000e-07	-5.955063e-06	-2.445160e-08	-4.268909e+01	-1.604333e+03
2.900000e-07	-5.887296e-06	-2.437654e-08	-4.220330e+01	-1.598874e+03
3.000000e-07	-5.817394e-06	-2.428979e-08	-4.170220e+01	-1.593199e+03
3.100000e-07	-5.745332e-06	-2.419526e-08	-4.118562e+01	-1.587261e+03
3.200000e-07	-5.670961e-06	-2.408811e-08	-4.065249e+01	-1.581018e+03
3.300000e-07	-5.594223e-06	-2.398329e-08	-4.010239e+01	-1.574438e+03
3.400000e-07	-5.515161e-06	-2.389363e-08	-3.953564e+01	-1.567512e+03
3.500000e-07	-5.433960e-06	-2.378919e-08	-3.895354e+01	-1.560247e+03
3.600000e-07	-5.350948e-06	-2.367505e-08	-3.835847e+01	-1.552661e+03
3.700000e-07	-5.266200e-06	-2.355253e-08	-3.775095e+01	-1.544776e+03
3.800000e-07	-5.179714e-06	-2.342370e-08	-3.713097e+01	-1.536606e+03
3.900000e-07	-5.091462e-06	-2.328837e-08	-3.649833e+01	-1.528146e+03
4.000000e-07	-5.001361e-06	-2.315153e-08	-3.585244e+01	-1.519376e+03
4.100000e-07	-4.909465e-06	-2.301657e-08	-3.519368e+01	-1.510257e+03
4.200000e-07	-4.815938e-06	-2.287224e-08	-3.452323e+01	-1.500745e+03
4.300000e-07	-4.720816e-06	-2.272293e-08	-3.384135e+01	-1.490797e+03
4.400000e-07	-4.623940e-06	-2.256270e-08	-3.314689e+01	-1.480382e+03
4.500000e-07	-4.525302e-06	-2.239576e-08	-3.243979e+01	-1.469488e+03
4.600000e-07	-4.424989e-06	-2.222312e-08	-3.172070e+01	-1.458118e+03
4.700000e-07	-4.323065e-06	-2.204166e-08	-3.099005e+01	-1.446285e+03
4.800000e-07	-4.219639e-06	-2.185093e-08	-3.024864e+01	-1.434002e+03
4.900000e-07	-4.114725e-06	-2.165388e-08	-2.949656e+01	-1.421271e+03
5.000000e-07	-4.008305e-06	-2.145322e-08	-2.873369e+01	-1.408073e+03
5.100000e-07	-3.900428e-06	-2.124431e-08	-2.796036e+01	-1.394367e+03
5.200000e-07	-3.791166e-06	-2.102456e-08	-2.717712e+01	-1.380090e+03
5.300000e-07	-3.680624e-06	-2.079125e-08	-2.638469e+01	-1.365170e+03
5.400000e-07	-3.568723e-06	-2.054899e-08	-2.558253e+01	-1.349539e+03
5.500000e-07	-3.455269e-06	-2.029642e-08	-2.476922e+01	-1.333140e+03
5.600000e-07	-3.340302e-06	-2.003297e-08	-2.394508e+01	-1.315933e+03
5.700000e-07	-3.223940e-06	-1.975883e-08	-2.311093e+01	-1.297902e+03
5.800000e-07	-3.106326e-06	-1.947162e-08	-2.226782e+01	-1.279036e+03
5.900000e-07	-2.987640e-06	-1.916971e-08	-2.141701e+01	-1.259326e+03
6.000000e-07	-2.867878e-06	-1.885560e-08	-2.055849e+01	-1.238743e+03
6.100000e-07	-2.746945e-06	-1.853081e-08	-1.969157e+01	-1.217231e+03
6.200000e-07	-2.624943e-06	-1.818610e-08	-1.881700e+01	-1.194698e+03
6.300000e-07	-2.502012e-06	-1.781974e-08	-1.793577e+01	-1.171023e+03
6.400000e-07	-2.378128e-06	-1.743469e-08	-1.704770e+01	-1.146064e+03
6.500000e-07	-2.253406e-06	-1.702879e-08	-1.615362e+01	-1.119674e+03
6.600000e-07	-2.127983e-06	-1.660056e-08	-1.525452e+01	-1.091714e+03
6.700000e-07	-2.001845e-06	-1.615103e-08	-1.435030e+01	-1.062060e+03
6.800000e-07	-1.875066e-06	-1.567565e-08	-1.344148e+01	-1.030607e+03
6.900000e-07	-1.747731e-06	-1.516972e-08	-1.252867e+01	-9.972541e+02
7.000000e-07	-1.619693e-06	-1.463155e-08	-1.161083e+01	-9.618909e+02
7.100000e-07	-1.490952e-06	-1.405789e-08	-1.068794e+01	-9.243843e+02
7.200000e-07	-1.361669e-06	-1.344902e-08	-9.761174e+00	-8.845693e+02
7.300000e-07	-1.231952e-06	-1.280283e-08	-8.831291e+00	-8.422556e+02
7.400000e-07	-1.101878e-06	-1.211617e-08	-7.898855e+00	-7.972501e+02
7.500000e-07	-9.714446e-07	-1.138299e-08	-6.963836e+00	-7.493936e+02
7.600000e-07	-8.406853e-07	-1.060386e-08	-6.026483e+00	-6.986061e+02
7.700000e-07	-7.096630e-07	-9.785764e-09	-5.087245e+00	-6.449297e+02
7.800000e-07	-5.784071e-07	-8.930015e-09	-4.146333e+00	-5.885571e+02
7.900000e-07	-4.469670e-07	-8.038656e-09	-3.204100e+00	-5.298349e+02
8.000000e-07	-3.153586e-07	-7.117167e-09	-2.260660e+00	-4.692374e+02
8.100000e-07	-1.835957e-07	-6.174274e-09	-1.316112e+00	-4.073095e+02
8.200000e-07	-5.172272e-08	-5.217773e-09	-3.707762e-01	-3.445895e+02
8.300000e-07	8.022353e-08	-4.253011e-09	5.750853e-01	-2.815236e+02
8.400000e-07	2.121845e-07	-3.286757e-09	1.521052e+00	-2.183926e+02
8.500000e-07	3.440969e-07	-2.324593e-09	2.466671e+00	-1.552648e+02
8.600000e-07	4.758952e-07	-1.363994e-09	3.411472e+00	-9.199071e+01
8.700000e-07	6.075230e-07	-3.970515e-10	4.355051e+00	-2.824182e+01
8.800000e-07	7.389442e-07	5.846268e-10	5.297149e+00	3.641005e+01
8.900000e-07	8.701370e-07	1.589558e-09	6.237609e+00	1.023870e+02
9.000000e-07	1.001040e-06	2.619678e-09	7.175991e+00	1.699926e+02
9.100000e-07	1.131587e-06	3.675913e-09	8.111826e+00	2.393150e+02
9.200000e-07	1.261767e-06	4.758737e-09	9.045022e+00	3.101650e+02
9.300000e-07	1.391515e-06	5.859398e-09	9.975123e+00	3.820615e+02
9.400000e-07	1.520725e-06	6.964818e-09	1.090137e+01	4.542682e+02
9.500000e-07	1.649351e-06	8.058533e-09	1.182343e+01	5.258741e+02
9.600000e-07	1.777325e-06	9.125565e-09	1.274082e+01	5.959025e+02
9.700000e-07	1.904553e-06	1.015108e-08	1.365286e+01	6.634277e+02
9.800000e-07	2.031054e-06	1.112389e-08	1.455969e+01	7.276794e+02
9.900000e-07	2.156884e-06	1.203835e-08	1.546170e+01	7.881153e+02
1.000000e-06	2.281969e-06	1.289144e-08	1.635838e+01	8.444539e+02
1.010000e-06	2.406286e-06	1.368256e-08	1.724955e+01	8.966648e+02
1.020000e-06	2.529729e-06	1.441476e-08	1.813445e+01	9.449233e+02
1.030000e-06	2.652200e-06	1.509287e-08	1.901239e+01	9.895432e+02
1.040000e-06	2.773663e-06	1.572223e-08	1.988310e+01	1.030902e+03
1.050000e-06	2.893981e-06	1.630632e-08	2.074561e+01	1.069378e+03
1.060000e-06	3.013204e-06	1.684950e-08	2.160026e+01	1.105299e+03
1.070000e-06	3.131387e-06	1.735741e-08	2.244746e+01	1.138925e+03
1.080000e-06	3.248459e-06	1.783282e-08	2.328670e+01	1.170448e+03
1.090000e-06	3.364277e-06	1.827858e-08	2.411695e+01	1.200007e+03
1.100000e-06	3.478717e-06	1.869785e-08	2.493731e+01	1.227715e+03
1.110000e-06	3.591727e-06	1.909247e-08	2.574742e+01	1.253684e+03
1.120000e-06	3.703315e-06	1.946354e-08	2.654735e+01	1.278035e+03
1.130000e-06	3.813594e-06	1.981382e-08	2.733789e+01	1.300910e+03
1.140000e-06	3.922683e-06	2.014340e-08	2.811990e+01	1.322457e+03
1.150000e-06	4.030496e-06	2.045580e-08	2.889276e+01	1.342822e+03
1.160000e-06	4.136885e-06	2.075047e-08	2.965541e+01	1.362134e+03
1.170000e-06	4.241774e-06	2.102821e-08	3.040731e+01	1.380490e+03
1.180000e-06	4.345070e-06	2.129173e-08	3.114779e+01	1.397954e+03
1.190000e-06	4.446796e-06	2.154164e-08	3.187702e+01	1.414561e+03
1.200000e-06	4.547047e-06	2.178030e-08	3.259567e+01	1.430330e+03
1.210000e-06	4.645708e-06	2.200805e-08	3.330293e+01	1.445273e+03
1.220000e-06	4.742533e-06	2.222410e-08	3.399702e+01	1.459411e+03
1.230000e-06	4.837533e-06	2.242803e-08	3.467804e+01	1.472781e+03
1.240000e-06	4.930851e-06	2.262002e-08	3.534699e+01	1.485437e+03
1.250000e-06	5.022481e-06	2.280177e-08	3.600384e+01	1.497447e+03
1.260000e-06	5.112329e-06	2.297606e-08	3.664792e+01	1.508878e+03
1.270000e-06	5.200278e-06	2.314241e-08	3.727839e+01	1.519791e+03
1.280000e-06	5.286311e-06	2.330058e-08	3.789512e+01	1.530232e+03
1.290000e-06	5.370566e-06	2.345200e-08	3.849910e+01	1.540224e+03
1.300000e-06	5.452987e-06	2.359882e-08	3.908994e+01	1.549774e+03
1.310000e-06	5.533356e-06	2.373919e-08	3.966606e+01	1.558873e+03
1.320000e-06	5.611641e-06	2.387152e-08	4.022726e+01	1.567511e+03
1.330000e-06	5.687856e-06	2.399776e-08	4.077360e+01	1.575680e+03
1.340000e-06	5.761830e-06	2.411745e-08	4.130389e+01	1.583384e+03
1.350000e-06	5.833545e-06	2.422835e-08	4.181798e+01	1.590638e+03
1.360000e-06	5.903194e-06	2.433207e-08	4.231726e+01	1.597470e+03
1.370000e-06	5.970847e-06	2.443232e-08	4.280224e+01	1.603913e+03
1.380000e-06	6.036334e-06	2.452837e-08	4.327168e+01	1.610002e+03
1.390000e-06	6.099579e-06	2.461815e-08	4.372506e+01	1.615765e+03
1.400000e-06	6.160706e-06	2.470022e-08	4.416325e+01	1.621226e+03
1.410000e-06	6.219710e-06	2.477587e-08	4.458622e+01	1.626399e+03
1.420000e-06	6.276538e-06	2.484814e-08	4.499359e+01	1.631294e+03
1.430000e-06	6.331135e-06	2.491773e-08	4.538498e+01	1.635916e+03
1.440000e-06	6.383273e-06	2.498606e-08	4.575873e+01	1.640274e+03
1.450000e-06	6.432769e-06	2.505138e-08	4.611354e+01	1.644376e+03
1.460000e-06	6.479758e-06	2.511191e-08	4.645039e+01	1.648234e+03
1.470000e-06	6.524531e-06	2.516819e-08	4.677134e+01	1.651860e+03
1.480000e-06	6.567076e-06	2.521861e-08	4.707633e+01	1.655261e+03
1.490000e-06	6.607206e-06	2.526552e-08	4.736400e+01	1.658441e+03
1.500000e-06	6.644995e-06	2.531083e-08	4.763489e+01	1.661396e+03
1.510000e-06	6.680554e-06	2.535248e-08	4.788980e+01	1.664117e+03
1.520000e-06	6.713711e-06	2.538901e-08	4.812748e+01	1.666592e+03
1.530000e-06	6.744387e-06	2.542153e-08	4.834738e+01	1.668813e+03
1.540000e-06	6.772784e-06	2.545255e-08	4.855095e+01	1.670773e+03
1.550000e-06	6.798765e-06	2.548130e-08	4.873720e+01	1.672475e+03
1.560000e-06	6.822155e-06	2.550584e-08	4.890487e+01	1.673931e+03
1.570000e-06	6.843130e-06	2.552566e-08	4.905523e+01	1.675158e+03
1.580000e-06	6.861736e-06	2.554058e-08	4.918860e+01	1.676178e+03
1.590000e-06	6.877829e-06	2.555136e-08	4.930397e+01	1.677011e+03
1.600000e-06	6.891390e-06	2.555868e-08	4.940118e+01	1.677672e+03
1.610000e-06	6.902312e-06	2.556560e-08	4.947948e+01	1.678171e+03
1.620000e-06	6.910508e-06	2.557423e-08	4.953823e+01	1.678510e+03
1.630000e-06	6.916219e-06	2.558177e-08	4.957917e+01	1.678689e+03
1.640000e-06	6.919557e-06	2.558535e-08	4.960310e+01	1.678704e+03
1.650000e-06	6.920366e-06	2.558427e-08	4.960890e+01	1.678552e+03
1.660000e-06	6.918746e-06	2.557803e-08	4.959728e+01	1.678230e+03
1.670000e-06	6.914945e-06	2.556477e-08	4.957004e+01	1.677740e+03
1.680000e-06	6.908824e-06	2.555107e-08	4.952616e+01	1.677084e+03
1.690000e-06	6.900313e-06	2.553801e-08	4.946515e+01	1.676263e+03
1.700000e-06	6.889591e-06	2.552688e-08	4.938829e+01	1.675276e+03
1.710000e-06	6.876512e-06	2.551545e-08	4.929453e+01	1.674121e+03
1.720000e-06	6.861009e-06	2.550015e-08	4.918339e+01	1.672796e+03
1.730000e-06	6.843360e-06	2.547545e-08	4.905688e+01	1.671302e+03
1.740000e-06	6.823523e-06	2.541783e-08	4.891468e+01	1.669646e+03
1.750000e-06	6.800855e-06	2.536675e-08	4.875218e+01	1.667842e+03
1.760000e-06	6.774978e-06	2.536471e-08	4.856668e+01	1.665914e+03
1.770000e-06	6.746285e-06	2.535041e-08	4.836099e+01	1.663889e+03
1.780000e-06	6.715217e-06	2.532785e-08	4.813828e+01	1.661792e+03
1.790000e-06	6.682330e-06	2.532137e-08	4.790253e+01	1.659638e+03
1.800000e-06	6.648054e-06	2.526488e-08	4.765682e+01	1.657428e+03
1.810000e-06	6.611862e-06	2.520113e-08	4.739738e+01	1.655142e+03
1.820000e-06	6.573140e-06	2.521439e-08	4.711980e+01	1.652737e+03
1.830000e-06	6.532148e-06	2.517664e-08	4.682594e+01	1.650159e+03
1.840000e-06	6.489012e-06	2.515797e-08	4.651672e+01	1.647345e+03
1.850000e-06	6.443529e-06	2.514385e-08	4.619068e+01	1.644238e+03
1.860000e-06	6.395693e-06	2.502758e-08	4.584776e+01	1.640798e+03
1.870000e-06	6.345410e-06	2.497018e-08	4.548730e+01	1.637011e+03
1.880000e-06	6.292706e-06	2.489011e-08	4.510949e+01	1.632887e+03
1.890000e-06	6.237423e-06	2.482339e-08	4.471319e+01	1.628462e+03
1.900000e-06	6.179596e-06	2.479358e-08	4.429866e+01	1.623781e+03
1.910000e-06	6.119555e-06	2.471133e-08	4.386826e+01	1.618893e+03
1.920000e-06	6.057168e-06	2.465646e-08	4.342103e+01	1.613833e+03
1.930000e-06	5.992502e-06	2.455445e-08	4.295747e+01	1.608616e+03
1.940000e-06	5.925736e-06	2.446152e-08	4.247886e+01	1.603230e+03
1.950000e-06	5.856746e-06	2.438468e-08	4.198430e+01	1.597645e+03
1.960000e-06	5.785380e-06	2.428139e-08	4.147271e+01	1.591816e+03
1.970000e-06	5.711710e-06	2.421248e-08	4.094460e+01	1.585697e+03
1.980000e-06	5.635887e-06	2.409401e-08	4.040107e+01	1.579251e+03
1.990000e-06	5.557762e-06	2.399638e-08	3.984102e+01	1.572461e+03
2.000000e-06	5.477465e-06	2.389162e-08	3.926541e+01	1.565327e+03
2.010000e-06	5.395293e-06	2.376989e-08	3.867635e+01	1.557864e+03
2.020000e-06	5.311306e-06	2.366885e-08	3.807429e+01	1.550095e+03
2.030000e-06	5.225366e-06	2.354177e-08	3.745823e+01	1.542035e+03
2.040000e-06	5.137406e-06	2.342000e-08	3.682768e+01	1.533691e+03
2.050000e-06	5.047679e-06	2.327155e-08	3.618447e+01	1.525046e+03
2.060000e-06	4.956361e-06	2.313015e-08	3.552986e+01	1.516069e+03
2.070000e-06	4.863388e-06	2.298789e-08	3.486338e+01	1.506716e+03
2.080000e-06	4.768572e-06	2.283764e-08	3.418368e+01	1.496944e+03
2.090000e-06	4.671970e-06	2.268971e-08	3.349119e+01	1.486715e+03
2.100000e-06	4.573832e-06	2.252906e-08	3.278768e+01	1.476009e+03
2.110000e-06	4.474267e-06	2.236786e-08	3.207395e+01	1.464824e+03
2.120000e-06	4.373121e-06	2.218892e-08	3.134888e+01	1.453171e+03
2.130000e-06	4.270252e-06	2.200301e-08	3.061146e+01	1.441063e+03
2.140000e-06	4.165794e-06	2.180650e-08	2.986265e+01	1.428509e+03
2.150000e-06	4.059840e-06	2.160603e-08	2.910311e+01	1.415498e+03
2.160000e-06	3.952485e-06	2.139941e-08	2.833354e+01	1.401997e+03
2.170000e-06	3.843764e-06	2.118866e-08	2.755416e+01	1.387952e+03
2.180000e-06	3.733610e-06	2.097129e-08	2.676452e+01	1.373294e+03
2.190000e-06	3.621999e-06	2.074066e-08	2.596444e+01	1.357950e+03
2.200000e-06	3.508943e-06	2.049917e-08	2.515399e+01	1.341857e+03
2.210000e-06	3.394545e-06	2.024280e-08	2.433392e+01	1.324971e+03
2.220000e-06	3.278786e-06	1.997598e-08	2.350410e+01	1.307264e+03
2.230000e-06	3.161576e-06	1.969643e-08	2.266388e+01	1.288727e+03
2.240000e-06	3.043036e-06	1.940208e-08	2.181412e+01	1.269350e+03
2.250000e-06	2.923334e-06	1.908870e-08	2.095603e+01	1.249115e+03
2.260000e-06	2.802508e-06	1.876207e-08	2.008988e+01	1.227977e+03
2.270000e-06	2.680662e-06	1.842209e-08	1.921642e+01	1.205858e+03
2.280000e-06	2.557927e-06	1.807088e-08	1.833659e+01	1.182647e+03
2.290000e-06	2.434330e-06	1.770400e-08	1.745059e+01	1.158210e+03
2.300000e-06	2.309836e-06	1.731701e-08	1.655815e+01	1.132399e+03
2.310000e-06	2.184473e-06	1.690335e-08	1.565947e+01	1.105071e+03
2.320000e-06	2.058323e-06	1.645885e-08	1.475517e+01	1.076096e+03
2.330000e-06	1.931473e-06	1.598573e-08	1.384583e+01	1.045361e+03
2.340000e-06	1.803978e-06	1.548594e-08	1.293188e+01	1.012767e+03
2.350000e-06	1.675845e-06	1.496087e-08	1.201336e+01	9.782070e+02
2.360000e-06	1.547115e-06	1.440235e-08	1.109055e+01	9.415600e+02
2.370000e-06	1.417854e-06	1.380787e-08	1.016394e+01	9.026732e+02
2.380000e-06	1.288172e-06	1.317575e-08	9.234311e+00	8.613644e+02
2.390000e-06	1.158173e-06	1.250530e-08	8.302403e+00	8.174380e+02
2.400000e-06	1.027843e-06	1.179465e-08	7.368128e+00	7.707161e+02
2.410000e-06	8.971747e-07	1.104010e-08	6.431430e+00	7.210823e+02
2.420000e-06	7.661970e-07	1.023986e-08	5.492512e+00	6.685263e+02
2.430000e-06	6.350093e-07	9.395426e-09	4.552087e+00	6.131795e+02
2.440000e-06	5.036582e-07	8.512039e-09	3.610492e+00	5.553296e+02
2.450000e-06	3.721295e-07	7.596680e-09	2.667624e+00	4.954059e+02
2.460000e-06	2.404745e-07	6.658080e-09	1.723851e+00	4.339339e+02
2.470000e-06	1.087178e-07	5.704558e-09	7.793476e-01	3.714646e+02
2.480000e-06	-2.312950e-08	4.742961e-09	-1.658047e-01	3.084903e+02
2.490000e-06	-1.550063e-07	3.778459e-09	-1.111168e+00	2.453640e+02
2.500000e-06	-2.868103e-07	2.812732e-09	-2.056010e+00	1.822408e+02
2.510000e-06	-4.185094e-07	1.845690e-09	-3.000100e+00	1.190545e+02
2.520000e-06	-5.501024e-07	8.739700e-10	-3.943430e+00	5.553957e+01
2.530000e-06	-6.815367e-07	-1.106449e-10	-4.885621e+00	-8.704658e+00
2.540000e-06	-8.127761e-07	-1.111879e-09	-5.826416e+00	-7.411616e+01
2.550000e-06	-9.437180e-07	-2.130702e-09	-6.765077e+00	-1.410580e+02
2.560000e-06	-1.074332e-06	-3.172636e-09	-7.701391e+00	-2.097126e+02
2.570000e-06	-1.204665e-06	-4.240891e-09	-8.635685e+00	-2.800042e+02
2.580000e-06	-1.334670e-06	-5.330518e-09	-9.567630e+00	-3.515649e+02
2.590000e-06	-1.464281e-06	-6.433023e-09	-1.049675e+01	-4.237512e+02
2.600000e-06	-1.593383e-06	-7.534549e-09	-1.142223e+01	-4.957090e+02
2.610000e-06	-1.721886e-06	-8.618769e-09	-1.234340e+01	-5.664732e+02
2.620000e-06	-1.849714e-06	-9.670448e-09	-1.325974e+01	-6.350846e+02
2.630000e-06	-1.976872e-06	-1.067539e-08	-1.417128e+01	-7.007011e+02
2.640000e-06	-2.103340e-06	-1.162226e-08	-1.507787e+01	-7.626846e+02
2.650000e-06	-2.228953e-06	-1.250688e-08	-1.597833e+01	-8.206500e+02
2.660000e-06	-2.353600e-06	-1.332901e-08	-1.687187e+01	-8.744720e+02
2.670000e-06	-2.477279e-06	-1.409032e-08	-1.775847e+01	-9.242521e+02
2.680000e-06	-2.600000e-06	-1.479710e-08	-1.863820e+01	-9.702586e+02
2.690000e-06	-2.721764e-06	-1.545492e-08	-1.951107e+01	-1.012853e+03
2.700000e-06	-2.842572e-06	-1.606757e-08	-2.037708e+01	-1.052419e+03
2.710000e-06	-2.962325e-06	-1.663745e-08	-2.123554e+01	-1.089308e+03
2.720000e-06	-3.080910e-06	-1.716981e-08	-2.208561e+01	-1.123810e+03
2.730000e-06	-3.198282e-06	-1.766632e-08	-2.292700e+01	-1.156141e+03
2.740000e-06	-3.314335e-06	-1.812894e-08	-2.375894e+01	-1.186457e+03
2.750000e-06	-3.429006e-06	-1.856079e-08	-2.458096e+01	-1.214880e+03
2.760000e-06	-3.542328e-06	-1.896336e-08	-2.539331e+01	-1.241519e+03
2.770000e-06	-3.654219e-06	-1.934209e-08	-2.619540e+01	-1.266490e+03
2.780000e-06	-3.764679e-06	-1.970245e-08	-2.698724e+01	-1.289927e+03
2.790000e-06	-3.873917e-06	-2.004423e-08	-2.777032e+01	-1.311978e+03
2.800000e-06	-3.981947e-06	-2.036423e-08	-2.854474e+01	-1.332792e+03
2.810000e-06	-4.088676e-06	-2.066512e-08	-2.930983e+01	-1.352504e+03
2.820000e-06	-4.194025e-06	-2.095173e-08	-3.006502e+01	-1.371226e+03
2.830000e-06	-4.297795e-06	-2.122456e-08	-3.080890e+01	-1.389035e+03
2.840000e-06	-4.399889e-06	-2.148390e-08	-3.154076e+01	-1.405977e+03
2.850000e-06	-4.500380e-06	-2.172798e-08	-3.226114e+01	-1.422074e+03
2.860000e-06	-4.599328e-06	-2.195749e-08	-3.297045e+01	-1.437340e+03
2.870000e-06	-4.696791e-06	-2.217462e-08	-3.366912e+01	-1.451791e+03
2.880000e-06	-4.792628e-06	-2.238185e-08	-3.435613e+01	-1.465457e+03
2.890000e-06	-4.886674e-06	-2.258284e-08	-3.503030e+01	-1.478387e+03
2.900000e-06	-4.978930e-06	-2.277517e-08	-3.569164e+01	-1.490642e+03
2.910000e-06	-5.069395e-06	-2.295755e-08	-3.634015e+01	-1.502293e+03
2.920000e-06	-5.158062e-06	-2.313005e-08	-3.697576e+01	-1.513404e+03
2.930000e-06	-5.244812e-06	-2.329219e-08	-3.759763e+01	-1.524027e+03
2.940000e-06	-5.329607e-06	-2.344373e-08	-3.820549e+01	-1.534194e+03
2.950000e-06	-5.412534e-06	-2.358843e-08	-3.879995e+01	-1.543918e+03
2.960000e-06	-5.493614e-06	-2.372757e-08	-3.938118e+01	-1.553196e+03
2.970000e-06	-5.572591e-06	-2.385912e-08	-3.994732e+01	-1.562016e+03
2.980000e-06	-5.649263e-06	-2.398283e-08	-4.049695e+01	-1.570370e+03
2.990000e-06	-5.723783e-06	-2.410253e-08	-4.103115e+01	-1.578256e+03
3.000000e-06	-5.796314e-06	-2.421835e-08	-4.155109e+01	-1.585684e+03
3.010000e-06	-5.866701e-06	-2.432667e-08	-4.205566e+01	-1.592679e+03
3.020000e-06	-5.934814e-06	-2.442747e-08	-4.254393e+01	-1.599271e+03
3.030000e-06	-6.000853e-06	-2.452088e-08	-4.301734e+01	-1.605495e+03
3.040000e-06	-6.064859e-06	-2.460866e-08	-4.347617e+01	-1.611383e+03
3.050000e-06	-6.126691e-06	-2.469052e-08	-4.391941e+01	-1.616961e+03
3.060000e-06	-6.186261e-06	-2.476754e-08	-4.434644e+01	-1.622247e+03
3.070000e-06	-6.243650e-06	-2.484243e-08	-4.475783e+01	-1.627250e+03
3.080000e-06	-6.298879e-06	-2.491588e-08	-4.515375e+01	-1.631979e+03
3.090000e-06	-6.351694e-06	-2.498605e-08	-4.553235e+01	-1.636440e+03
3.100000e-06	-6.401851e-06	-2.505086e-08	-4.589191e+01	-1.640641e+03
3.110000e-06	-6.449390e-06	-2.511135e-08	-4.623269e+01	-1.644594e+03
3.120000e-06	-6.494722e-06	-2.516973e-08	-4.655765e+01	-1.648310e+03
3.130000e-06	-6.538033e-06	-2.522397e-08	-4.686813e+01	-1.651799e+03
3.140000e-06	-6.579192e-06	-2.527191e-08	-4.716318e+01	-1.655066e+03
3.150000e-06	-6.618071e-06	-2.531602e-08	-4.744188e+01	-1.658111e+03
3.160000e-06	-6.654592e-06	-2.535846e-08	-4.770368e+01	-1.660925e+03
3.170000e-06	-6.688730e-06	-2.539869e-08	-4.794841e+01	-1.663499e+03
3.180000e-06	-6.720453e-06	-2.543422e-08	-4.817582e+01	-1.665821e+03
3.190000e-06	-6.749727e-06	-2.546523e-08	-4.838567e+01	-1.667884e+03
3.200000e-06	-6.776558e-06	-2.549351e-08	-4.857801e+01	-1.669687e+03
3.210000e-06	-6.800999e-06	-2.551798e-08	-4.875321e+01	-1.671238e+03
3.220000e-06	-6.822951e-06	-2.553843e-08	-4.891058e+01	-1.672553e+03
3.230000e-06	-6.842458e-06	-2.555531e-08	-4.905042e+01	-1.673652e+03
3.240000e-06	-6.859564e-06	-2.556865e-08	-4.917304e+01	-1.674557e+03
3.250000e-06	-6.874050e-06	-2.557939e-08	-4.927688e+01	-1.675284e+03
3.260000e-06	-6.885766e-06	-2.558738e-08	-4.936087e+01	-1.675846e+03
3.270000e-06	-6.894941e-06	-2.559274e-08	-4.942664e+01	-1.676248e+03
3.280000e-06	-6.901680e-06	-2.559620e-08	-4.947495e+01	-1.676491e+03
3.290000e-06	-6.905889e-06	-2.559816e-08	-4.950512e+01	-1.676571e+03
3.300000e-06	-6.907709e-06	-2.559619e-08	-4.951816e+01	-1.676485e+03
