# Temperatura_=_77.42
# Concentracion g/m^3_=_28200.0
# C_Vs_to_Am_M_A/Vsm_=_65563218390.804596
# pendiente_HvsI_1/m_=_3716.3
# ordenada_HvsI_A/m_=_1297.0
# frecuencia_Hz_=_302297.1730917468

Tiempo_(s)	Campo_(V.s)	Magnetizacion_(V.s)	Campo_(kA/m)	Magnetizacion_(A/m)
0.000000e+00	-6.847854e-06	-2.777711e-08	-4.951624e+01	-1.818519e+03
1.000000e-08	-6.845021e-06	-2.777060e-08	-4.949575e+01	-1.818031e+03
2.000000e-08	-6.839881e-06	-2.775919e-08	-4.945858e+01	-1.817366e+03
3.000000e-08	-6.832651e-06	-2.774625e-08	-4.940631e+01	-1.816530e+03
4.000000e-08	-6.823164e-06	-2.773181e-08	-4.933771e+01	-1.815522e+03
5.000000e-08	-6.811213e-06	-2.771493e-08	-4.925129e+01	-1.814337e+03
6.000000e-08	-6.796727e-06	-2.769567e-08	-4.914654e+01	-1.812962e+03
7.000000e-08	-6.779833e-06	-2.766771e-08	-4.902438e+01	-1.811384e+03
8.000000e-08	-6.760850e-06	-2.763307e-08	-4.888712e+01	-1.809598e+03
9.000000e-08	-6.739652e-06	-2.764833e-08	-4.873383e+01	-1.807610e+03
1.000000e-07	-6.715818e-06	-2.763963e-08	-4.856149e+01	-1.805441e+03
1.100000e-07	-6.689208e-06	-2.755971e-08	-4.836908e+01	-1.803129e+03
1.200000e-07	-6.660043e-06	-2.749744e-08	-4.815819e+01	-1.800717e+03
1.300000e-07	-6.628683e-06	-2.745810e-08	-4.793143e+01	-1.798244e+03
1.400000e-07	-6.595214e-06	-2.737962e-08	-4.768942e+01	-1.795733e+03
1.500000e-07	-6.559898e-06	-2.733812e-08	-4.743405e+01	-1.793179e+03
1.600000e-07	-6.522812e-06	-2.738882e-08	-4.716588e+01	-1.790548e+03
1.700000e-07	-6.483665e-06	-2.728714e-08	-4.688281e+01	-1.787774e+03
1.800000e-07	-6.442306e-06	-2.721496e-08	-4.658375e+01	-1.784775e+03
1.900000e-07	-6.398428e-06	-2.719585e-08	-4.626647e+01	-1.781465e+03
2.000000e-07	-6.352114e-06	-2.705317e-08	-4.593158e+01	-1.777776e+03
2.100000e-07	-6.303373e-06	-2.700604e-08	-4.557914e+01	-1.773668e+03
2.200000e-07	-6.251961e-06	-2.695624e-08	-4.520738e+01	-1.769141e+03
2.300000e-07	-6.198073e-06	-2.687810e-08	-4.481773e+01	-1.764229e+03
2.400000e-07	-6.141859e-06	-2.682691e-08	-4.441125e+01	-1.758992e+03
2.500000e-07	-6.083254e-06	-2.672840e-08	-4.398748e+01	-1.753500e+03
2.600000e-07	-6.022377e-06	-2.665382e-08	-4.354729e+01	-1.747810e+03
2.700000e-07	-5.959360e-06	-2.656163e-08	-4.309161e+01	-1.741954e+03
2.800000e-07	-5.894084e-06	-2.645848e-08	-4.261961e+01	-1.735930e+03
2.900000e-07	-5.826569e-06	-2.636547e-08	-4.213141e+01	-1.729703e+03
3.000000e-07	-5.756894e-06	-2.625962e-08	-4.162760e+01	-1.723212e+03
3.100000e-07	-5.685088e-06	-2.616568e-08	-4.110838e+01	-1.716395e+03
3.200000e-07	-5.611042e-06	-2.604059e-08	-4.057295e+01	-1.709197e+03
3.300000e-07	-5.534684e-06	-2.593149e-08	-4.002082e+01	-1.701591e+03
3.400000e-07	-5.456017e-06	-2.580886e-08	-3.945198e+01	-1.693579e+03
3.500000e-07	-5.375173e-06	-2.568176e-08	-3.886741e+01	-1.685191e+03
3.600000e-07	-5.292499e-06	-2.556266e-08	-3.826960e+01	-1.676470e+03
3.700000e-07	-5.208144e-06	-2.541552e-08	-3.765963e+01	-1.667458e+03
3.800000e-07	-5.122099e-06	-2.527619e-08	-3.703745e+01	-1.658181e+03
3.900000e-07	-5.034304e-06	-2.512212e-08	-3.640261e+01	-1.648633e+03
4.000000e-07	-4.944683e-06	-2.496307e-08	-3.575457e+01	-1.638776e+03
4.100000e-07	-4.853275e-06	-2.480298e-08	-3.509361e+01	-1.628550e+03
4.200000e-07	-4.760284e-06	-2.465004e-08	-3.442120e+01	-1.617883e+03
4.300000e-07	-4.665728e-06	-2.448960e-08	-3.373747e+01	-1.606712e+03
4.400000e-07	-4.569522e-06	-2.430743e-08	-3.304182e+01	-1.594993e+03
4.500000e-07	-4.471561e-06	-2.411951e-08	-3.233347e+01	-1.582714e+03
4.600000e-07	-4.371867e-06	-2.392139e-08	-3.161259e+01	-1.569892e+03
4.700000e-07	-4.270627e-06	-2.371763e-08	-3.088053e+01	-1.556560e+03
4.800000e-07	-4.167972e-06	-2.350497e-08	-3.013824e+01	-1.542752e+03
4.900000e-07	-4.063891e-06	-2.328834e-08	-2.938564e+01	-1.528485e+03
5.000000e-07	-3.958212e-06	-2.306249e-08	-2.862148e+01	-1.513749e+03
5.100000e-07	-3.850980e-06	-2.282765e-08	-2.784610e+01	-1.498495e+03
5.200000e-07	-3.742393e-06	-2.258429e-08	-2.706092e+01	-1.482648e+03
5.300000e-07	-3.632502e-06	-2.232879e-08	-2.626631e+01	-1.466118e+03
5.400000e-07	-3.521327e-06	-2.206238e-08	-2.546241e+01	-1.448816e+03
5.500000e-07	-3.408853e-06	-2.178217e-08	-2.464912e+01	-1.430671e+03
5.600000e-07	-3.294902e-06	-2.149213e-08	-2.382515e+01	-1.411642e+03
5.700000e-07	-3.179419e-06	-2.118819e-08	-2.299010e+01	-1.391714e+03
5.800000e-07	-3.062627e-06	-2.086850e-08	-2.214559e+01	-1.370891e+03
5.900000e-07	-2.944720e-06	-2.053419e-08	-2.129302e+01	-1.349174e+03
6.000000e-07	-2.825790e-06	-2.018917e-08	-2.043304e+01	-1.326542e+03
6.100000e-07	-2.705848e-06	-1.983070e-08	-1.956575e+01	-1.302938e+03
6.200000e-07	-2.584891e-06	-1.945459e-08	-1.869112e+01	-1.278262e+03
6.300000e-07	-2.462939e-06	-1.905700e-08	-1.780930e+01	-1.252374e+03
6.400000e-07	-2.339972e-06	-1.863557e-08	-1.692013e+01	-1.225114e+03
6.500000e-07	-2.216074e-06	-1.819149e-08	-1.602424e+01	-1.196316e+03
6.600000e-07	-2.091422e-06	-1.772427e-08	-1.512289e+01	-1.165829e+03
6.700000e-07	-1.966138e-06	-1.723354e-08	-1.421697e+01	-1.133526e+03
6.800000e-07	-1.840257e-06	-1.671681e-08	-1.330674e+01	-1.099305e+03
6.900000e-07	-1.713810e-06	-1.617055e-08	-1.239241e+01	-1.063071e+03
7.000000e-07	-1.586772e-06	-1.558781e-08	-1.147381e+01	-1.024717e+03
7.100000e-07	-1.459158e-06	-1.496662e-08	-1.055104e+01	-9.841060e+02
7.200000e-07	-1.331052e-06	-1.430623e-08	-9.624720e+00	-9.410542e+02
7.300000e-07	-1.202501e-06	-1.360545e-08	-8.695180e+00	-8.953427e+02
7.400000e-07	-1.073568e-06	-1.285963e-08	-7.762876e+00	-8.467426e+02
7.500000e-07	-9.442196e-07	-1.206685e-08	-6.827569e+00	-7.950603e+02
7.600000e-07	-8.144926e-07	-1.122847e-08	-5.889525e+00	-7.401924e+02
7.700000e-07	-6.845795e-07	-1.034410e-08	-4.950135e+00	-6.821753e+02
7.800000e-07	-5.545397e-07	-9.415648e-09	-4.009828e+00	-6.212173e+02
7.900000e-07	-4.242867e-07	-8.449183e-09	-3.067980e+00	-5.576990e+02
8.000000e-07	-2.938570e-07	-7.452579e-09	-2.124855e+00	-4.921387e+02
8.100000e-07	-1.633085e-07	-6.432886e-09	-1.180870e+00	-4.251226e+02
8.200000e-07	-3.261126e-08	-5.398701e-09	-2.358092e-01	-3.572142e+02
8.300000e-07	9.818645e-08	-4.355544e-09	7.099777e-01	-2.888584e+02
8.400000e-07	2.289885e-07	-3.308257e-09	1.655796e+00	-2.203043e+02
8.500000e-07	3.596423e-07	-2.258758e-09	2.600542e+00	-1.515628e+02
8.600000e-07	4.901111e-07	-1.205765e-09	3.543951e+00	-8.241464e+01
8.700000e-07	6.204764e-07	-1.428901e-10	4.486611e+00	-1.246849e+01
8.800000e-07	7.506814e-07	9.405159e-10	5.428112e+00	5.873781e+01
8.900000e-07	8.806189e-07	2.049272e-09	6.367679e+00	1.316129e+02
9.000000e-07	1.010292e-06	3.187212e-09	7.305334e+00	2.063887e+02
9.100000e-07	1.139649e-06	4.355513e-09	8.240701e+00	2.830234e+02
9.200000e-07	1.268612e-06	5.547818e-09	9.173224e+00	3.611519e+02
9.300000e-07	1.397139e-06	6.752455e-09	1.010259e+01	4.400934e+02
9.400000e-07	1.525057e-06	7.956021e-09	1.102756e+01	5.189162e+02
9.500000e-07	1.652328e-06	9.142242e-09	1.194784e+01	5.965465e+02
9.600000e-07	1.779011e-06	1.029042e-08	1.286387e+01	6.719004e+02
9.700000e-07	1.905106e-06	1.138341e-08	1.377565e+01	7.440137e+02
9.800000e-07	2.030568e-06	1.241290e-08	1.468286e+01	8.121459e+02
9.900000e-07	2.155341e-06	1.337578e-08	1.558508e+01	8.758426e+02
1.000000e-06	2.279366e-06	1.426837e-08	1.648190e+01	9.349472e+02
1.010000e-06	2.402552e-06	1.509444e-08	1.737264e+01	9.895664e+02
1.020000e-06	2.524783e-06	1.586210e-08	1.825649e+01	1.040002e+03
1.030000e-06	2.645991e-06	1.657273e-08	1.913293e+01	1.086666e+03
1.040000e-06	2.766146e-06	1.723103e-08	2.000176e+01	1.129996e+03
1.050000e-06	2.885225e-06	1.784623e-08	2.086281e+01	1.170393e+03
1.060000e-06	3.003284e-06	1.842061e-08	2.171649e+01	1.208180e+03
1.070000e-06	3.120309e-06	1.895727e-08	2.256269e+01	1.243595e+03
1.080000e-06	3.236095e-06	1.945764e-08	2.339992e+01	1.276808e+03
1.090000e-06	3.350534e-06	1.992534e-08	2.422742e+01	1.307941e+03
1.100000e-06	3.463653e-06	2.036484e-08	2.504537e+01	1.337110e+03
1.110000e-06	3.575423e-06	2.077951e-08	2.585357e+01	1.364439e+03
1.120000e-06	3.685930e-06	2.117123e-08	2.665264e+01	1.390076e+03
1.130000e-06	3.795292e-06	2.154096e-08	2.744342e+01	1.414187e+03
1.140000e-06	3.903429e-06	2.188968e-08	2.822536e+01	1.436944e+03
1.150000e-06	4.010163e-06	2.222084e-08	2.899714e+01	1.458504e+03
1.160000e-06	4.115383e-06	2.253458e-08	2.975798e+01	1.478997e+03
1.170000e-06	4.219073e-06	2.283274e-08	3.050775e+01	1.498510e+03
1.180000e-06	4.321262e-06	2.311572e-08	3.124667e+01	1.517098e+03
1.190000e-06	4.422009e-06	2.338130e-08	3.197516e+01	1.534784e+03
1.200000e-06	4.521202e-06	2.363174e-08	3.269242e+01	1.551582e+03
1.210000e-06	4.618660e-06	2.386869e-08	3.339713e+01	1.567509e+03
1.220000e-06	4.714361e-06	2.409745e-08	3.408913e+01	1.582597e+03
1.230000e-06	4.808380e-06	2.431738e-08	3.476898e+01	1.596899e+03
1.240000e-06	4.900785e-06	2.452670e-08	3.543715e+01	1.610481e+03
1.250000e-06	4.991449e-06	2.472492e-08	3.609274e+01	1.623416e+03
1.260000e-06	5.080211e-06	2.491420e-08	3.673457e+01	1.635772e+03
1.270000e-06	5.167096e-06	2.509399e-08	3.736282e+01	1.647600e+03
1.280000e-06	5.252209e-06	2.526338e-08	3.797827e+01	1.658933e+03
1.290000e-06	5.335558e-06	2.542468e-08	3.858096e+01	1.669779e+03
1.300000e-06	5.416942e-06	2.558086e-08	3.916944e+01	1.680137e+03
1.310000e-06	5.496250e-06	2.573071e-08	3.974291e+01	1.689996e+03
1.320000e-06	5.573545e-06	2.587413e-08	4.030181e+01	1.699355e+03
1.330000e-06	5.648750e-06	2.601106e-08	4.084562e+01	1.708220e+03
1.340000e-06	5.721749e-06	2.614272e-08	4.137347e+01	1.716611e+03
1.350000e-06	5.792595e-06	2.626800e-08	4.188575e+01	1.724557e+03
1.360000e-06	5.861432e-06	2.638459e-08	4.238351e+01	1.732091e+03
1.370000e-06	5.928192e-06	2.649534e-08	4.286624e+01	1.739242e+03
1.380000e-06	5.992758e-06	2.659899e-08	4.333311e+01	1.746029e+03
1.390000e-06	6.055212e-06	2.669631e-08	4.378471e+01	1.752459e+03
1.400000e-06	6.115657e-06	2.678771e-08	4.422178e+01	1.758534e+03
1.410000e-06	6.174001e-06	2.687316e-08	4.464367e+01	1.764251e+03
1.420000e-06	6.230097e-06	2.695429e-08	4.504929e+01	1.769610e+03
1.430000e-06	6.283876e-06	2.703105e-08	4.543816e+01	1.774624e+03
1.440000e-06	6.335125e-06	2.710340e-08	4.580874e+01	1.779313e+03
1.450000e-06	6.383781e-06	2.717140e-08	4.616057e+01	1.783711e+03
1.460000e-06	6.430079e-06	2.723605e-08	4.649534e+01	1.787852e+03
1.470000e-06	6.474214e-06	2.729776e-08	4.681448e+01	1.791768e+03
1.480000e-06	6.516087e-06	2.735450e-08	4.711725e+01	1.795478e+03
1.490000e-06	6.555515e-06	2.740629e-08	4.740236e+01	1.798984e+03
1.500000e-06	6.592675e-06	2.745545e-08	4.767105e+01	1.802276e+03
1.510000e-06	6.627616e-06	2.750169e-08	4.792371e+01	1.805327e+03
1.520000e-06	6.660128e-06	2.754330e-08	4.815880e+01	1.808108e+03
1.530000e-06	6.690239e-06	2.758024e-08	4.837654e+01	1.810596e+03
1.540000e-06	6.718074e-06	2.761395e-08	4.857781e+01	1.812777e+03
1.550000e-06	6.743476e-06	2.764448e-08	4.876149e+01	1.814654e+03
1.560000e-06	6.766371e-06	2.767007e-08	4.892704e+01	1.816243e+03
1.570000e-06	6.786962e-06	2.769067e-08	4.907593e+01	1.817572e+03
1.580000e-06	6.805157e-06	2.770614e-08	4.920750e+01	1.818670e+03
1.590000e-06	6.820763e-06	2.771773e-08	4.932034e+01	1.819564e+03
1.600000e-06	6.833811e-06	2.772650e-08	4.941469e+01	1.820272e+03
1.610000e-06	6.844198e-06	2.773294e-08	4.948980e+01	1.820801e+03
1.620000e-06	6.851922e-06	2.773822e-08	4.954565e+01	1.821148e+03
1.630000e-06	6.857263e-06	2.774380e-08	4.958427e+01	1.821308e+03
1.640000e-06	6.860217e-06	2.774804e-08	4.960563e+01	1.821276e+03
1.650000e-06	6.860669e-06	2.774858e-08	4.960890e+01	1.821050e+03
1.660000e-06	6.858824e-06	2.773968e-08	4.959556e+01	1.820635e+03
1.670000e-06	6.854776e-06	2.772576e-08	4.956629e+01	1.820038e+03
1.680000e-06	6.848323e-06	2.771253e-08	4.951962e+01	1.819268e+03
1.690000e-06	6.839543e-06	2.769677e-08	4.945614e+01	1.818328e+03
1.700000e-06	6.828606e-06	2.768063e-08	4.937706e+01	1.817213e+03
1.710000e-06	6.815287e-06	2.766529e-08	4.928074e+01	1.815914e+03
1.720000e-06	6.799562e-06	2.765617e-08	4.916704e+01	1.814417e+03
1.730000e-06	6.781748e-06	2.763440e-08	4.903823e+01	1.812712e+03
1.740000e-06	6.761789e-06	2.754190e-08	4.889391e+01	1.810801e+03
1.750000e-06	6.738912e-06	2.750085e-08	4.872848e+01	1.808699e+03
1.760000e-06	6.712807e-06	2.751202e-08	4.853973e+01	1.806438e+03
1.770000e-06	6.683956e-06	2.747588e-08	4.833110e+01	1.804059e+03
1.780000e-06	6.652839e-06	2.746112e-08	4.810610e+01	1.801606e+03
1.790000e-06	6.620007e-06	2.746759e-08	4.786870e+01	1.799108e+03
1.800000e-06	6.585811e-06	2.733866e-08	4.762142e+01	1.796574e+03
1.810000e-06	6.549608e-06	2.730863e-08	4.735965e+01	1.793979e+03
1.820000e-06	6.510866e-06	2.734204e-08	4.707951e+01	1.791270e+03
1.830000e-06	6.469968e-06	2.724631e-08	4.678377e+01	1.788369e+03
1.840000e-06	6.426901e-06	2.730499e-08	4.647236e+01	1.785190e+03
1.850000e-06	6.381495e-06	2.723163e-08	4.614403e+01	1.781656e+03
1.860000e-06	6.333746e-06	2.711273e-08	4.579877e+01	1.777715e+03
1.870000e-06	6.283571e-06	2.710129e-08	4.543596e+01	1.773350e+03
1.880000e-06	6.231029e-06	2.695004e-08	4.505603e+01	1.768582e+03
1.890000e-06	6.175900e-06	2.692105e-08	4.465740e+01	1.763465e+03
1.900000e-06	6.118232e-06	2.683951e-08	4.424040e+01	1.758064e+03
1.910000e-06	6.058360e-06	2.673075e-08	4.380747e+01	1.752446e+03
1.920000e-06	5.996140e-06	2.671065e-08	4.335756e+01	1.746653e+03
1.930000e-06	5.931734e-06	2.656064e-08	4.289185e+01	1.740698e+03
1.940000e-06	5.865266e-06	2.649481e-08	4.241123e+01	1.734556e+03
1.950000e-06	5.796600e-06	2.636822e-08	4.191471e+01	1.728176e+03
1.960000e-06	5.725579e-06	2.626231e-08	4.140116e+01	1.721494e+03
1.970000e-06	5.652272e-06	2.618378e-08	4.087109e+01	1.714450e+03
1.980000e-06	5.576869e-06	2.603248e-08	4.032585e+01	1.707006e+03
1.990000e-06	5.499095e-06	2.595571e-08	3.976348e+01	1.699151e+03
2.000000e-06	5.419140e-06	2.580563e-08	3.918533e+01	1.690905e+03
2.010000e-06	5.337342e-06	2.568972e-08	3.859385e+01	1.682308e+03
2.020000e-06	5.253835e-06	2.555106e-08	3.799003e+01	1.673406e+03
2.030000e-06	5.168463e-06	2.540147e-08	3.737271e+01	1.664232e+03
2.040000e-06	5.080993e-06	2.528153e-08	3.674021e+01	1.654793e+03
2.050000e-06	4.991718e-06	2.511637e-08	3.609468e+01	1.645063e+03
2.060000e-06	4.900862e-06	2.497243e-08	3.543770e+01	1.634990e+03
2.070000e-06	4.808469e-06	2.479214e-08	3.476962e+01	1.624504e+03
2.080000e-06	4.714280e-06	2.463159e-08	3.408855e+01	1.613537e+03
2.090000e-06	4.618271e-06	2.445376e-08	3.339431e+01	1.602036e+03
2.100000e-06	4.520697e-06	2.427414e-08	3.268877e+01	1.589976e+03
2.110000e-06	4.421705e-06	2.409270e-08	3.197296e+01	1.577364e+03
2.120000e-06	4.321310e-06	2.388951e-08	3.124702e+01	1.564227e+03
2.130000e-06	4.219244e-06	2.368217e-08	3.050898e+01	1.550602e+03
2.140000e-06	4.115451e-06	2.345664e-08	2.975847e+01	1.536515e+03
2.150000e-06	4.010135e-06	2.324090e-08	2.899694e+01	1.521966e+03
2.160000e-06	3.903524e-06	2.301043e-08	2.822604e+01	1.506923e+03
2.170000e-06	3.795616e-06	2.278134e-08	2.744577e+01	1.491319e+03
2.180000e-06	3.686293e-06	2.253409e-08	2.665526e+01	1.475068e+03
2.190000e-06	3.575479e-06	2.227538e-08	2.585398e+01	1.458078e+03
2.200000e-06	3.463255e-06	2.200246e-08	2.504250e+01	1.440271e+03
2.210000e-06	3.349714e-06	2.171943e-08	2.422149e+01	1.421592e+03
2.220000e-06	3.234852e-06	2.142447e-08	2.339093e+01	1.402017e+03
2.230000e-06	3.118611e-06	2.111445e-08	2.255040e+01	1.381545e+03
2.240000e-06	3.001010e-06	2.079257e-08	2.170005e+01	1.360179e+03
2.250000e-06	2.882211e-06	2.045273e-08	2.084102e+01	1.337911e+03
2.260000e-06	2.762234e-06	2.009963e-08	1.997348e+01	1.314698e+03
2.270000e-06	2.641219e-06	1.972719e-08	1.909842e+01	1.290457e+03
2.280000e-06	2.519339e-06	1.934175e-08	1.821712e+01	1.265063e+03
2.290000e-06	2.396676e-06	1.893571e-08	1.733015e+01	1.238362e+03
2.300000e-06	2.273244e-06	1.850847e-08	1.643763e+01	1.210187e+03
2.310000e-06	2.148983e-06	1.805226e-08	1.553911e+01	1.180379e+03
2.320000e-06	2.023934e-06	1.756855e-08	1.463489e+01	1.148803e+03
2.330000e-06	1.898215e-06	1.705584e-08	1.372582e+01	1.115346e+03
2.340000e-06	1.771839e-06	1.651570e-08	1.281201e+01	1.079914e+03
2.350000e-06	1.644729e-06	1.594883e-08	1.189289e+01	1.042407e+03
2.360000e-06	1.516933e-06	1.534754e-08	1.096881e+01	1.002702e+03
2.370000e-06	1.388598e-06	1.470700e-08	1.004083e+01	9.606327e+02
2.380000e-06	1.259870e-06	1.402332e-08	9.110011e+00	9.159933e+02
2.390000e-06	1.130795e-06	1.329651e-08	8.176682e+00	8.685537e+02
2.400000e-06	1.001414e-06	1.252230e-08	7.241136e+00	8.181004e+02
2.410000e-06	8.717272e-07	1.170347e-08	6.303383e+00	7.644880e+02
2.420000e-06	7.417296e-07	1.084181e-08	5.363382e+00	7.076927e+02
2.430000e-06	6.115432e-07	9.934827e-09	4.422015e+00	6.478534e+02
2.440000e-06	4.811894e-07	8.984158e-09	3.479438e+00	5.852851e+02
2.450000e-06	3.506907e-07	7.996451e-09	2.535814e+00	5.204586e+02
2.460000e-06	2.200878e-07	6.981732e-09	1.591436e+00	4.539434e+02
2.470000e-06	8.937019e-08	5.948947e-09	6.462281e-01	3.863234e+02
2.480000e-06	-4.142487e-08	4.904649e-09	-2.995396e-01	3.181011e+02
2.490000e-06	-1.722083e-07	3.853079e-09	-1.245223e+00	2.496096e+02
2.500000e-06	-3.029272e-07	2.798093e-09	-2.190440e+00	1.809555e+02
2.510000e-06	-4.335699e-07	1.740276e-09	-3.135106e+00	1.120057e+02
2.520000e-06	-5.640822e-07	6.752953e-10	-4.078829e+00	4.242638e+01
2.530000e-06	-6.944520e-07	-4.015796e-10	-5.021522e+00	-2.823070e+01
2.540000e-06	-8.246471e-07	-1.497950e-09	-5.962951e+00	-1.004106e+02
2.550000e-06	-9.545915e-07	-2.619954e-09	-6.902568e+00	-1.744283e+02
2.560000e-06	-1.084239e-06	-3.771959e-09	-7.840035e+00	-2.503583e+02
2.570000e-06	-1.213533e-06	-4.954622e-09	-8.774949e+00	-3.279649e+02
2.580000e-06	-1.342464e-06	-6.159431e-09	-9.707241e+00	-4.066867e+02
2.590000e-06	-1.470967e-06	-7.371834e-09	-1.063643e+01	-4.856795e+02
2.600000e-06	-1.598911e-06	-8.573725e-09	-1.156159e+01	-5.639105e+02
2.610000e-06	-1.726200e-06	-9.745902e-09	-1.248200e+01	-6.402835e+02
2.620000e-06	-1.852764e-06	-1.087098e-08	-1.339718e+01	-7.137728e+02
2.630000e-06	-1.978622e-06	-1.193642e-08	-1.430724e+01	-7.835403e+02
2.640000e-06	-2.103738e-06	-1.293439e-08	-1.521195e+01	-8.490148e+02
2.650000e-06	-2.228021e-06	-1.386295e-08	-1.611062e+01	-9.099244e+02
2.660000e-06	-2.351403e-06	-1.472453e-08	-1.700279e+01	-9.662792e+02
2.670000e-06	-2.473841e-06	-1.552378e-08	-1.788813e+01	-1.018314e+03
2.680000e-06	-2.595390e-06	-1.626666e-08	-1.876704e+01	-1.066408e+03
2.690000e-06	-2.716044e-06	-1.695737e-08	-1.963948e+01	-1.110997e+03
2.700000e-06	-2.835659e-06	-1.759909e-08	-2.050440e+01	-1.152503e+03
2.710000e-06	-2.954145e-06	-1.819502e-08	-2.136116e+01	-1.191282e+03
2.720000e-06	-3.071504e-06	-1.875177e-08	-2.220978e+01	-1.227607e+03
2.730000e-06	-3.187636e-06	-1.927417e-08	-2.304952e+01	-1.261668e+03
2.740000e-06	-3.302398e-06	-1.976111e-08	-2.387935e+01	-1.293606e+03
2.750000e-06	-3.415781e-06	-2.021406e-08	-2.469922e+01	-1.323533e+03
2.760000e-06	-3.527805e-06	-2.063915e-08	-2.550925e+01	-1.351569e+03
2.770000e-06	-3.638453e-06	-2.104071e-08	-2.630933e+01	-1.377852e+03
2.780000e-06	-3.747819e-06	-2.142198e-08	-2.710016e+01	-1.402542e+03
2.790000e-06	-3.855996e-06	-2.178252e-08	-2.788237e+01	-1.425811e+03
2.800000e-06	-3.962910e-06	-2.211990e-08	-2.865546e+01	-1.447825e+03
2.810000e-06	-4.068484e-06	-2.243763e-08	-2.941886e+01	-1.468724e+03
2.820000e-06	-4.172645e-06	-2.273936e-08	-3.017203e+01	-1.488615e+03
2.830000e-06	-4.275289e-06	-2.302807e-08	-3.091424e+01	-1.507562e+03
2.840000e-06	-4.376347e-06	-2.330615e-08	-3.164499e+01	-1.525601e+03
2.850000e-06	-4.475824e-06	-2.357057e-08	-3.236429e+01	-1.542747e+03
2.860000e-06	-4.573785e-06	-2.381924e-08	-3.307264e+01	-1.559014e+03
2.870000e-06	-4.670202e-06	-2.405189e-08	-3.376982e+01	-1.574427e+03
2.880000e-06	-4.764983e-06	-2.427088e-08	-3.445518e+01	-1.589031e+03
2.890000e-06	-4.857995e-06	-2.448206e-08	-3.512774e+01	-1.602887e+03
2.900000e-06	-4.949209e-06	-2.468774e-08	-3.578730e+01	-1.616068e+03
2.910000e-06	-5.038669e-06	-2.488649e-08	-3.643418e+01	-1.628645e+03
2.920000e-06	-5.126273e-06	-2.507546e-08	-3.706763e+01	-1.640676e+03
2.930000e-06	-5.211921e-06	-2.525330e-08	-3.768695e+01	-1.652202e+03
2.940000e-06	-5.295643e-06	-2.542010e-08	-3.829233e+01	-1.663239e+03
2.950000e-06	-5.377564e-06	-2.557748e-08	-3.888470e+01	-1.673790e+03
2.960000e-06	-5.457577e-06	-2.572799e-08	-3.946327e+01	-1.683846e+03
2.970000e-06	-5.535454e-06	-2.587267e-08	-4.002639e+01	-1.693402e+03
2.980000e-06	-5.611128e-06	-2.601160e-08	-4.057358e+01	-1.702460e+03
2.990000e-06	-5.684742e-06	-2.614291e-08	-4.110588e+01	-1.711034e+03
3.000000e-06	-5.756328e-06	-2.626618e-08	-4.162351e+01	-1.719152e+03
3.010000e-06	-5.825751e-06	-2.638290e-08	-4.212549e+01	-1.726844e+03
3.020000e-06	-5.893042e-06	-2.649369e-08	-4.261208e+01	-1.734143e+03
3.030000e-06	-5.958325e-06	-2.660008e-08	-4.308413e+01	-1.741072e+03
3.040000e-06	-6.021556e-06	-2.670061e-08	-4.354135e+01	-1.747642e+03
3.050000e-06	-6.082542e-06	-2.679354e-08	-4.398233e+01	-1.753858e+03
3.060000e-06	-6.141288e-06	-2.688102e-08	-4.440712e+01	-1.759716e+03
3.070000e-06	-6.197902e-06	-2.696455e-08	-4.481649e+01	-1.765215e+03
3.080000e-06	-6.252314e-06	-2.704373e-08	-4.520994e+01	-1.770363e+03
3.090000e-06	-6.304256e-06	-2.711861e-08	-4.558553e+01	-1.775177e+03
3.100000e-06	-6.353556e-06	-2.718750e-08	-4.594201e+01	-1.779686e+03
3.110000e-06	-6.400400e-06	-2.725112e-08	-4.628073e+01	-1.783924e+03
3.120000e-06	-6.445124e-06	-2.731305e-08	-4.660413e+01	-1.787925e+03
3.130000e-06	-6.487809e-06	-2.737127e-08	-4.691278e+01	-1.791715e+03
3.140000e-06	-6.528344e-06	-2.742521e-08	-4.720589e+01	-1.795303e+03
3.150000e-06	-6.566524e-06	-2.747675e-08	-4.748196e+01	-1.798682e+03
3.160000e-06	-6.602290e-06	-2.752599e-08	-4.774058e+01	-1.801831e+03
3.170000e-06	-6.635781e-06	-2.757128e-08	-4.798276e+01	-1.804722e+03
3.180000e-06	-6.666872e-06	-2.760925e-08	-4.820757e+01	-1.807328e+03
3.190000e-06	-6.695482e-06	-2.764261e-08	-4.841445e+01	-1.809631e+03
3.200000e-06	-6.721703e-06	-2.767190e-08	-4.860405e+01	-1.811626e+03
3.210000e-06	-6.745573e-06	-2.769783e-08	-4.877665e+01	-1.813326e+03
3.220000e-06	-6.766997e-06	-2.772149e-08	-4.893157e+01	-1.814754e+03
3.230000e-06	-6.786026e-06	-2.774297e-08	-4.906916e+01	-1.815939e+03
3.240000e-06	-6.802726e-06	-2.776020e-08	-4.918992e+01	-1.816912e+03
3.250000e-06	-6.816758e-06	-2.777328e-08	-4.929138e+01	-1.817692e+03
3.260000e-06	-6.828017e-06	-2.778234e-08	-4.937280e+01	-1.818291e+03
3.270000e-06	-6.836807e-06	-2.778854e-08	-4.943636e+01	-1.818710e+03
3.280000e-06	-6.843148e-06	-2.779185e-08	-4.948221e+01	-1.818945e+03
3.290000e-06	-6.846974e-06	-2.779131e-08	-4.950988e+01	-1.818989e+03
3.300000e-06	-6.848466e-06	-2.778593e-08	-4.952066e+01	-1.818840e+03
