# Temperatura_=_40.92
# Concentracion g/m^3_=_28200.0
# C_Vs_to_Am_M_A/Vsm_=_65563218390.804596
# pendiente_HvsI_1/m_=_3716.3
# ordenada_HvsI_A/m_=_1297.0
# frecuencia_Hz_=_302272.13565777545

Tiempo_(s)	Campo_(V.s)	Magnetizacion_(V.s)	Campo_(kA/m)	Magnetizacion_(A/m)
0.000000e+00	-6.917260e-06	-2.453924e-08	-4.952022e+01	-1.606010e+03
1.000000e-08	-6.914050e-06	-2.453442e-08	-4.949724e+01	-1.605637e+03
2.000000e-08	-6.908547e-06	-2.452216e-08	-4.945785e+01	-1.605078e+03
3.000000e-08	-6.900897e-06	-2.451038e-08	-4.940308e+01	-1.604326e+03
4.000000e-08	-6.890875e-06	-2.449772e-08	-4.933134e+01	-1.603383e+03
5.000000e-08	-6.878302e-06	-2.447998e-08	-4.924133e+01	-1.602262e+03
6.000000e-08	-6.863178e-06	-2.445968e-08	-4.913305e+01	-1.600982e+03
7.000000e-08	-6.845671e-06	-2.443323e-08	-4.900772e+01	-1.599569e+03
8.000000e-08	-6.826129e-06	-2.440278e-08	-4.886782e+01	-1.598053e+03
9.000000e-08	-6.804380e-06	-2.443351e-08	-4.871212e+01	-1.596459e+03
1.000000e-07	-6.779930e-06	-2.443009e-08	-4.853709e+01	-1.594811e+03
1.100000e-07	-6.752652e-06	-2.435401e-08	-4.834181e+01	-1.593120e+03
1.200000e-07	-6.722901e-06	-2.430995e-08	-4.812882e+01	-1.591387e+03
1.300000e-07	-6.691002e-06	-2.428598e-08	-4.790046e+01	-1.589595e+03
1.400000e-07	-6.656993e-06	-2.418732e-08	-4.765699e+01	-1.587716e+03
1.500000e-07	-6.621112e-06	-2.411672e-08	-4.740012e+01	-1.585708e+03
1.600000e-07	-6.583355e-06	-2.423210e-08	-4.712982e+01	-1.583524e+03
1.700000e-07	-6.543412e-06	-2.411541e-08	-4.684387e+01	-1.581115e+03
1.800000e-07	-6.501220e-06	-2.402579e-08	-4.654182e+01	-1.578440e+03
1.900000e-07	-6.456587e-06	-2.408695e-08	-4.622230e+01	-1.575474e+03
2.000000e-07	-6.409476e-06	-2.393365e-08	-4.588503e+01	-1.572205e+03
2.100000e-07	-6.359906e-06	-2.388931e-08	-4.553016e+01	-1.568646e+03
2.200000e-07	-6.307635e-06	-2.386781e-08	-4.515596e+01	-1.564821e+03
2.300000e-07	-6.252828e-06	-2.378562e-08	-4.476359e+01	-1.560765e+03
2.400000e-07	-6.195651e-06	-2.374505e-08	-4.435427e+01	-1.556516e+03
2.500000e-07	-6.136148e-06	-2.366197e-08	-4.392829e+01	-1.552099e+03
2.600000e-07	-6.074416e-06	-2.359773e-08	-4.348636e+01	-1.547530e+03
2.700000e-07	-6.010448e-06	-2.351598e-08	-4.302841e+01	-1.542802e+03
2.800000e-07	-5.944240e-06	-2.343525e-08	-4.255443e+01	-1.537892e+03
2.900000e-07	-5.875790e-06	-2.336195e-08	-4.206440e+01	-1.532765e+03
3.000000e-07	-5.805084e-06	-2.327049e-08	-4.155823e+01	-1.527380e+03
3.100000e-07	-5.732142e-06	-2.321331e-08	-4.103604e+01	-1.521702e+03
3.200000e-07	-5.656914e-06	-2.310283e-08	-4.049748e+01	-1.515709e+03
3.300000e-07	-5.579337e-06	-2.300206e-08	-3.994212e+01	-1.509391e+03
3.400000e-07	-5.499503e-06	-2.289369e-08	-3.937059e+01	-1.502755e+03
3.500000e-07	-5.417650e-06	-2.278325e-08	-3.878461e+01	-1.495818e+03
3.600000e-07	-5.334035e-06	-2.269297e-08	-3.818601e+01	-1.488598e+03
3.700000e-07	-5.248702e-06	-2.257409e-08	-3.757513e+01	-1.481108e+03
3.800000e-07	-5.161580e-06	-2.246461e-08	-3.695142e+01	-1.473344e+03
3.900000e-07	-5.072653e-06	-2.233351e-08	-3.631480e+01	-1.465290e+03
4.000000e-07	-4.981879e-06	-2.219518e-08	-3.566496e+01	-1.456914e+03
4.100000e-07	-4.889308e-06	-2.205061e-08	-3.500225e+01	-1.448174e+03
4.200000e-07	-4.795121e-06	-2.191692e-08	-3.432797e+01	-1.439031e+03
4.300000e-07	-4.699263e-06	-2.177841e-08	-3.364173e+01	-1.429450e+03
4.400000e-07	-4.601714e-06	-2.162046e-08	-3.294338e+01	-1.419413e+03
4.500000e-07	-4.502473e-06	-2.146063e-08	-3.223291e+01	-1.408913e+03
4.600000e-07	-4.401511e-06	-2.129319e-08	-3.151014e+01	-1.397956e+03
4.700000e-07	-4.299086e-06	-2.111825e-08	-3.077688e+01	-1.386551e+03
4.800000e-07	-4.195222e-06	-2.093800e-08	-3.003333e+01	-1.374700e+03
4.900000e-07	-4.089858e-06	-2.075733e-08	-2.927903e+01	-1.362391e+03
5.000000e-07	-3.982958e-06	-2.055962e-08	-2.851374e+01	-1.349596e+03
5.100000e-07	-3.874543e-06	-2.034902e-08	-2.773761e+01	-1.336267e+03
5.200000e-07	-3.764773e-06	-2.012912e-08	-2.695177e+01	-1.322345e+03
5.300000e-07	-3.653593e-06	-1.990103e-08	-2.615584e+01	-1.307766e+03
5.400000e-07	-3.541017e-06	-1.966315e-08	-2.534992e+01	-1.292474e+03
5.500000e-07	-3.427075e-06	-1.941727e-08	-2.453421e+01	-1.276424e+03
5.600000e-07	-3.311644e-06	-1.916565e-08	-2.370784e+01	-1.259589e+03
5.700000e-07	-3.194754e-06	-1.890031e-08	-2.287104e+01	-1.241949e+03
5.800000e-07	-3.076709e-06	-1.861871e-08	-2.202596e+01	-1.223492e+03
5.900000e-07	-2.957547e-06	-1.831950e-08	-2.117289e+01	-1.204194e+03
6.000000e-07	-2.837182e-06	-1.800985e-08	-2.031120e+01	-1.184013e+03
6.100000e-07	-2.715825e-06	-1.768366e-08	-1.944242e+01	-1.162881e+03
6.200000e-07	-2.593515e-06	-1.734048e-08	-1.856681e+01	-1.140701e+03
6.300000e-07	-2.470099e-06	-1.698107e-08	-1.768328e+01	-1.117355e+03
6.400000e-07	-2.345681e-06	-1.660331e-08	-1.679258e+01	-1.092713e+03
6.500000e-07	-2.220481e-06	-1.620505e-08	-1.589628e+01	-1.066643e+03
6.600000e-07	-2.094658e-06	-1.578287e-08	-1.499552e+01	-1.039021e+03
6.700000e-07	-1.968227e-06	-1.533593e-08	-1.409041e+01	-1.009733e+03
6.800000e-07	-1.841019e-06	-1.486491e-08	-1.317974e+01	-9.786717e+02
6.900000e-07	-1.713044e-06	-1.436539e-08	-1.226357e+01	-9.457284e+02
7.000000e-07	-1.584487e-06	-1.383034e-08	-1.134324e+01	-9.107806e+02
7.100000e-07	-1.455443e-06	-1.326075e-08	-1.041942e+01	-8.736853e+02
7.200000e-07	-1.325970e-06	-1.265514e-08	-9.492535e+00	-8.342800e+02
7.300000e-07	-1.196132e-06	-1.201462e-08	-8.563033e+00	-7.923966e+02
7.400000e-07	-1.065911e-06	-1.133629e-08	-7.630788e+00	-7.478874e+02
7.500000e-07	-9.352947e-07	-1.061774e-08	-6.695715e+00	-7.006612e+02
7.600000e-07	-8.043339e-07	-9.856457e-09	-5.758175e+00	-6.507208e+02
7.700000e-07	-6.730752e-07	-9.055002e-09	-4.818503e+00	-5.981932e+02
7.800000e-07	-5.415634e-07	-8.219314e-09	-3.877017e+00	-5.433434e+02
7.900000e-07	-4.099022e-07	-7.354571e-09	-2.934464e+00	-4.865633e+02
8.000000e-07	-2.780843e-07	-6.469255e-09	-1.990788e+00	-4.283351e+02
8.100000e-07	-1.460427e-07	-5.567860e-09	-1.045511e+00	-3.691713e+02
8.200000e-07	-1.387115e-08	-4.659599e-09	-9.930267e-02	-3.095418e+02
8.300000e-07	1.183528e-07	-3.751541e-09	8.472799e-01	-2.498008e+02
8.400000e-07	2.505278e-07	-2.844047e-09	1.793512e+00	-1.901301e+02
8.500000e-07	3.826082e-07	-1.937320e-09	2.739068e+00	-1.305107e+02
8.600000e-07	5.145726e-07	-1.028711e-09	3.683792e+00	-7.073227e+01
8.700000e-07	6.463207e-07	-1.125480e-10	4.626969e+00	-1.044168e+01
8.800000e-07	7.778269e-07	8.176918e-10	5.568413e+00	5.077745e+01
8.900000e-07	9.091101e-07	1.769435e-09	6.508261e+00	1.133066e+02
9.000000e-07	1.040085e-06	2.746026e-09	7.445905e+00	1.773944e+02
9.100000e-07	1.170670e-06	3.746543e-09	8.380755e+00	2.430776e+02
9.200000e-07	1.300821e-06	4.768676e-09	9.312494e+00	3.101358e+02
9.300000e-07	1.430503e-06	5.803299e-09	1.024088e+01	3.780894e+02
9.400000e-07	1.559689e-06	6.840507e-09	1.116572e+01	4.462411e+02
9.500000e-07	1.688336e-06	7.868553e-09	1.208669e+01	5.137532e+02
9.600000e-07	1.816323e-06	8.872100e-09	1.300294e+01	5.797450e+02
9.700000e-07	1.943527e-06	9.837112e-09	1.391359e+01	6.433948e+02
9.800000e-07	2.069985e-06	1.075389e-08	1.481889e+01	7.040268e+02
9.900000e-07	2.195738e-06	1.161949e-08	1.571915e+01	7.611697e+02
1.000000e-06	2.320756e-06	1.242853e-08	1.661415e+01	8.145801e+02
1.010000e-06	2.445000e-06	1.317888e-08	1.750360e+01	8.642300e+02
1.020000e-06	2.568383e-06	1.387621e-08	1.838689e+01	9.102666e+02
1.030000e-06	2.690737e-06	1.452616e-08	1.926281e+01	9.529535e+02
1.040000e-06	2.812044e-06	1.513042e-08	2.013124e+01	9.926093e+02
1.050000e-06	2.932300e-06	1.569289e-08	2.099215e+01	1.029553e+03
1.060000e-06	3.051410e-06	1.621668e-08	2.184485e+01	1.064067e+03
1.070000e-06	3.169434e-06	1.670498e-08	2.268977e+01	1.096381e+03
1.080000e-06	3.286374e-06	1.716254e-08	2.352694e+01	1.126669e+03
1.090000e-06	3.402048e-06	1.759376e-08	2.435504e+01	1.155066e+03
1.100000e-06	3.516266e-06	1.799893e-08	2.517272e+01	1.181689e+03
1.110000e-06	3.628991e-06	1.837804e-08	2.597971e+01	1.206649e+03
1.120000e-06	3.740346e-06	1.873406e-08	2.677690e+01	1.230067e+03
1.130000e-06	3.850474e-06	1.906971e-08	2.756530e+01	1.252075e+03
1.140000e-06	3.959400e-06	1.938769e-08	2.834509e+01	1.272808e+03
1.150000e-06	4.067018e-06	1.968756e-08	2.911552e+01	1.292394e+03
1.160000e-06	4.173167e-06	1.996976e-08	2.987544e+01	1.310946e+03
1.170000e-06	4.277672e-06	2.023696e-08	3.062358e+01	1.328551e+03
1.180000e-06	4.380570e-06	2.048898e-08	3.136022e+01	1.345270e+03
1.190000e-06	4.482021e-06	2.072584e-08	3.208651e+01	1.361141e+03
1.200000e-06	4.582024e-06	2.095218e-08	3.280241e+01	1.376191e+03
1.210000e-06	4.680357e-06	2.116900e-08	3.350638e+01	1.390443e+03
1.220000e-06	4.776805e-06	2.137357e-08	3.419684e+01	1.403931e+03
1.230000e-06	4.871430e-06	2.156562e-08	3.487426e+01	1.416695e+03
1.240000e-06	4.964427e-06	2.174795e-08	3.554001e+01	1.428789e+03
1.250000e-06	5.055776e-06	2.192235e-08	3.619398e+01	1.440270e+03
1.260000e-06	5.145203e-06	2.208927e-08	3.683418e+01	1.451193e+03
1.270000e-06	5.232676e-06	2.224699e-08	3.746039e+01	1.461601e+03
1.280000e-06	5.318313e-06	2.239688e-08	3.807346e+01	1.471521e+03
1.290000e-06	5.402145e-06	2.254094e-08	3.867361e+01	1.480962e+03
1.300000e-06	5.483996e-06	2.267930e-08	3.925958e+01	1.489921e+03
1.310000e-06	5.563722e-06	2.281028e-08	3.983033e+01	1.498390e+03
1.320000e-06	5.641463e-06	2.293320e-08	4.038687e+01	1.506364e+03
1.330000e-06	5.717147e-06	2.304804e-08	4.092869e+01	1.513849e+03
1.340000e-06	5.790527e-06	2.315521e-08	4.145401e+01	1.520865e+03
1.350000e-06	5.861705e-06	2.325455e-08	4.196357e+01	1.527449e+03
1.360000e-06	5.930888e-06	2.334819e-08	4.245885e+01	1.533649e+03
1.370000e-06	5.998006e-06	2.343949e-08	4.293934e+01	1.539515e+03
1.380000e-06	6.062885e-06	2.352592e-08	4.340380e+01	1.545091e+03
1.390000e-06	6.125567e-06	2.360641e-08	4.385254e+01	1.550413e+03
1.400000e-06	6.186283e-06	2.368204e-08	4.428720e+01	1.555499e+03
1.410000e-06	6.244884e-06	2.375422e-08	4.470672e+01	1.560354e+03
1.420000e-06	6.301148e-06	2.382409e-08	4.510952e+01	1.564971e+03
1.430000e-06	6.355127e-06	2.388948e-08	4.549595e+01	1.569338e+03
1.440000e-06	6.406672e-06	2.395049e-08	4.586496e+01	1.573443e+03
1.450000e-06	6.455522e-06	2.400817e-08	4.621467e+01	1.577280e+03
1.460000e-06	6.501851e-06	2.406252e-08	4.654634e+01	1.580850e+03
1.470000e-06	6.546097e-06	2.411447e-08	4.686309e+01	1.584161e+03
1.480000e-06	6.588054e-06	2.416198e-08	4.716346e+01	1.587228e+03
1.490000e-06	6.627504e-06	2.420634e-08	4.744587e+01	1.590061e+03
1.500000e-06	6.664760e-06	2.424660e-08	4.771259e+01	1.592671e+03
1.510000e-06	6.699765e-06	2.428193e-08	4.796319e+01	1.595061e+03
1.520000e-06	6.732259e-06	2.431359e-08	4.819581e+01	1.597231e+03
1.530000e-06	6.762308e-06	2.434218e-08	4.841093e+01	1.599176e+03
1.540000e-06	6.790118e-06	2.436818e-08	4.861002e+01	1.600891e+03
1.550000e-06	6.815430e-06	2.439081e-08	4.879123e+01	1.602377e+03
1.560000e-06	6.838083e-06	2.440983e-08	4.895340e+01	1.603638e+03
1.570000e-06	6.858452e-06	2.442512e-08	4.909922e+01	1.604689e+03
1.580000e-06	6.876519e-06	2.443919e-08	4.922856e+01	1.605548e+03
1.590000e-06	6.891977e-06	2.445101e-08	4.933922e+01	1.606237e+03
1.600000e-06	6.904767e-06	2.445934e-08	4.943079e+01	1.606778e+03
1.610000e-06	6.914780e-06	2.446498e-08	4.950247e+01	1.607186e+03
1.620000e-06	6.922127e-06	2.447024e-08	4.955506e+01	1.607469e+03
1.630000e-06	6.927093e-06	2.447480e-08	4.959062e+01	1.607625e+03
1.640000e-06	6.929623e-06	2.447599e-08	4.960873e+01	1.607647e+03
1.650000e-06	6.929647e-06	2.447580e-08	4.960890e+01	1.607517e+03
1.660000e-06	6.927362e-06	2.446658e-08	4.959254e+01	1.607221e+03
1.670000e-06	6.922880e-06	2.445710e-08	4.956046e+01	1.606743e+03
1.680000e-06	6.916042e-06	2.444981e-08	4.951151e+01	1.606073e+03
1.690000e-06	6.906861e-06	2.443928e-08	4.944578e+01	1.605211e+03
1.700000e-06	6.895429e-06	2.442822e-08	4.936394e+01	1.604164e+03
1.710000e-06	6.881542e-06	2.441599e-08	4.926452e+01	1.602949e+03
1.720000e-06	6.865309e-06	2.440859e-08	4.914831e+01	1.601590e+03
1.730000e-06	6.847075e-06	2.438200e-08	4.901777e+01	1.600114e+03
1.740000e-06	6.826572e-06	2.427734e-08	4.887099e+01	1.598550e+03
1.750000e-06	6.803023e-06	2.425769e-08	4.870241e+01	1.596923e+03
1.760000e-06	6.776195e-06	2.428638e-08	4.851035e+01	1.595250e+03
1.770000e-06	6.746588e-06	2.424480e-08	4.829839e+01	1.593535e+03
1.780000e-06	6.714832e-06	2.424716e-08	4.807105e+01	1.591771e+03
1.790000e-06	6.681446e-06	2.431375e-08	4.783204e+01	1.589934e+03
1.800000e-06	6.646657e-06	2.416482e-08	4.758299e+01	1.587987e+03
1.810000e-06	6.609811e-06	2.414560e-08	4.731922e+01	1.585884e+03
1.820000e-06	6.570392e-06	2.421941e-08	4.703702e+01	1.583576e+03
1.830000e-06	6.528792e-06	2.405927e-08	4.673921e+01	1.581020e+03
1.840000e-06	6.484948e-06	2.414181e-08	4.642533e+01	1.578180e+03
1.850000e-06	6.438725e-06	2.406982e-08	4.609442e+01	1.575041e+03
1.860000e-06	6.390151e-06	2.393422e-08	4.574668e+01	1.571604e+03
1.870000e-06	6.339096e-06	2.395330e-08	4.538118e+01	1.567888e+03
1.880000e-06	6.285609e-06	2.380186e-08	4.499827e+01	1.563927e+03
1.890000e-06	6.229540e-06	2.381415e-08	4.459688e+01	1.559756e+03
1.900000e-06	6.171021e-06	2.374392e-08	4.417794e+01	1.555409e+03
1.910000e-06	6.110290e-06	2.364043e-08	4.374318e+01	1.550904e+03
1.920000e-06	6.047194e-06	2.365168e-08	4.329148e+01	1.546246e+03
1.930000e-06	5.981880e-06	2.350804e-08	4.282390e+01	1.541417e+03
1.940000e-06	5.914371e-06	2.347420e-08	4.234060e+01	1.536388e+03
1.950000e-06	5.844611e-06	2.335162e-08	4.184120e+01	1.531118e+03
1.960000e-06	5.772552e-06	2.325718e-08	4.132533e+01	1.525570e+03
1.970000e-06	5.698186e-06	2.320982e-08	4.079295e+01	1.519713e+03
1.980000e-06	5.621602e-06	2.307726e-08	4.024469e+01	1.513534e+03
1.990000e-06	5.542713e-06	2.302905e-08	3.967993e+01	1.507033e+03
2.000000e-06	5.461783e-06	2.289777e-08	3.910056e+01	1.500222e+03
2.010000e-06	5.379028e-06	2.280107e-08	3.850811e+01	1.493122e+03
2.020000e-06	5.294379e-06	2.267553e-08	3.790212e+01	1.485746e+03
2.030000e-06	5.207729e-06	2.254252e-08	3.728180e+01	1.478101e+03
2.040000e-06	5.119117e-06	2.245737e-08	3.664743e+01	1.470174e+03
2.050000e-06	5.028826e-06	2.232507e-08	3.600104e+01	1.461940e+03
2.060000e-06	4.936896e-06	2.220620e-08	3.534292e+01	1.453361e+03
2.070000e-06	4.843256e-06	2.204597e-08	3.467256e+01	1.444396e+03
2.080000e-06	4.747850e-06	2.190932e-08	3.398955e+01	1.435005e+03
2.090000e-06	4.650727e-06	2.175799e-08	3.329426e+01	1.425165e+03
2.100000e-06	4.552051e-06	2.160269e-08	3.258784e+01	1.414863e+03
2.110000e-06	4.451796e-06	2.145232e-08	3.187012e+01	1.404101e+03
2.120000e-06	4.349947e-06	2.128006e-08	3.114099e+01	1.392887e+03
2.130000e-06	4.246440e-06	2.109990e-08	3.039999e+01	1.381227e+03
2.140000e-06	4.141359e-06	2.090345e-08	2.964772e+01	1.369117e+03
2.150000e-06	4.034916e-06	2.071859e-08	2.888571e+01	1.356535e+03
2.160000e-06	3.927094e-06	2.052010e-08	2.811381e+01	1.343441e+03
2.170000e-06	3.817864e-06	2.032147e-08	2.733184e+01	1.329781e+03
2.180000e-06	3.707229e-06	2.010616e-08	2.653981e+01	1.315491e+03
2.190000e-06	3.595124e-06	1.987859e-08	2.573726e+01	1.300510e+03
2.200000e-06	3.481581e-06	1.963716e-08	2.492441e+01	1.284790e+03
2.210000e-06	3.366612e-06	1.938656e-08	2.410136e+01	1.268293e+03
2.220000e-06	3.250213e-06	1.912613e-08	2.326807e+01	1.251000e+03
2.230000e-06	3.132537e-06	1.885340e-08	2.242563e+01	1.232895e+03
2.240000e-06	3.013615e-06	1.856952e-08	2.157428e+01	1.213961e+03
2.250000e-06	2.893438e-06	1.826882e-08	2.071394e+01	1.194165e+03
2.260000e-06	2.772203e-06	1.795429e-08	1.984602e+01	1.173450e+03
2.270000e-06	2.650033e-06	1.761947e-08	1.897142e+01	1.151732e+03
2.280000e-06	2.526894e-06	1.727263e-08	1.808987e+01	1.128902e+03
2.290000e-06	2.402762e-06	1.690770e-08	1.720122e+01	1.104831e+03
2.300000e-06	2.277772e-06	1.652327e-08	1.630642e+01	1.079389e+03
2.310000e-06	2.152075e-06	1.611438e-08	1.540657e+01	1.052447e+03
2.320000e-06	2.025666e-06	1.568122e-08	1.450161e+01	1.023886e+03
2.330000e-06	1.898517e-06	1.522038e-08	1.359136e+01	9.935971e+02
2.340000e-06	1.770570e-06	1.473164e-08	1.267540e+01	9.614743e+02
2.350000e-06	1.641931e-06	1.421442e-08	1.175448e+01	9.274016e+02
2.360000e-06	1.512826e-06	1.366356e-08	1.083022e+01	8.912454e+02
2.370000e-06	1.383342e-06	1.307719e-08	9.903255e+00	8.528507e+02
2.380000e-06	1.253541e-06	1.245238e-08	8.974020e+00	8.120492e+02
2.390000e-06	1.123423e-06	1.178984e-08	8.042512e+00	7.686804e+02
2.400000e-06	9.929253e-07	1.108595e-08	7.108289e+00	7.226245e+02
2.410000e-06	8.620556e-07	1.034348e-08	6.171401e+00	6.738393e+02
2.420000e-06	7.308459e-07	9.563720e-09	5.232079e+00	6.223960e+02
2.430000e-06	5.993387e-07	8.744859e-09	4.290627e+00	5.685001e+02
2.440000e-06	4.676848e-07	7.889966e-09	3.348125e+00	5.124922e+02
2.450000e-06	3.359166e-07	7.006508e-09	2.404805e+00	4.548218e+02
2.460000e-06	2.039418e-07	6.104471e-09	1.460006e+00	3.959971e+02
2.470000e-06	7.180081e-08	5.192706e-09	5.140174e-01	3.365153e+02
2.480000e-06	-6.040016e-08	4.279749e-09	-4.324009e-01	2.767886e+02
2.490000e-06	-1.926067e-07	3.368069e-09	-1.378859e+00	2.170780e+02
2.500000e-06	-3.247341e-07	2.456199e-09	-2.324750e+00	1.574517e+02
2.510000e-06	-4.567232e-07	1.540917e-09	-3.269652e+00	9.777765e+01
2.520000e-06	-5.885973e-07	6.201433e-10	-4.213730e+00	3.775582e+01
2.530000e-06	-7.203042e-07	-3.100149e-10	-5.156612e+00	-2.301447e+01
2.540000e-06	-8.517383e-07	-1.255405e-09	-6.097540e+00	-8.494206e+01
2.550000e-06	-9.827967e-07	-2.220020e-09	-7.035779e+00	-1.483437e+02
2.560000e-06	-1.113468e-06	-3.208720e-09	-7.971243e+00	-2.133548e+02
2.570000e-06	-1.243736e-06	-4.223078e-09	-8.903828e+00	-2.798680e+02
2.580000e-06	-1.373595e-06	-5.258436e-09	-9.833478e+00	-3.475121e+02
2.590000e-06	-1.503079e-06	-6.304026e-09	-1.076045e+01	-4.156756e+02
2.600000e-06	-1.632113e-06	-7.346326e-09	-1.168419e+01	-4.835697e+02
2.610000e-06	-1.760650e-06	-8.371773e-09	-1.260438e+01	-5.503195e+02
2.620000e-06	-1.888552e-06	-9.365416e-09	-1.352003e+01	-6.150662e+02
2.630000e-06	-2.015601e-06	-1.031390e-08	-1.442956e+01	-6.770623e+02
2.640000e-06	-2.141836e-06	-1.121045e-08	-1.533327e+01	-7.357439e+02
2.650000e-06	-2.267318e-06	-1.205267e-08	-1.623158e+01	-7.907694e+02
2.660000e-06	-2.391995e-06	-1.283834e-08	-1.712414e+01	-8.420221e+02
2.670000e-06	-2.515696e-06	-1.356832e-08	-1.800970e+01	-8.895805e+02
2.680000e-06	-2.638319e-06	-1.424631e-08	-1.888756e+01	-9.336660e+02
2.690000e-06	-2.759924e-06	-1.487559e-08	-1.975812e+01	-9.745809e+02
2.700000e-06	-2.880558e-06	-1.546190e-08	-2.062173e+01	-1.012650e+03
2.710000e-06	-3.000160e-06	-1.600954e-08	-2.147795e+01	-1.048174e+03
2.720000e-06	-3.118619e-06	-1.651949e-08	-2.232599e+01	-1.081407e+03
2.730000e-06	-3.235890e-06	-1.699349e-08	-2.316553e+01	-1.112544e+03
2.740000e-06	-3.351835e-06	-1.743595e-08	-2.399557e+01	-1.141737e+03
2.750000e-06	-3.466344e-06	-1.785174e-08	-2.481534e+01	-1.169107e+03
2.760000e-06	-3.579494e-06	-1.824433e-08	-2.562537e+01	-1.194766e+03
2.770000e-06	-3.691247e-06	-1.861440e-08	-2.642540e+01	-1.218830e+03
2.780000e-06	-3.801501e-06	-1.896117e-08	-2.721470e+01	-1.241425e+03
2.790000e-06	-3.910418e-06	-1.928709e-08	-2.799443e+01	-1.262688e+03
2.800000e-06	-4.018110e-06	-1.959569e-08	-2.876539e+01	-1.282751e+03
2.810000e-06	-4.124591e-06	-1.988677e-08	-2.952768e+01	-1.301735e+03
2.820000e-06	-4.229752e-06	-2.016102e-08	-3.028052e+01	-1.319737e+03
2.830000e-06	-4.333311e-06	-2.042049e-08	-3.102190e+01	-1.336830e+03
2.840000e-06	-4.435165e-06	-2.066834e-08	-3.175106e+01	-1.353060e+03
2.850000e-06	-4.535373e-06	-2.090589e-08	-3.246845e+01	-1.368459e+03
2.860000e-06	-4.634040e-06	-2.113117e-08	-3.317480e+01	-1.383051e+03
2.870000e-06	-4.731191e-06	-2.134404e-08	-3.387030e+01	-1.396862e+03
2.880000e-06	-4.826694e-06	-2.154641e-08	-3.455399e+01	-1.409930e+03
2.890000e-06	-4.920367e-06	-2.173857e-08	-3.522459e+01	-1.422305e+03
2.900000e-06	-5.012240e-06	-2.191955e-08	-3.588231e+01	-1.434042e+03
2.910000e-06	-5.102424e-06	-2.209071e-08	-3.652793e+01	-1.445198e+03
2.920000e-06	-5.190801e-06	-2.225326e-08	-3.716061e+01	-1.455823e+03
2.930000e-06	-5.277146e-06	-2.240799e-08	-3.777875e+01	-1.465949e+03
2.940000e-06	-5.361450e-06	-2.255394e-08	-3.838228e+01	-1.475596e+03
2.950000e-06	-5.443906e-06	-2.269234e-08	-3.897257e+01	-1.484762e+03
2.960000e-06	-5.524570e-06	-2.282331e-08	-3.955005e+01	-1.493443e+03
2.970000e-06	-5.603123e-06	-2.294552e-08	-4.011240e+01	-1.501629e+03
2.980000e-06	-5.679312e-06	-2.306200e-08	-4.065783e+01	-1.509322e+03
2.990000e-06	-5.753333e-06	-2.317378e-08	-4.118774e+01	-1.516535e+03
3.000000e-06	-5.825351e-06	-2.327854e-08	-4.170332e+01	-1.523300e+03
3.010000e-06	-5.895168e-06	-2.337458e-08	-4.220313e+01	-1.529659e+03
3.020000e-06	-5.962771e-06	-2.346432e-08	-4.268710e+01	-1.535661e+03
3.030000e-06	-6.028355e-06	-2.355059e-08	-4.315660e+01	-1.541357e+03
3.040000e-06	-6.091901e-06	-2.363395e-08	-4.361153e+01	-1.546785e+03
3.050000e-06	-6.153195e-06	-2.371450e-08	-4.405033e+01	-1.551971e+03
3.060000e-06	-6.212195e-06	-2.379228e-08	-4.447270e+01	-1.556926e+03
3.070000e-06	-6.269144e-06	-2.386557e-08	-4.488040e+01	-1.561646e+03
3.080000e-06	-6.323953e-06	-2.393414e-08	-4.527277e+01	-1.566122e+03
3.090000e-06	-6.376241e-06	-2.399869e-08	-4.564710e+01	-1.570340e+03
3.100000e-06	-6.425819e-06	-2.406028e-08	-4.600203e+01	-1.574292e+03
3.110000e-06	-6.472826e-06	-2.411538e-08	-4.633855e+01	-1.577976e+03
3.120000e-06	-6.517651e-06	-2.416769e-08	-4.665945e+01	-1.581398e+03
3.130000e-06	-6.560402e-06	-2.421694e-08	-4.696550e+01	-1.584567e+03
3.140000e-06	-6.600954e-06	-2.426045e-08	-4.725581e+01	-1.587499e+03
3.150000e-06	-6.639076e-06	-2.430154e-08	-4.752872e+01	-1.590204e+03
3.160000e-06	-6.674779e-06	-2.433940e-08	-4.778432e+01	-1.592689e+03
3.170000e-06	-6.708264e-06	-2.437600e-08	-4.802403e+01	-1.594954e+03
3.180000e-06	-6.739340e-06	-2.440863e-08	-4.824651e+01	-1.596996e+03
3.190000e-06	-6.767915e-06	-2.443717e-08	-4.845107e+01	-1.598810e+03
3.200000e-06	-6.794106e-06	-2.445992e-08	-4.863857e+01	-1.600394e+03
3.210000e-06	-6.817923e-06	-2.447854e-08	-4.880907e+01	-1.601750e+03
3.220000e-06	-6.839172e-06	-2.449523e-08	-4.896119e+01	-1.602889e+03
3.230000e-06	-6.857975e-06	-2.451017e-08	-4.909581e+01	-1.603828e+03
3.240000e-06	-6.874454e-06	-2.452275e-08	-4.921378e+01	-1.604588e+03
3.250000e-06	-6.888215e-06	-2.453262e-08	-4.931229e+01	-1.605190e+03
3.260000e-06	-6.899147e-06	-2.454072e-08	-4.939056e+01	-1.605654e+03
3.270000e-06	-6.907603e-06	-2.454638e-08	-4.945109e+01	-1.605990e+03
3.280000e-06	-6.913589e-06	-2.454797e-08	-4.949394e+01	-1.606202e+03
3.290000e-06	-6.917099e-06	-2.454834e-08	-4.951907e+01	-1.606283e+03
3.300000e-06	-6.918269e-06	-2.454507e-08	-4.952745e+01	-1.606220e+03
