# Temperatura_=_70.27
# Concentracion g/m^3_=_28370.0
# C_Vs_to_Am_M_A/Vsm_=_65563218390.804596
# pendiente_HvsI_1/m_=_3716.3
# ordenada_HvsI_A/m_=_1297.0
# frecuencia_Hz_=_302554.07414522767

Tiempo_(s)	Campo_(V.s)	Magnetizacion_(V.s)	Campo_(kA/m)	Magnetizacion_(A/m)
0.000000e+00	-7.902490e-06	-2.744163e-08	-5.683292e+01	-1.795257e+03
1.000000e-08	-7.898805e-06	-2.743917e-08	-5.680642e+01	-1.794488e+03
2.000000e-08	-7.892555e-06	-2.742642e-08	-5.676147e+01	-1.793675e+03
3.000000e-08	-7.883709e-06	-2.741315e-08	-5.669785e+01	-1.792854e+03
4.000000e-08	-7.872095e-06	-2.739924e-08	-5.661432e+01	-1.792034e+03
5.000000e-08	-7.857573e-06	-2.738241e-08	-5.650989e+01	-1.791202e+03
6.000000e-08	-7.840253e-06	-2.736012e-08	-5.638532e+01	-1.790319e+03
7.000000e-08	-7.820570e-06	-2.733340e-08	-5.624377e+01	-1.789332e+03
8.000000e-08	-7.798588e-06	-2.732830e-08	-5.608568e+01	-1.788184e+03
9.000000e-08	-7.773763e-06	-2.736851e-08	-5.590714e+01	-1.786824e+03
1.000000e-07	-7.745760e-06	-2.731662e-08	-5.570575e+01	-1.785217e+03
1.100000e-07	-7.714836e-06	-2.723176e-08	-5.548335e+01	-1.783351e+03
1.200000e-07	-7.681125e-06	-2.719897e-08	-5.524091e+01	-1.781240e+03
1.300000e-07	-7.644711e-06	-2.716828e-08	-5.497903e+01	-1.778919e+03
1.400000e-07	-7.605940e-06	-2.709989e-08	-5.470020e+01	-1.776443e+03
1.500000e-07	-7.564931e-06	-2.703364e-08	-5.440527e+01	-1.773867e+03
1.600000e-07	-7.521579e-06	-2.709561e-08	-5.409349e+01	-1.771246e+03
1.700000e-07	-7.475677e-06	-2.701797e-08	-5.376337e+01	-1.768612e+03
1.800000e-07	-7.427087e-06	-2.690398e-08	-5.341393e+01	-1.765974e+03
1.900000e-07	-7.375585e-06	-2.692429e-08	-5.304354e+01	-1.763308e+03
2.000000e-07	-7.321104e-06	-2.683428e-08	-5.265172e+01	-1.760562e+03
2.100000e-07	-7.263929e-06	-2.678996e-08	-5.224054e+01	-1.757657e+03
2.200000e-07	-7.204106e-06	-2.673959e-08	-5.181030e+01	-1.754503e+03
2.300000e-07	-7.141683e-06	-2.666659e-08	-5.136137e+01	-1.751006e+03
2.400000e-07	-7.076594e-06	-2.662650e-08	-5.089326e+01	-1.747088e+03
2.500000e-07	-7.008759e-06	-2.651298e-08	-5.040541e+01	-1.742698e+03
2.600000e-07	-6.938281e-06	-2.645135e-08	-4.989855e+01	-1.737816e+03
2.700000e-07	-6.865066e-06	-2.637367e-08	-4.937200e+01	-1.732463e+03
2.800000e-07	-6.789132e-06	-2.630040e-08	-4.882590e+01	-1.726694e+03
2.900000e-07	-6.710460e-06	-2.620671e-08	-4.826011e+01	-1.720588e+03
3.000000e-07	-6.629056e-06	-2.611612e-08	-4.767467e+01	-1.714238e+03
3.100000e-07	-6.545313e-06	-2.603896e-08	-4.707241e+01	-1.707735e+03
3.200000e-07	-6.459497e-06	-2.591236e-08	-4.645524e+01	-1.701150e+03
3.300000e-07	-6.371414e-06	-2.583086e-08	-4.582177e+01	-1.694521e+03
3.400000e-07	-6.280899e-06	-2.571890e-08	-4.517080e+01	-1.687846e+03
3.500000e-07	-6.188142e-06	-2.561276e-08	-4.450372e+01	-1.681082e+03
3.600000e-07	-6.093222e-06	-2.551250e-08	-4.382107e+01	-1.674148e+03
3.700000e-07	-5.995994e-06	-2.539328e-08	-4.312183e+01	-1.666937e+03
3.800000e-07	-5.896462e-06	-2.526402e-08	-4.240602e+01	-1.659332e+03
3.900000e-07	-5.794856e-06	-2.512712e-08	-4.167530e+01	-1.651223e+03
4.000000e-07	-5.691238e-06	-2.499533e-08	-4.093010e+01	-1.642523e+03
4.100000e-07	-5.585582e-06	-2.483765e-08	-4.017024e+01	-1.633183e+03
4.200000e-07	-5.477979e-06	-2.469613e-08	-3.939639e+01	-1.623196e+03
4.300000e-07	-5.368463e-06	-2.454554e-08	-3.860877e+01	-1.612599e+03
4.400000e-07	-5.256926e-06	-2.438617e-08	-3.780662e+01	-1.601464e+03
4.500000e-07	-5.143402e-06	-2.421694e-08	-3.699018e+01	-1.589882e+03
4.600000e-07	-5.027977e-06	-2.404935e-08	-3.616007e+01	-1.577949e+03
4.700000e-07	-4.910657e-06	-2.387151e-08	-3.531633e+01	-1.565739e+03
4.800000e-07	-4.791531e-06	-2.367784e-08	-3.445961e+01	-1.553293e+03
4.900000e-07	-4.670629e-06	-2.348100e-08	-3.359011e+01	-1.540603e+03
5.000000e-07	-4.547983e-06	-2.327407e-08	-3.270806e+01	-1.527607e+03
5.100000e-07	-4.423583e-06	-2.305696e-08	-3.181341e+01	-1.514194e+03
5.200000e-07	-4.297667e-06	-2.282342e-08	-3.090785e+01	-1.500214e+03
5.300000e-07	-4.170228e-06	-2.259059e-08	-2.999134e+01	-1.485496e+03
5.400000e-07	-4.041165e-06	-2.234519e-08	-2.906315e+01	-1.469872e+03
5.500000e-07	-3.910607e-06	-2.208585e-08	-2.812420e+01	-1.453199e+03
5.600000e-07	-3.778509e-06	-2.181005e-08	-2.717418e+01	-1.435375e+03
5.700000e-07	-3.644991e-06	-2.152296e-08	-2.621395e+01	-1.416353e+03
5.800000e-07	-3.510131e-06	-2.122283e-08	-2.524406e+01	-1.396143e+03
5.900000e-07	-3.373874e-06	-2.090890e-08	-2.426414e+01	-1.374800e+03
6.000000e-07	-3.236341e-06	-2.058306e-08	-2.327503e+01	-1.352409e+03
6.100000e-07	-3.097603e-06	-2.024012e-08	-2.227726e+01	-1.329058e+03
6.200000e-07	-2.957598e-06	-1.987813e-08	-2.127038e+01	-1.304805e+03
6.300000e-07	-2.816183e-06	-1.948981e-08	-2.025335e+01	-1.279650e+03
6.400000e-07	-2.673532e-06	-1.908030e-08	-1.922744e+01	-1.253515e+03
6.500000e-07	-2.529948e-06	-1.864745e-08	-1.819481e+01	-1.226223e+03
6.600000e-07	-2.385423e-06	-1.819250e-08	-1.715542e+01	-1.197499e+03
6.700000e-07	-2.240100e-06	-1.770840e-08	-1.611029e+01	-1.166982e+03
6.800000e-07	-2.094085e-06	-1.719056e-08	-1.506018e+01	-1.134253e+03
6.900000e-07	-1.947326e-06	-1.663995e-08	-1.400473e+01	-1.098866e+03
7.000000e-07	-1.799901e-06	-1.604944e-08	-1.294448e+01	-1.060392e+03
7.100000e-07	-1.651949e-06	-1.541694e-08	-1.188045e+01	-1.018461e+03
7.200000e-07	-1.503493e-06	-1.473719e-08	-1.081278e+01	-9.728019e+02
7.300000e-07	-1.354548e-06	-1.400620e-08	-9.741602e+00	-9.232660e+02
7.400000e-07	-1.205197e-06	-1.321728e-08	-8.667500e+00	-8.698415e+02
7.500000e-07	-1.055479e-06	-1.236905e-08	-7.590769e+00	-8.126505e+02
7.600000e-07	-9.054128e-07	-1.145853e-08	-6.511524e+00	-7.519292e+02
7.700000e-07	-7.550399e-07	-1.048509e-08	-5.430076e+00	-6.879956e+02
7.800000e-07	-6.044131e-07	-9.452685e-09	-4.346802e+00	-6.212089e+02
7.900000e-07	-4.536102e-07	-8.367065e-09	-3.262262e+00	-5.519254e+02
8.000000e-07	-3.026649e-07	-7.239307e-09	-2.176698e+00	-4.804594e+02
8.100000e-07	-1.515132e-07	-6.080470e-09	-1.089649e+00	-4.070526e+02
8.200000e-07	-2.307032e-10	-4.904313e-09	-1.659165e-03	-3.318599e+02
8.300000e-07	1.510620e-07	-3.720176e-09	1.086403e+00	-2.549510e+02
8.400000e-07	3.023286e-07	-2.534511e-09	2.174279e+00	-1.763310e+02
8.500000e-07	4.535051e-07	-1.343673e-09	3.261506e+00	-9.597515e+01
8.600000e-07	6.045221e-07	-1.417383e-10	4.347586e+00	-1.387441e+01
8.700000e-07	7.553188e-07	1.080961e-09	5.432082e+00	6.991475e+01
8.800000e-07	9.058683e-07	2.336705e-09	6.514800e+00	1.552244e+02
8.900000e-07	1.056129e-06	3.633968e-09	7.595441e+00	2.417393e+02
9.000000e-07	1.206044e-06	4.971690e-09	8.673598e+00	3.289777e+02
9.100000e-07	1.355587e-06	6.336585e-09	9.749078e+00	4.162927e+02
9.200000e-07	1.504703e-06	7.707569e-09	1.082149e+01	5.028944e+02
9.300000e-07	1.653300e-06	9.054416e-09	1.189016e+01	5.878934e+02
9.400000e-07	1.801309e-06	1.034607e-08	1.295461e+01	6.703584e+02
9.500000e-07	1.948660e-06	1.155708e-08	1.401432e+01	7.493848e+02
9.600000e-07	2.095306e-06	1.267709e-08	1.506897e+01	8.241633e+02
9.700000e-07	2.241198e-06	1.370368e-08	1.611819e+01	8.940427e+02
9.800000e-07	2.386340e-06	1.463922e-08	1.716202e+01	9.585783e+02
9.900000e-07	2.530621e-06	1.549290e-08	1.819965e+01	1.017561e+03
1.000000e-06	2.673853e-06	1.627308e-08	1.922974e+01	1.071022e+03
1.010000e-06	2.815980e-06	1.699063e-08	2.025189e+01	1.119219e+03
1.020000e-06	2.956918e-06	1.764965e-08	2.126549e+01	1.162593e+03
1.030000e-06	3.096616e-06	1.825788e-08	2.227016e+01	1.201723e+03
1.040000e-06	3.235140e-06	1.881891e-08	2.326639e+01	1.237253e+03
1.050000e-06	3.372474e-06	1.933795e-08	2.425407e+01	1.269838e+03
1.060000e-06	3.508442e-06	1.981770e-08	2.523192e+01	1.300080e+03
1.070000e-06	3.643023e-06	2.026149e-08	2.619980e+01	1.328484e+03
1.080000e-06	3.776375e-06	2.067862e-08	2.715883e+01	1.355431e+03
1.090000e-06	3.908361e-06	2.106899e-08	2.810805e+01	1.381165e+03
1.100000e-06	4.038894e-06	2.143756e-08	2.904681e+01	1.405803e+03
1.110000e-06	4.168058e-06	2.178422e-08	2.997573e+01	1.429356e+03
1.120000e-06	4.295725e-06	2.211120e-08	3.089388e+01	1.451765e+03
1.130000e-06	4.421893e-06	2.241923e-08	3.180125e+01	1.472938e+03
1.140000e-06	4.546579e-06	2.270694e-08	3.269797e+01	1.492789e+03
1.150000e-06	4.669634e-06	2.297674e-08	3.358295e+01	1.511267e+03
1.160000e-06	4.791108e-06	2.323026e-08	3.445656e+01	1.528377e+03
1.170000e-06	4.910863e-06	2.346906e-08	3.531781e+01	1.544188e+03
1.180000e-06	5.028812e-06	2.369733e-08	3.616608e+01	1.558831e+03
1.190000e-06	5.144966e-06	2.391763e-08	3.700143e+01	1.572481e+03
1.200000e-06	5.259122e-06	2.412948e-08	3.782241e+01	1.585336e+03
1.210000e-06	5.371192e-06	2.432912e-08	3.862840e+01	1.597590e+03
1.220000e-06	5.481307e-06	2.451533e-08	3.942032e+01	1.609407e+03
1.230000e-06	5.589561e-06	2.469151e-08	4.019886e+01	1.620909e+03
1.240000e-06	5.695874e-06	2.485848e-08	4.096344e+01	1.632154e+03
1.250000e-06	5.800077e-06	2.501719e-08	4.171284e+01	1.643144e+03
1.260000e-06	5.902106e-06	2.516850e-08	4.244661e+01	1.653826e+03
1.270000e-06	6.001958e-06	2.531388e-08	4.316472e+01	1.664114e+03
1.280000e-06	6.099501e-06	2.545480e-08	4.386623e+01	1.673902e+03
1.290000e-06	6.194757e-06	2.558907e-08	4.455129e+01	1.683094e+03
1.300000e-06	6.287752e-06	2.571743e-08	4.522009e+01	1.691616e+03
1.310000e-06	6.378497e-06	2.583864e-08	4.587271e+01	1.699437e+03
1.320000e-06	6.466981e-06	2.595077e-08	4.650906e+01	1.706573e+03
1.330000e-06	6.553224e-06	2.605620e-08	4.712930e+01	1.713084e+03
1.340000e-06	6.637212e-06	2.615527e-08	4.773332e+01	1.719072e+03
1.350000e-06	6.718854e-06	2.624795e-08	4.832048e+01	1.724658e+03
1.360000e-06	6.797991e-06	2.633482e-08	4.888961e+01	1.729970e+03
1.370000e-06	6.874507e-06	2.641650e-08	4.943990e+01	1.735124e+03
1.380000e-06	6.948479e-06	2.649498e-08	4.997189e+01	1.740205e+03
1.390000e-06	7.019910e-06	2.657092e-08	5.048560e+01	1.745260e+03
1.400000e-06	7.088855e-06	2.664318e-08	5.098144e+01	1.750292e+03
1.410000e-06	7.155272e-06	2.671169e-08	5.145910e+01	1.755265e+03
1.420000e-06	7.219054e-06	2.677741e-08	5.191780e+01	1.760112e+03
1.430000e-06	7.280365e-06	2.684070e-08	5.235874e+01	1.764749e+03
1.440000e-06	7.339235e-06	2.690119e-08	5.278212e+01	1.769090e+03
1.450000e-06	7.395492e-06	2.695868e-08	5.318670e+01	1.773063e+03
1.460000e-06	7.449023e-06	2.701385e-08	5.357169e+01	1.776625e+03
1.470000e-06	7.499607e-06	2.706659e-08	5.393547e+01	1.779764e+03
1.480000e-06	7.547173e-06	2.711526e-08	5.427756e+01	1.782501e+03
1.490000e-06	7.592006e-06	2.715945e-08	5.459998e+01	1.784889e+03
1.500000e-06	7.634155e-06	2.719857e-08	5.490312e+01	1.787001e+03
1.510000e-06	7.673543e-06	2.723403e-08	5.518639e+01	1.788916e+03
1.520000e-06	7.710330e-06	2.726710e-08	5.545095e+01	1.790707e+03
1.530000e-06	7.744435e-06	2.729707e-08	5.569622e+01	1.792431e+03
1.540000e-06	7.775690e-06	2.732315e-08	5.592100e+01	1.794116e+03
1.550000e-06	7.804196e-06	2.734445e-08	5.612601e+01	1.795761e+03
1.560000e-06	7.829837e-06	2.736256e-08	5.631041e+01	1.797337e+03
1.570000e-06	7.852596e-06	2.737823e-08	5.647409e+01	1.798793e+03
1.580000e-06	7.872733e-06	2.739162e-08	5.661891e+01	1.800066e+03
1.590000e-06	7.890071e-06	2.740212e-08	5.674361e+01	1.801095e+03
1.600000e-06	7.904370e-06	2.741049e-08	5.684644e+01	1.801830e+03
1.610000e-06	7.915546e-06	2.741733e-08	5.692682e+01	1.802244e+03
1.620000e-06	7.923648e-06	2.742095e-08	5.698508e+01	1.802336e+03
1.630000e-06	7.928956e-06	2.742254e-08	5.702325e+01	1.802132e+03
1.640000e-06	7.931493e-06	2.742311e-08	5.704150e+01	1.801681e+03
1.650000e-06	7.931231e-06	2.742205e-08	5.703962e+01	1.801046e+03
1.660000e-06	7.928339e-06	2.741111e-08	5.701882e+01	1.800295e+03
1.670000e-06	7.922812e-06	2.740384e-08	5.697907e+01	1.799486e+03
1.680000e-06	7.914598e-06	2.739644e-08	5.692000e+01	1.798663e+03
1.690000e-06	7.903730e-06	2.738456e-08	5.684184e+01	1.797841e+03
1.700000e-06	7.889990e-06	2.737092e-08	5.674302e+01	1.797013e+03
1.710000e-06	7.873557e-06	2.735773e-08	5.662484e+01	1.796144e+03
1.720000e-06	7.854884e-06	2.734650e-08	5.649055e+01	1.795187e+03
1.730000e-06	7.833882e-06	2.728031e-08	5.633950e+01	1.794082e+03
1.740000e-06	7.809957e-06	2.719886e-08	5.616744e+01	1.792777e+03
1.750000e-06	7.782440e-06	2.722950e-08	5.596954e+01	1.791232e+03
1.760000e-06	7.751286e-06	2.723134e-08	5.574549e+01	1.789428e+03
1.770000e-06	7.717321e-06	2.718176e-08	5.550123e+01	1.787374e+03
1.780000e-06	7.681209e-06	2.717763e-08	5.524151e+01	1.785099e+03
1.790000e-06	7.642847e-06	2.720493e-08	5.496563e+01	1.782654e+03
1.800000e-06	7.602436e-06	2.707408e-08	5.467500e+01	1.780096e+03
1.810000e-06	7.559923e-06	2.706971e-08	5.436925e+01	1.777479e+03
1.820000e-06	7.514741e-06	2.713852e-08	5.404432e+01	1.774844e+03
1.830000e-06	7.466874e-06	2.702541e-08	5.370007e+01	1.772206e+03
1.840000e-06	7.416152e-06	2.708596e-08	5.333529e+01	1.769549e+03
1.850000e-06	7.362364e-06	2.698537e-08	5.294845e+01	1.766828e+03
1.860000e-06	7.305822e-06	2.694142e-08	5.254182e+01	1.763969e+03
1.870000e-06	7.246750e-06	2.692190e-08	5.211698e+01	1.760883e+03
1.880000e-06	7.185039e-06	2.676139e-08	5.167317e+01	1.757478e+03
1.890000e-06	7.120492e-06	2.678658e-08	5.120896e+01	1.753669e+03
1.900000e-06	7.053218e-06	2.668798e-08	5.072514e+01	1.749398e+03
1.910000e-06	6.983279e-06	2.663249e-08	5.022216e+01	1.744637e+03
1.920000e-06	6.910588e-06	2.655857e-08	4.969939e+01	1.739396e+03
1.930000e-06	6.835211e-06	2.646265e-08	4.915729e+01	1.733721e+03
1.940000e-06	6.757071e-06	2.642145e-08	4.859533e+01	1.727689e+03
1.950000e-06	6.676333e-06	2.627551e-08	4.801468e+01	1.721389e+03
1.960000e-06	6.593192e-06	2.622884e-08	4.741674e+01	1.714915e+03
1.970000e-06	6.507587e-06	2.611111e-08	4.680109e+01	1.708343e+03
1.980000e-06	6.419553e-06	2.602244e-08	4.616797e+01	1.701721e+03
1.990000e-06	6.329226e-06	2.592451e-08	4.551836e+01	1.695058e+03
2.000000e-06	6.236721e-06	2.579579e-08	4.485308e+01	1.688320e+03
2.010000e-06	6.141991e-06	2.570275e-08	4.417181e+01	1.681436e+03
2.020000e-06	6.045098e-06	2.556836e-08	4.347498e+01	1.674303e+03
2.030000e-06	5.946079e-06	2.546440e-08	4.276285e+01	1.666806e+03
2.040000e-06	5.844921e-06	2.531861e-08	4.203535e+01	1.658830e+03
2.050000e-06	5.741609e-06	2.520124e-08	4.129235e+01	1.650281e+03
2.060000e-06	5.636286e-06	2.505052e-08	4.053489e+01	1.641101e+03
2.070000e-06	5.529085e-06	2.490142e-08	3.976393e+01	1.631272e+03
2.080000e-06	5.419915e-06	2.474851e-08	3.897880e+01	1.620820e+03
2.090000e-06	5.308738e-06	2.459205e-08	3.817924e+01	1.609809e+03
2.100000e-06	5.195582e-06	2.443716e-08	3.736545e+01	1.598328e+03
2.110000e-06	5.080500e-06	2.426141e-08	3.653780e+01	1.586472e+03
2.120000e-06	4.963485e-06	2.408967e-08	3.569626e+01	1.574324e+03
2.130000e-06	4.844567e-06	2.389447e-08	3.484103e+01	1.561933e+03
2.140000e-06	4.723793e-06	2.369814e-08	3.397245e+01	1.549306e+03
2.150000e-06	4.601391e-06	2.348678e-08	3.309216e+01	1.536393e+03
2.160000e-06	4.477318e-06	2.328311e-08	3.219985e+01	1.523095e+03
2.170000e-06	4.351546e-06	2.306242e-08	3.129533e+01	1.509270e+03
2.180000e-06	4.224219e-06	2.283545e-08	3.037963e+01	1.494750e+03
2.190000e-06	4.095306e-06	2.259633e-08	2.945251e+01	1.479366e+03
2.200000e-06	3.964853e-06	2.234739e-08	2.851432e+01	1.462964e+03
2.210000e-06	3.832820e-06	2.208093e-08	2.756478e+01	1.445432e+03
2.220000e-06	3.699377e-06	2.180106e-08	2.660508e+01	1.426709e+03
2.230000e-06	3.564687e-06	2.150999e-08	2.563642e+01	1.406790e+03
2.240000e-06	3.428644e-06	2.120007e-08	2.465803e+01	1.385721e+03
2.250000e-06	3.291260e-06	2.087710e-08	2.367000e+01	1.363582e+03
2.260000e-06	3.152554e-06	2.053591e-08	2.267246e+01	1.340461e+03
2.270000e-06	3.012515e-06	2.018164e-08	2.166533e+01	1.316428e+03
2.280000e-06	2.871324e-06	1.980417e-08	2.064991e+01	1.291501e+03
2.290000e-06	2.729138e-06	1.940976e-08	1.962734e+01	1.265622e+03
2.300000e-06	2.586008e-06	1.899129e-08	1.859798e+01	1.238639e+03
2.310000e-06	2.441926e-06	1.854561e-08	1.756178e+01	1.210301e+03
2.320000e-06	2.296920e-06	1.806903e-08	1.651893e+01	1.180268e+03
2.330000e-06	2.151218e-06	1.755913e-08	1.547107e+01	1.148132e+03
2.340000e-06	2.004912e-06	1.701555e-08	1.441887e+01	1.113448e+03
2.350000e-06	1.857878e-06	1.643379e-08	1.336143e+01	1.075781e+03
2.360000e-06	1.710119e-06	1.581168e-08	1.229879e+01	1.034742e+03
2.370000e-06	1.561719e-06	1.514551e-08	1.123153e+01	9.900325e+02
2.380000e-06	1.412798e-06	1.442863e-08	1.016052e+01	9.414701e+02
2.390000e-06	1.263483e-06	1.365584e-08	9.086680e+00	8.890092e+02
2.400000e-06	1.113762e-06	1.282381e-08	8.009923e+00	8.327396e+02
2.410000e-06	9.636606e-07	1.193285e-08	6.930429e+00	7.728714e+02
2.420000e-06	8.133452e-07	1.098081e-08	5.849394e+00	7.097059e+02
2.430000e-06	6.627953e-07	9.965631e-09	4.766674e+00	6.435960e+02
2.440000e-06	5.120227e-07	8.892726e-09	3.682352e+00	5.749030e+02
2.450000e-06	3.611413e-07	7.773688e-09	2.597247e+00	5.039545e+02
2.460000e-06	2.100615e-07	6.618878e-09	1.510714e+00	4.310128e+02
2.470000e-06	5.886329e-08	5.439186e-09	4.233314e-01	3.562548e+02
2.480000e-06	-9.229890e-08	4.249827e-09	-6.637928e-01	2.797703e+02
2.490000e-06	-2.434657e-07	3.057756e-09	-1.750950e+00	2.015778e+02
2.500000e-06	-3.946177e-07	1.862112e-09	-2.838001e+00	1.216560e+02
2.510000e-06	-5.456557e-07	6.577877e-10	-3.924232e+00	3.998745e+01
2.520000e-06	-6.964954e-07	-5.658340e-10	-5.009037e+00	-4.339243e+01
2.530000e-06	-8.471342e-07	-1.817752e-09	-6.092397e+00	-1.283474e+02
2.540000e-06	-9.975286e-07	-3.107515e-09	-7.174000e+00	-2.146016e+02
2.550000e-06	-1.147588e-06	-4.440168e-09	-8.253195e+00	-3.017158e+02
2.560000e-06	-1.297306e-06	-5.805732e-09	-9.329931e+00	-3.890828e+02
2.570000e-06	-1.446684e-06	-7.182756e-09	-1.040422e+01	-4.759454e+02
2.580000e-06	-1.595619e-06	-8.545191e-09	-1.147533e+01	-5.614340e+02
2.590000e-06	-1.743955e-06	-9.865423e-09	-1.254213e+01	-6.446217e+02
2.600000e-06	-1.891497e-06	-1.111620e-08	-1.360322e+01	-7.245906e+02
2.610000e-06	-2.038170e-06	-1.227865e-08	-1.465805e+01	-8.005014e+02
2.620000e-06	-2.184125e-06	-1.334585e-08	-1.570773e+01	-8.716582e+02
2.630000e-06	-2.329333e-06	-1.432015e-08	-1.675203e+01	-9.375610e+02
2.640000e-06	-2.473581e-06	-1.520746e-08	-1.778944e+01	-9.979401e+02
2.650000e-06	-2.616836e-06	-1.601682e-08	-1.881969e+01	-1.052768e+03
2.660000e-06	-2.759074e-06	-1.675804e-08	-1.984263e+01	-1.102248e+03
2.670000e-06	-2.900260e-06	-1.743911e-08	-2.085801e+01	-1.146781e+03
2.680000e-06	-3.040328e-06	-1.806728e-08	-2.186535e+01	-1.186914e+03
2.690000e-06	-3.179107e-06	-1.864707e-08	-2.286342e+01	-1.223285e+03
2.700000e-06	-3.316603e-06	-1.918343e-08	-2.385226e+01	-1.256549e+03
2.710000e-06	-3.452813e-06	-1.967809e-08	-2.483185e+01	-1.287327e+03
2.720000e-06	-3.587692e-06	-2.013628e-08	-2.580187e+01	-1.316151e+03
2.730000e-06	-3.721345e-06	-2.056452e-08	-2.676307e+01	-1.343437e+03
2.740000e-06	-3.853719e-06	-2.096586e-08	-2.771507e+01	-1.369460e+03
2.750000e-06	-3.984656e-06	-2.134337e-08	-2.865674e+01	-1.394370e+03
2.760000e-06	-4.114260e-06	-2.169573e-08	-2.958882e+01	-1.418199e+03
2.770000e-06	-4.242468e-06	-2.202551e-08	-3.051087e+01	-1.440905e+03
2.780000e-06	-4.369184e-06	-2.233649e-08	-3.142218e+01	-1.462398e+03
2.790000e-06	-4.494476e-06	-2.263112e-08	-3.232325e+01	-1.482589e+03
2.800000e-06	-4.618117e-06	-2.291014e-08	-3.321245e+01	-1.501414e+03
2.810000e-06	-4.740035e-06	-2.317281e-08	-3.408926e+01	-1.518863e+03
2.820000e-06	-4.860283e-06	-2.342172e-08	-3.495406e+01	-1.534991e+03
2.830000e-06	-4.978731e-06	-2.365872e-08	-3.580591e+01	-1.549914e+03
2.840000e-06	-5.095251e-06	-2.388509e-08	-3.664389e+01	-1.563796e+03
2.850000e-06	-5.209627e-06	-2.409974e-08	-3.746646e+01	-1.576833e+03
2.860000e-06	-5.321882e-06	-2.430327e-08	-3.827377e+01	-1.589222e+03
2.870000e-06	-5.432150e-06	-2.449711e-08	-3.906679e+01	-1.601138e+03
2.880000e-06	-5.540436e-06	-2.467912e-08	-3.984556e+01	-1.612712e+03
2.890000e-06	-5.646817e-06	-2.485163e-08	-4.061063e+01	-1.624021e+03
2.900000e-06	-5.751234e-06	-2.501679e-08	-4.136157e+01	-1.635080e+03
2.910000e-06	-5.853533e-06	-2.517422e-08	-4.209729e+01	-1.645849e+03
2.920000e-06	-5.953621e-06	-2.532386e-08	-4.281709e+01	-1.656247e+03
2.930000e-06	-6.051541e-06	-2.546394e-08	-4.352131e+01	-1.666172e+03
2.940000e-06	-6.147334e-06	-2.559697e-08	-4.421024e+01	-1.675523e+03
2.950000e-06	-6.240916e-06	-2.572325e-08	-4.488325e+01	-1.684219e+03
2.960000e-06	-6.332211e-06	-2.584299e-08	-4.553983e+01	-1.692218e+03
2.970000e-06	-6.421236e-06	-2.595604e-08	-4.618008e+01	-1.699523e+03
2.980000e-06	-6.508003e-06	-2.606151e-08	-4.680409e+01	-1.706185e+03
2.990000e-06	-6.592388e-06	-2.616165e-08	-4.741096e+01	-1.712295e+03
3.000000e-06	-6.674416e-06	-2.625742e-08	-4.800088e+01	-1.717971e+03
3.010000e-06	-6.754015e-06	-2.634885e-08	-4.857334e+01	-1.723343e+03
3.020000e-06	-6.830968e-06	-2.643503e-08	-4.912677e+01	-1.728529e+03
3.030000e-06	-6.905350e-06	-2.651857e-08	-4.966171e+01	-1.733624e+03
3.040000e-06	-6.977225e-06	-2.659715e-08	-5.017862e+01	-1.738686e+03
3.050000e-06	-7.046536e-06	-2.666993e-08	-5.067709e+01	-1.743728e+03
3.060000e-06	-7.113345e-06	-2.673978e-08	-5.115757e+01	-1.748723e+03
3.070000e-06	-7.177688e-06	-2.680768e-08	-5.162031e+01	-1.753611e+03
3.080000e-06	-7.239511e-06	-2.687299e-08	-5.206492e+01	-1.758311e+03
3.090000e-06	-7.298756e-06	-2.693419e-08	-5.249100e+01	-1.762735e+03
3.100000e-06	-7.355417e-06	-2.699103e-08	-5.289849e+01	-1.766808e+03
3.110000e-06	-7.409374e-06	-2.704405e-08	-5.328654e+01	-1.770478e+03
3.120000e-06	-7.460330e-06	-2.709319e-08	-5.365300e+01	-1.773723e+03
3.130000e-06	-7.508211e-06	-2.713973e-08	-5.399736e+01	-1.776559e+03
3.140000e-06	-7.553363e-06	-2.718313e-08	-5.432207e+01	-1.779030e+03
3.150000e-06	-7.596067e-06	-2.722194e-08	-5.462919e+01	-1.781206e+03
3.160000e-06	-7.636219e-06	-2.725829e-08	-5.491796e+01	-1.783165e+03
3.170000e-06	-7.673680e-06	-2.729227e-08	-5.518737e+01	-1.784983e+03
3.180000e-06	-7.708440e-06	-2.732342e-08	-5.543735e+01	-1.786722e+03
3.190000e-06	-7.740461e-06	-2.734999e-08	-5.566764e+01	-1.788418e+03
3.200000e-06	-7.769638e-06	-2.737288e-08	-5.587748e+01	-1.790077e+03
3.210000e-06	-7.796003e-06	-2.739137e-08	-5.606709e+01	-1.791677e+03
3.220000e-06	-7.819608e-06	-2.740635e-08	-5.623685e+01	-1.793170e+03
3.230000e-06	-7.840369e-06	-2.741948e-08	-5.638616e+01	-1.794497e+03
3.240000e-06	-7.858343e-06	-2.743160e-08	-5.651542e+01	-1.795594e+03
3.250000e-06	-7.873427e-06	-2.743957e-08	-5.662390e+01	-1.796409e+03
3.260000e-06	-7.885370e-06	-2.744337e-08	-5.670980e+01	-1.796907e+03
3.270000e-06	-7.894301e-06	-2.744576e-08	-5.677402e+01	-1.797080e+03
3.280000e-06	-7.900330e-06	-2.744702e-08	-5.681738e+01	-1.796948e+03
3.290000e-06	-7.903558e-06	-2.744600e-08	-5.684060e+01	-1.796555e+03
3.300000e-06	-7.904095e-06	-2.744182e-08	-5.684446e+01	-1.795962e+03
