# Temperatura_=_90.14
# Concentracion g/m^3_=_41000.0
# C_Vs_to_Am_M_A/Vsm_=_65563218390.804596
# pendiente_HvsI_1/m_=_3716.3
# ordenada_HvsI_A/m_=_1297.0
# frecuencia_Hz_=_301609.1616517814

Tiempo_(s)	Campo_(V.s)	Magnetizacion_(V.s)	Campo_(kA/m)	Magnetizacion_(A/m)
0.000000e+00	-5.337437e-06	-2.312931e-08	-3.833804e+01	-1.512771e+03
1.000000e-08	-5.334974e-06	-2.312194e-08	-3.832035e+01	-1.512630e+03
2.000000e-08	-5.330702e-06	-2.311733e-08	-3.828967e+01	-1.512566e+03
3.000000e-08	-5.324797e-06	-2.310973e-08	-3.824725e+01	-1.512463e+03
4.000000e-08	-5.317352e-06	-2.309652e-08	-3.819377e+01	-1.512179e+03
5.000000e-08	-5.308129e-06	-2.308349e-08	-3.812753e+01	-1.511596e+03
6.000000e-08	-5.296819e-06	-2.307018e-08	-3.804629e+01	-1.510650e+03
7.000000e-08	-5.283581e-06	-2.306018e-08	-3.795120e+01	-1.509351e+03
8.000000e-08	-5.268288e-06	-2.305971e-08	-3.784136e+01	-1.507786e+03
9.000000e-08	-5.250690e-06	-2.302185e-08	-3.771495e+01	-1.506085e+03
1.000000e-07	-5.231012e-06	-2.299365e-08	-3.757361e+01	-1.504386e+03
1.100000e-07	-5.209501e-06	-2.298111e-08	-3.741910e+01	-1.502794e+03
1.200000e-07	-5.186366e-06	-2.291728e-08	-3.725292e+01	-1.501347e+03
1.300000e-07	-5.161843e-06	-2.291581e-08	-3.707678e+01	-1.500008e+03
1.400000e-07	-5.135753e-06	-2.293333e-08	-3.688938e+01	-1.498681e+03
1.500000e-07	-5.107882e-06	-2.281134e-08	-3.668918e+01	-1.497236e+03
1.600000e-07	-5.078481e-06	-2.283469e-08	-3.647800e+01	-1.495556e+03
1.700000e-07	-5.047597e-06	-2.281889e-08	-3.625617e+01	-1.493567e+03
1.800000e-07	-5.014759e-06	-2.268765e-08	-3.602029e+01	-1.491263e+03
1.900000e-07	-4.979943e-06	-2.274682e-08	-3.577022e+01	-1.488703e+03
2.000000e-07	-4.943550e-06	-2.270590e-08	-3.550881e+01	-1.485991e+03
2.100000e-07	-4.905531e-06	-2.261394e-08	-3.523572e+01	-1.483236e+03
2.200000e-07	-4.865797e-06	-2.262209e-08	-3.495032e+01	-1.480519e+03
2.300000e-07	-4.824141e-06	-2.255042e-08	-3.465111e+01	-1.477862e+03
2.400000e-07	-4.780496e-06	-2.249509e-08	-3.433761e+01	-1.475216e+03
2.500000e-07	-4.735118e-06	-2.246041e-08	-3.401168e+01	-1.472479e+03
2.600000e-07	-4.687979e-06	-2.235402e-08	-3.367308e+01	-1.469522e+03
2.700000e-07	-4.638775e-06	-2.232986e-08	-3.331965e+01	-1.466232e+03
2.800000e-07	-4.587398e-06	-2.228479e-08	-3.295062e+01	-1.462546e+03
2.900000e-07	-4.534178e-06	-2.220913e-08	-3.256835e+01	-1.458470e+03
3.000000e-07	-4.479393e-06	-2.215553e-08	-3.217484e+01	-1.454081e+03
3.100000e-07	-4.422931e-06	-2.210026e-08	-3.176928e+01	-1.449502e+03
3.200000e-07	-4.364625e-06	-2.203236e-08	-3.135047e+01	-1.444862e+03
3.300000e-07	-4.304714e-06	-2.194522e-08	-3.092014e+01	-1.440260e+03
3.400000e-07	-4.243383e-06	-2.189326e-08	-3.047961e+01	-1.435730e+03
3.500000e-07	-4.180649e-06	-2.181598e-08	-3.002900e+01	-1.431231e+03
3.600000e-07	-4.116577e-06	-2.173448e-08	-2.956878e+01	-1.426658e+03
3.700000e-07	-4.050942e-06	-2.166175e-08	-2.909734e+01	-1.421875e+03
3.800000e-07	-3.983660e-06	-2.156737e-08	-2.861406e+01	-1.416759e+03
3.900000e-07	-3.914943e-06	-2.149443e-08	-2.812048e+01	-1.411232e+03
4.000000e-07	-3.844922e-06	-2.141595e-08	-2.761753e+01	-1.405294e+03
4.100000e-07	-3.773801e-06	-2.132112e-08	-2.710667e+01	-1.399016e+03
4.200000e-07	-3.701482e-06	-2.123128e-08	-2.658722e+01	-1.392522e+03
4.300000e-07	-3.627543e-06	-2.113313e-08	-2.605612e+01	-1.385944e+03
4.400000e-07	-3.551945e-06	-2.103007e-08	-2.551311e+01	-1.379386e+03
4.500000e-07	-3.474946e-06	-2.092070e-08	-2.496004e+01	-1.372883e+03
4.600000e-07	-3.396527e-06	-2.081680e-08	-2.439676e+01	-1.366390e+03
4.700000e-07	-3.316615e-06	-2.071575e-08	-2.382277e+01	-1.359791e+03
4.800000e-07	-3.235482e-06	-2.060706e-08	-2.324000e+01	-1.352938e+03
4.900000e-07	-3.153249e-06	-2.049896e-08	-2.264934e+01	-1.345688e+03
5.000000e-07	-3.070014e-06	-2.038116e-08	-2.205147e+01	-1.337956e+03
5.100000e-07	-2.985980e-06	-2.026033e-08	-2.144787e+01	-1.329732e+03
5.200000e-07	-2.901091e-06	-2.012805e-08	-2.083812e+01	-1.321092e+03
5.300000e-07	-2.815194e-06	-1.999133e-08	-2.022113e+01	-1.312167e+03
5.400000e-07	-2.728325e-06	-1.985940e-08	-1.959717e+01	-1.303101e+03
5.500000e-07	-2.640683e-06	-1.972086e-08	-1.896765e+01	-1.294002e+03
5.600000e-07	-2.552059e-06	-1.957732e-08	-1.833107e+01	-1.284901e+03
5.700000e-07	-2.462117e-06	-1.942753e-08	-1.768504e+01	-1.275738e+03
5.800000e-07	-2.371070e-06	-1.927984e-08	-1.703106e+01	-1.266370e+03
5.900000e-07	-2.279294e-06	-1.912691e-08	-1.637184e+01	-1.256615e+03
6.000000e-07	-2.186793e-06	-1.896663e-08	-1.570742e+01	-1.246301e+03
6.100000e-07	-2.093511e-06	-1.879741e-08	-1.503739e+01	-1.235321e+03
6.200000e-07	-1.999459e-06	-1.862119e-08	-1.436183e+01	-1.223663e+03
6.300000e-07	-1.904649e-06	-1.844016e-08	-1.368082e+01	-1.211413e+03
6.400000e-07	-1.809237e-06	-1.825139e-08	-1.299549e+01	-1.198727e+03
6.500000e-07	-1.713344e-06	-1.805889e-08	-1.230671e+01	-1.185777e+03
6.600000e-07	-1.616877e-06	-1.786144e-08	-1.161380e+01	-1.172688e+03
6.700000e-07	-1.519601e-06	-1.765823e-08	-1.091507e+01	-1.159488e+03
6.800000e-07	-1.421478e-06	-1.744462e-08	-1.021027e+01	-1.146085e+03
6.900000e-07	-1.322655e-06	-1.722147e-08	-9.500443e+00	-1.132283e+03
7.000000e-07	-1.223370e-06	-1.698964e-08	-8.787292e+00	-1.117829e+03
7.100000e-07	-1.123852e-06	-1.674987e-08	-8.072467e+00	-1.102482e+03
7.200000e-07	-1.024135e-06	-1.650243e-08	-7.356218e+00	-1.086083e+03
7.300000e-07	-9.241595e-07	-1.624598e-08	-6.638105e+00	-1.068594e+03
7.400000e-07	-8.238728e-07	-1.597882e-08	-5.917760e+00	-1.050105e+03
7.500000e-07	-7.232648e-07	-1.569661e-08	-5.195107e+00	-1.030793e+03
7.600000e-07	-6.224142e-07	-1.539656e-08	-4.470712e+00	-1.010846e+03
7.700000e-07	-5.214094e-07	-1.508111e-08	-3.745209e+00	-9.903748e+02
7.800000e-07	-4.202583e-07	-1.475212e-08	-3.018655e+00	-9.693382e+02
7.900000e-07	-3.189466e-07	-1.440677e-08	-2.290947e+00	-9.475090e+02
8.000000e-07	-2.174391e-07	-1.404187e-08	-1.561833e+00	-9.244927e+02
8.100000e-07	-1.157950e-07	-1.365194e-08	-8.317385e-01	-8.998000e+02
8.200000e-07	-1.412906e-08	-1.323545e-08	-1.014870e-01	-8.729522e+02
8.300000e-07	8.754774e-08	-1.279191e-08	6.288429e-01	-8.435876e+02
8.400000e-07	1.892093e-07	-1.231774e-08	1.359063e+00	-8.115311e+02
8.500000e-07	2.908187e-07	-1.180938e-08	2.088909e+00	-7.767972e+02
8.600000e-07	3.923068e-07	-1.125932e-08	2.817883e+00	-7.395113e+02
8.700000e-07	4.936366e-07	-1.066307e-08	3.545721e+00	-6.997608e+02
8.800000e-07	5.948524e-07	-1.001333e-08	4.272739e+00	-6.574075e+02
8.900000e-07	6.958787e-07	-9.301111e-09	4.998397e+00	-6.119142e+02
9.000000e-07	7.966205e-07	-8.515446e-09	5.722011e+00	-5.622408e+02
9.100000e-07	8.970740e-07	-7.641933e-09	6.443553e+00	-5.068576e+02
9.200000e-07	9.972478e-07	-6.664113e-09	7.163087e+00	-4.438982e+02
9.300000e-07	1.097174e-06	-5.560957e-09	7.880843e+00	-3.714447e+02
9.400000e-07	1.196851e-06	-4.309263e-09	8.596810e+00	-2.879006e+02
9.500000e-07	1.296201e-06	-2.883974e-09	9.310424e+00	-1.923824e+02
9.600000e-07	1.395091e-06	-1.272412e-09	1.002074e+01	-8.504675e+01
9.700000e-07	1.493296e-06	5.188638e-10	1.072613e+01	3.272205e+01
9.800000e-07	1.590620e-06	2.454748e-09	1.142519e+01	1.583184e+02
9.900000e-07	1.687141e-06	4.471465e-09	1.211849e+01	2.881287e+02
1.000000e-06	1.783077e-06	6.485866e-09	1.280758e+01	4.179240e+02
1.010000e-06	1.878448e-06	8.413648e-09	1.349263e+01	5.433672e+02
1.020000e-06	1.973169e-06	1.018539e-08	1.417299e+01	6.605421e+02
1.030000e-06	2.067197e-06	1.175958e-08	1.484838e+01	7.664113e+02
1.040000e-06	2.160462e-06	1.312447e-08	1.551829e+01	8.591203e+02
1.050000e-06	2.252997e-06	1.428803e-08	1.618295e+01	9.381023e+02
1.060000e-06	2.344961e-06	1.527019e-08	1.684351e+01	1.003975e+03
1.070000e-06	2.436224e-06	1.609674e-08	1.749905e+01	1.058266e+03
1.080000e-06	2.526433e-06	1.679178e-08	1.814701e+01	1.103036e+03
1.090000e-06	2.615469e-06	1.737993e-08	1.878654e+01	1.140472e+03
1.100000e-06	2.703525e-06	1.788346e-08	1.941903e+01	1.172549e+03
1.110000e-06	2.790656e-06	1.831719e-08	2.004488e+01	1.200793e+03
1.120000e-06	2.876864e-06	1.869512e-08	2.066410e+01	1.226197e+03
1.130000e-06	2.962135e-06	1.903093e-08	2.127659e+01	1.249261e+03
1.140000e-06	3.046487e-06	1.933157e-08	2.188248e+01	1.270138e+03
1.150000e-06	3.129947e-06	1.959894e-08	2.248196e+01	1.288815e+03
1.160000e-06	3.212300e-06	1.983945e-08	2.307349e+01	1.305290e+03
1.170000e-06	3.293494e-06	2.005831e-08	2.365670e+01	1.319685e+03
1.180000e-06	3.373566e-06	2.025803e-08	2.423184e+01	1.332291e+03
1.190000e-06	3.452363e-06	2.043982e-08	2.479783e+01	1.343533e+03
1.200000e-06	3.529856e-06	2.060869e-08	2.535445e+01	1.353878e+03
1.210000e-06	3.606149e-06	2.076858e-08	2.590245e+01	1.363736e+03
1.220000e-06	3.680993e-06	2.091917e-08	2.644004e+01	1.373373e+03
1.230000e-06	3.754169e-06	2.105869e-08	2.696566e+01	1.382867e+03
1.240000e-06	3.825878e-06	2.118859e-08	2.748073e+01	1.392129e+03
1.250000e-06	3.896238e-06	2.130988e-08	2.798612e+01	1.400959e+03
1.260000e-06	3.965245e-06	2.142372e-08	2.848179e+01	1.409135e+03
1.270000e-06	4.033019e-06	2.152978e-08	2.896860e+01	1.416500e+03
1.280000e-06	4.099387e-06	2.162917e-08	2.944531e+01	1.423018e+03
1.290000e-06	4.164034e-06	2.172378e-08	2.990966e+01	1.428794e+03
1.300000e-06	4.227088e-06	2.181321e-08	3.036257e+01	1.434042e+03
1.310000e-06	4.288721e-06	2.189865e-08	3.080526e+01	1.439023e+03
1.320000e-06	4.349038e-06	2.198052e-08	3.123852e+01	1.443971e+03
1.330000e-06	4.407981e-06	2.205952e-08	3.166189e+01	1.449031e+03
1.340000e-06	4.465221e-06	2.213529e-08	3.207304e+01	1.454225e+03
1.350000e-06	4.520664e-06	2.220840e-08	3.247128e+01	1.459456e+03
1.360000e-06	4.574413e-06	2.227739e-08	3.285735e+01	1.464548e+03
1.370000e-06	4.626406e-06	2.234172e-08	3.323081e+01	1.469310e+03
1.380000e-06	4.676450e-06	2.240184e-08	3.359027e+01	1.473594e+03
1.390000e-06	4.724591e-06	2.245892e-08	3.393606e+01	1.477347e+03
1.400000e-06	4.771066e-06	2.251412e-08	3.426988e+01	1.480616e+03
1.410000e-06	4.816017e-06	2.256624e-08	3.459276e+01	1.483540e+03
1.420000e-06	4.859354e-06	2.261402e-08	3.490404e+01	1.486297e+03
1.430000e-06	4.900875e-06	2.265984e-08	3.520228e+01	1.489050e+03
1.440000e-06	4.940543e-06	2.270508e-08	3.548721e+01	1.491898e+03
1.450000e-06	4.978523e-06	2.274805e-08	3.576001e+01	1.494850e+03
1.460000e-06	5.014937e-06	2.278689e-08	3.602157e+01	1.497823e+03
1.470000e-06	5.049629e-06	2.282096e-08	3.627076e+01	1.500673e+03
1.480000e-06	5.082437e-06	2.285018e-08	3.650641e+01	1.503246e+03
1.490000e-06	5.113414e-06	2.287407e-08	3.672892e+01	1.505424e+03
1.500000e-06	5.142730e-06	2.289718e-08	3.693949e+01	1.507166e+03
1.510000e-06	5.170352e-06	2.292186e-08	3.713790e+01	1.508519e+03
1.520000e-06	5.195991e-06	2.294718e-08	3.732206e+01	1.509600e+03
1.530000e-06	5.219575e-06	2.297103e-08	3.749146e+01	1.510564e+03
1.540000e-06	5.241320e-06	2.299077e-08	3.764765e+01	1.511553e+03
1.550000e-06	5.261384e-06	2.300723e-08	3.779177e+01	1.512652e+03
1.560000e-06	5.279665e-06	2.302105e-08	3.792307e+01	1.513868e+03
1.570000e-06	5.295964e-06	2.303487e-08	3.804015e+01	1.515128e+03
1.580000e-06	5.310312e-06	2.304763e-08	3.814321e+01	1.516303e+03
1.590000e-06	5.322659e-06	2.305692e-08	3.823190e+01	1.517253e+03
1.600000e-06	5.332751e-06	2.306436e-08	3.830439e+01	1.517871e+03
1.610000e-06	5.340712e-06	2.307036e-08	3.836156e+01	1.518116e+03
1.620000e-06	5.346872e-06	2.307641e-08	3.840581e+01	1.518027e+03
1.630000e-06	5.351327e-06	2.308173e-08	3.843781e+01	1.517709e+03
1.640000e-06	5.353875e-06	2.308467e-08	3.845612e+01	1.517302e+03
1.650000e-06	5.354416e-06	2.308325e-08	3.846000e+01	1.516937e+03
1.660000e-06	5.353099e-06	2.307942e-08	3.845054e+01	1.516693e+03
1.670000e-06	5.350106e-06	2.307476e-08	3.842904e+01	1.516576e+03
1.680000e-06	5.345504e-06	2.306631e-08	3.839599e+01	1.516514e+03
1.690000e-06	5.339082e-06	2.305892e-08	3.834986e+01	1.516383e+03
1.700000e-06	5.330820e-06	2.304959e-08	3.829051e+01	1.516043e+03
1.710000e-06	5.320941e-06	2.303841e-08	3.821956e+01	1.515385e+03
1.720000e-06	5.309431e-06	2.302617e-08	3.813688e+01	1.514358e+03
1.730000e-06	5.296053e-06	2.298553e-08	3.804079e+01	1.512993e+03
1.740000e-06	5.280623e-06	2.298195e-08	3.792996e+01	1.511386e+03
1.750000e-06	5.262896e-06	2.296849e-08	3.780263e+01	1.509673e+03
1.760000e-06	5.242603e-06	2.293465e-08	3.765687e+01	1.507990e+03
1.770000e-06	5.220006e-06	2.295844e-08	3.749455e+01	1.506428e+03
1.780000e-06	5.195978e-06	2.288122e-08	3.732196e+01	1.505009e+03
1.790000e-06	5.171100e-06	2.284340e-08	3.714327e+01	1.503682e+03
1.800000e-06	5.144850e-06	2.289677e-08	3.695472e+01	1.502340e+03
1.810000e-06	5.116553e-06	2.277706e-08	3.675147e+01	1.500853e+03
1.820000e-06	5.086362e-06	2.281223e-08	3.653461e+01	1.499110e+03
1.830000e-06	5.054418e-06	2.287072e-08	3.630516e+01	1.497051e+03
1.840000e-06	5.020634e-06	2.270758e-08	3.606249e+01	1.494684e+03
1.850000e-06	4.985268e-06	2.275340e-08	3.580846e+01	1.492082e+03
1.860000e-06	4.948157e-06	2.276261e-08	3.554190e+01	1.489351e+03
1.870000e-06	4.909126e-06	2.264184e-08	3.526155e+01	1.486598e+03
1.880000e-06	4.868413e-06	2.266784e-08	3.496911e+01	1.483894e+03
1.890000e-06	4.825974e-06	2.257557e-08	3.466428e+01	1.481245e+03
1.900000e-06	4.781859e-06	2.256799e-08	3.434741e+01	1.478589e+03
1.910000e-06	4.735980e-06	2.260181e-08	3.401786e+01	1.475815e+03
1.920000e-06	4.688176e-06	2.243027e-08	3.367449e+01	1.472795e+03
1.930000e-06	4.638715e-06	2.243790e-08	3.331922e+01	1.469423e+03
1.940000e-06	4.587463e-06	2.240044e-08	3.295109e+01	1.465649e+03
1.950000e-06	4.534138e-06	2.229579e-08	3.256806e+01	1.461497e+03
1.960000e-06	4.478861e-06	2.225676e-08	3.217101e+01	1.457055e+03
1.970000e-06	4.421898e-06	2.217223e-08	3.176186e+01	1.452452e+03
1.980000e-06	4.363475e-06	2.215623e-08	3.134221e+01	1.447813e+03
1.990000e-06	4.303669e-06	2.204903e-08	3.091264e+01	1.443226e+03
2.000000e-06	4.242390e-06	2.196226e-08	3.047248e+01	1.438707e+03
2.010000e-06	4.179407e-06	2.192983e-08	3.002008e+01	1.434202e+03
2.020000e-06	4.114773e-06	2.182727e-08	2.955583e+01	1.429595e+03
2.030000e-06	4.048721e-06	2.177130e-08	2.908138e+01	1.424750e+03
2.040000e-06	3.981359e-06	2.165465e-08	2.859753e+01	1.419549e+03
2.050000e-06	3.912566e-06	2.158527e-08	2.810340e+01	1.413931e+03
2.060000e-06	3.842186e-06	2.151925e-08	2.759787e+01	1.407912e+03
2.070000e-06	3.770410e-06	2.139196e-08	2.708231e+01	1.401575e+03
2.080000e-06	3.697399e-06	2.131929e-08	2.655789e+01	1.395051e+03
2.090000e-06	3.623079e-06	2.122155e-08	2.602406e+01	1.388471e+03
2.100000e-06	3.547357e-06	2.114371e-08	2.548015e+01	1.381924e+03
2.110000e-06	3.470025e-06	2.102844e-08	2.492469e+01	1.375429e+03
2.120000e-06	3.391212e-06	2.090825e-08	2.435859e+01	1.368923e+03
2.130000e-06	3.311252e-06	2.081263e-08	2.378425e+01	1.362283e+03
2.140000e-06	3.230201e-06	2.069252e-08	2.320207e+01	1.355354e+03
2.150000e-06	3.148030e-06	2.058035e-08	2.261185e+01	1.348005e+03
2.160000e-06	3.064825e-06	2.045371e-08	2.201420e+01	1.340165e+03
2.170000e-06	2.980663e-06	2.034983e-08	2.140967e+01	1.331843e+03
2.180000e-06	2.895278e-06	2.022851e-08	2.079637e+01	1.323129e+03
2.190000e-06	2.808595e-06	2.009146e-08	2.017373e+01	1.314161e+03
2.200000e-06	2.720856e-06	1.996242e-08	1.954352e+01	1.305081e+03
2.210000e-06	2.632181e-06	1.982995e-08	1.890658e+01	1.295981e+03
2.220000e-06	2.542658e-06	1.969491e-08	1.826355e+01	1.286874e+03
2.230000e-06	2.452277e-06	1.953732e-08	1.761435e+01	1.277680e+03
2.240000e-06	2.361099e-06	1.938429e-08	1.695944e+01	1.268245e+03
2.250000e-06	2.269266e-06	1.922786e-08	1.629981e+01	1.258382e+03
2.260000e-06	2.176684e-06	1.906759e-08	1.563481e+01	1.247932e+03
2.270000e-06	2.083044e-06	1.889947e-08	1.496221e+01	1.236803e+03
2.280000e-06	1.988349e-06	1.873018e-08	1.428203e+01	1.225007e+03
2.290000e-06	1.892965e-06	1.856085e-08	1.359689e+01	1.212648e+03
2.300000e-06	1.797059e-06	1.837804e-08	1.290802e+01	1.199892e+03
2.310000e-06	1.700589e-06	1.818242e-08	1.221508e+01	1.186904e+03
2.320000e-06	1.603568e-06	1.797633e-08	1.151820e+01	1.173792e+03
2.330000e-06	1.506031e-06	1.776958e-08	1.081760e+01	1.160559e+03
2.340000e-06	1.407948e-06	1.755614e-08	1.011309e+01	1.147089e+03
2.350000e-06	1.309368e-06	1.733590e-08	9.405002e+00	1.133169e+03
2.360000e-06	1.210381e-06	1.710578e-08	8.693993e+00	1.118541e+03
2.370000e-06	1.111089e-06	1.686614e-08	7.980795e+00	1.102978e+03
2.380000e-06	1.011577e-06	1.661560e-08	7.266014e+00	1.086344e+03
2.390000e-06	9.118990e-07	1.635314e-08	6.550040e+00	1.068628e+03
2.400000e-06	8.120560e-07	1.608041e-08	5.832882e+00	1.049946e+03
2.410000e-06	7.119904e-07	1.579600e-08	5.114125e+00	1.030482e+03
2.420000e-06	6.116565e-07	1.549686e-08	4.393441e+00	1.010417e+03
2.430000e-06	5.110270e-07	1.517999e-08	3.670633e+00	9.898337e+02
2.440000e-06	4.101771e-07	1.484694e-08	2.946243e+00	9.686522e+02
2.450000e-06	3.091448e-07	1.449708e-08	2.220543e+00	9.466058e+02
2.460000e-06	2.078638e-07	1.413063e-08	1.493056e+00	9.232722e+02
2.470000e-06	1.063696e-07	1.374168e-08	7.640374e-01	8.981549e+02
2.480000e-06	4.742055e-09	1.332566e-08	3.406150e-02	8.707919e+02
2.490000e-06	-9.693192e-08	1.287904e-08	-6.962481e-01	8.408576e+02
2.500000e-06	-1.984439e-07	1.239491e-08	-1.425394e+00	8.082200e+02
2.510000e-06	-2.997154e-07	1.186945e-08	-2.152812e+00	7.729267e+02
2.520000e-06	-4.008817e-07	1.130370e-08	-2.879475e+00	7.351095e+02
2.530000e-06	-5.019512e-07	1.069623e-08	-3.605443e+00	6.948235e+02
2.540000e-06	-6.028243e-07	1.003826e-08	-4.330001e+00	6.518581e+02
2.550000e-06	-7.034272e-07	9.316990e-09	-5.052616e+00	6.055738e+02
2.560000e-06	-8.037721e-07	8.517867e-09	-5.773379e+00	5.548198e+02
2.570000e-06	-9.038419e-07	7.629332e-09	-6.492166e+00	4.979765e+02
2.580000e-06	-1.003639e-06	6.634442e-09	-7.208994e+00	4.331386e+02
2.590000e-06	-1.103186e-06	5.509304e-09	-7.924030e+00	3.584238e+02
2.600000e-06	-1.202422e-06	4.230691e-09	-8.636825e+00	2.723563e+02
2.610000e-06	-1.301235e-06	2.777367e-09	-9.346584e+00	1.742518e+02
2.620000e-06	-1.399566e-06	1.140029e-09	-1.005288e+01	6.452023e+01
2.630000e-06	-1.497434e-06	-6.748480e-10	-1.075585e+01	-5.518484e+01
2.640000e-06	-1.594758e-06	-2.631511e-09	-1.145492e+01	-1.820170e+02
2.650000e-06	-1.691444e-06	-4.660333e-09	-1.214940e+01	-3.121925e+02
2.660000e-06	-1.787607e-06	-6.677375e-09	-1.284012e+01	-4.414146e+02
2.670000e-06	-1.883376e-06	-8.598243e-09	-1.352802e+01	-5.653925e+02
2.680000e-06	-1.978580e-06	-1.035568e-08	-1.421185e+01	-6.803641e+02
2.690000e-06	-2.072824e-06	-1.191204e-08	-1.488880e+01	-7.835263e+02
2.700000e-06	-2.165994e-06	-1.325815e-08	-1.555803e+01	-8.732989e+02
2.710000e-06	-2.258324e-06	-1.440514e-08	-1.622122e+01	-9.493843e+02
2.720000e-06	-2.349907e-06	-1.537436e-08	-1.687905e+01	-1.012623e+03
2.730000e-06	-2.440715e-06	-1.619056e-08	-1.753131e+01	-1.064691e+03
2.740000e-06	-2.530629e-06	-1.687971e-08	-1.817714e+01	-1.107708e+03
2.750000e-06	-2.619568e-06	-1.746414e-08	-1.881598e+01	-1.143843e+03
2.760000e-06	-2.707698e-06	-1.796214e-08	-1.944901e+01	-1.174989e+03
2.770000e-06	-2.795098e-06	-1.839175e-08	-2.007678e+01	-1.202559e+03
2.780000e-06	-2.881449e-06	-1.876570e-08	-2.069703e+01	-1.227435e+03
2.790000e-06	-2.966540e-06	-1.909549e-08	-2.130823e+01	-1.250027e+03
2.800000e-06	-3.050553e-06	-1.938992e-08	-2.191168e+01	-1.270436e+03
2.810000e-06	-3.133587e-06	-1.965492e-08	-2.250811e+01	-1.288639e+03
2.820000e-06	-3.215546e-06	-1.989603e-08	-2.309680e+01	-1.304652e+03
2.830000e-06	-3.296372e-06	-2.011650e-08	-2.367737e+01	-1.318635e+03
2.840000e-06	-3.376114e-06	-2.031621e-08	-2.425014e+01	-1.330911e+03
2.850000e-06	-3.454566e-06	-2.049761e-08	-2.481365e+01	-1.341922e+03
2.860000e-06	-3.531557e-06	-2.066562e-08	-2.536667e+01	-1.352133e+03
2.870000e-06	-3.607152e-06	-2.082141e-08	-2.590965e+01	-1.361928e+03
2.880000e-06	-3.681330e-06	-2.096772e-08	-2.644247e+01	-1.371534e+03
2.890000e-06	-3.754170e-06	-2.110731e-08	-2.696566e+01	-1.380992e+03
2.900000e-06	-3.825784e-06	-2.124045e-08	-2.748006e+01	-1.390181e+03
2.910000e-06	-3.895962e-06	-2.136558e-08	-2.798414e+01	-1.398889e+03
2.920000e-06	-3.964545e-06	-2.148225e-08	-2.847675e+01	-1.406901e+03
2.930000e-06	-4.031704e-06	-2.159011e-08	-2.895915e+01	-1.414083e+03
2.940000e-06	-4.097522e-06	-2.168840e-08	-2.943191e+01	-1.420430e+03
2.950000e-06	-4.161993e-06	-2.177948e-08	-2.989500e+01	-1.426073e+03
2.960000e-06	-4.224961e-06	-2.186732e-08	-3.034729e+01	-1.431242e+03
2.970000e-06	-4.286183e-06	-2.195291e-08	-3.078704e+01	-1.436199e+03
2.980000e-06	-4.345791e-06	-2.203533e-08	-3.121519e+01	-1.441164e+03
2.990000e-06	-4.403999e-06	-2.211214e-08	-3.163329e+01	-1.446256e+03
3.000000e-06	-4.460763e-06	-2.218610e-08	-3.204102e+01	-1.451470e+03
3.010000e-06	-4.515852e-06	-2.225846e-08	-3.243672e+01	-1.456688e+03
3.020000e-06	-4.569019e-06	-2.232806e-08	-3.281861e+01	-1.461725e+03
3.030000e-06	-4.620262e-06	-2.239481e-08	-3.318667e+01	-1.466395e+03
3.040000e-06	-4.669597e-06	-2.245793e-08	-3.354105e+01	-1.470567e+03
3.050000e-06	-4.716997e-06	-2.251483e-08	-3.388151e+01	-1.474209e+03
3.060000e-06	-4.762747e-06	-2.256656e-08	-3.421013e+01	-1.477391e+03
3.070000e-06	-4.807080e-06	-2.261657e-08	-3.452856e+01	-1.480265e+03
3.080000e-06	-4.849961e-06	-2.266768e-08	-3.483658e+01	-1.483009e+03
3.090000e-06	-4.891323e-06	-2.271894e-08	-3.513367e+01	-1.485778e+03
3.100000e-06	-4.931036e-06	-2.276515e-08	-3.541893e+01	-1.488652e+03
3.110000e-06	-4.968912e-06	-2.280621e-08	-3.569098e+01	-1.491618e+03
3.120000e-06	-5.004922e-06	-2.284357e-08	-3.594964e+01	-1.494578e+03
3.130000e-06	-5.039207e-06	-2.287897e-08	-3.619590e+01	-1.497382e+03
3.140000e-06	-5.071878e-06	-2.291447e-08	-3.643057e+01	-1.499879e+03
3.150000e-06	-5.102749e-06	-2.294948e-08	-3.665231e+01	-1.501965e+03
3.160000e-06	-5.131662e-06	-2.298079e-08	-3.685999e+01	-1.503618e+03
3.170000e-06	-5.158728e-06	-2.300620e-08	-3.705440e+01	-1.504901e+03
3.180000e-06	-5.184011e-06	-2.302824e-08	-3.723601e+01	-1.505944e+03
3.190000e-06	-5.207488e-06	-2.304876e-08	-3.740464e+01	-1.506903e+03
3.200000e-06	-5.229019e-06	-2.306918e-08	-3.755929e+01	-1.507912e+03
3.210000e-06	-5.248665e-06	-2.308609e-08	-3.770041e+01	-1.509039e+03
3.220000e-06	-5.266536e-06	-2.310052e-08	-3.782878e+01	-1.510274e+03
3.230000e-06	-5.282496e-06	-2.311373e-08	-3.794341e+01	-1.511528e+03
3.240000e-06	-5.296350e-06	-2.312353e-08	-3.804292e+01	-1.512667e+03
3.250000e-06	-5.308088e-06	-2.313071e-08	-3.812723e+01	-1.513554e+03
3.260000e-06	-5.317873e-06	-2.313437e-08	-3.819752e+01	-1.514093e+03
3.270000e-06	-5.325783e-06	-2.313594e-08	-3.825433e+01	-1.514261e+03
3.280000e-06	-5.331693e-06	-2.313572e-08	-3.829678e+01	-1.514112e+03
3.290000e-06	-5.335671e-06	-2.313560e-08	-3.832536e+01	-1.513764e+03
3.300000e-06	-5.337882e-06	-2.313536e-08	-3.834124e+01	-1.513357e+03
3.310000e-06	-5.338359e-06	-2.313300e-08	-3.834467e+01	-1.513014e+03
