# Temperatura_=_47.54
# Concentracion g/m^3_=_28200.0
# C_Vs_to_Am_M_A/Vsm_=_65563218390.804596
# pendiente_HvsI_1/m_=_3716.3
# ordenada_HvsI_A/m_=_1297.0
# frecuencia_Hz_=_302132.33305817406

Tiempo_(s)	Campo_(V.s)	Magnetizacion_(V.s)	Campo_(kA/m)	Magnetizacion_(A/m)
0.000000e+00	-6.395460e-06	-2.222042e-08	-4.585347e+01	-1.456000e+03
1.000000e-08	-6.392390e-06	-2.222246e-08	-4.583146e+01	-1.455597e+03
2.000000e-08	-6.387225e-06	-2.221636e-08	-4.579442e+01	-1.455018e+03
3.000000e-08	-6.380113e-06	-2.220913e-08	-4.574344e+01	-1.454278e+03
4.000000e-08	-6.370884e-06	-2.219537e-08	-4.567727e+01	-1.453397e+03
5.000000e-08	-6.359324e-06	-2.217468e-08	-4.559438e+01	-1.452399e+03
6.000000e-08	-6.345444e-06	-2.215462e-08	-4.549487e+01	-1.451304e+03
7.000000e-08	-6.329247e-06	-2.212725e-08	-4.537874e+01	-1.450123e+03
8.000000e-08	-6.310927e-06	-2.210431e-08	-4.524739e+01	-1.448857e+03
9.000000e-08	-6.290544e-06	-2.216968e-08	-4.510126e+01	-1.447497e+03
1.000000e-07	-6.267769e-06	-2.213381e-08	-4.493796e+01	-1.446023e+03
1.100000e-07	-6.242333e-06	-2.203637e-08	-4.475560e+01	-1.444412e+03
1.200000e-07	-6.214487e-06	-2.201939e-08	-4.455595e+01	-1.442643e+03
1.300000e-07	-6.184731e-06	-2.199570e-08	-4.434260e+01	-1.440698e+03
1.400000e-07	-6.153404e-06	-2.185500e-08	-4.411800e+01	-1.438571e+03
1.500000e-07	-6.120378e-06	-2.192637e-08	-4.388122e+01	-1.436264e+03
1.600000e-07	-6.085315e-06	-2.200950e-08	-4.362983e+01	-1.433783e+03
1.700000e-07	-6.048335e-06	-2.173852e-08	-4.336469e+01	-1.431140e+03
1.800000e-07	-6.009352e-06	-2.183363e-08	-4.308519e+01	-1.428341e+03
1.900000e-07	-5.968000e-06	-2.180465e-08	-4.278871e+01	-1.425387e+03
2.000000e-07	-5.924439e-06	-2.162374e-08	-4.247640e+01	-1.422271e+03
2.100000e-07	-5.878815e-06	-2.171925e-08	-4.214929e+01	-1.418980e+03
2.200000e-07	-5.830911e-06	-2.162515e-08	-4.180583e+01	-1.415495e+03
2.300000e-07	-5.780510e-06	-2.154923e-08	-4.144447e+01	-1.411798e+03
2.400000e-07	-5.727556e-06	-2.149162e-08	-4.106480e+01	-1.407875e+03
2.500000e-07	-5.672373e-06	-2.138309e-08	-4.066916e+01	-1.403719e+03
2.600000e-07	-5.615129e-06	-2.134106e-08	-4.025874e+01	-1.399328e+03
2.700000e-07	-5.555728e-06	-2.125860e-08	-3.983285e+01	-1.394710e+03
2.800000e-07	-5.494326e-06	-2.120861e-08	-3.939262e+01	-1.389873e+03
2.900000e-07	-5.430998e-06	-2.111213e-08	-3.893857e+01	-1.384823e+03
3.000000e-07	-5.365543e-06	-2.101497e-08	-3.846929e+01	-1.379564e+03
3.100000e-07	-5.297970e-06	-2.095480e-08	-3.798480e+01	-1.374091e+03
3.200000e-07	-5.228484e-06	-2.085214e-08	-3.748661e+01	-1.368392e+03
3.300000e-07	-5.157212e-06	-2.079511e-08	-3.697561e+01	-1.362448e+03
3.400000e-07	-5.084087e-06	-2.067591e-08	-3.645133e+01	-1.356239e+03
3.500000e-07	-5.008912e-06	-2.056994e-08	-3.591235e+01	-1.349743e+03
3.600000e-07	-4.931614e-06	-2.047506e-08	-3.535814e+01	-1.342944e+03
3.700000e-07	-4.852269e-06	-2.034850e-08	-3.478927e+01	-1.335830e+03
3.800000e-07	-4.771027e-06	-2.025955e-08	-3.420679e+01	-1.328394e+03
3.900000e-07	-4.688152e-06	-2.013776e-08	-3.361260e+01	-1.320633e+03
4.000000e-07	-4.603884e-06	-2.001456e-08	-3.300842e+01	-1.312545e+03
4.100000e-07	-4.518199e-06	-1.987720e-08	-3.239409e+01	-1.304127e+03
4.200000e-07	-4.431072e-06	-1.974362e-08	-3.176942e+01	-1.295372e+03
4.300000e-07	-4.342530e-06	-1.960923e-08	-3.113460e+01	-1.286273e+03
4.400000e-07	-4.252386e-06	-1.945445e-08	-3.048829e+01	-1.276814e+03
4.500000e-07	-4.160549e-06	-1.931275e-08	-2.982985e+01	-1.266981e+03
4.600000e-07	-4.067200e-06	-1.914771e-08	-2.916057e+01	-1.256757e+03
4.700000e-07	-3.972549e-06	-1.898640e-08	-2.848195e+01	-1.246125e+03
4.800000e-07	-3.876516e-06	-1.881900e-08	-2.779342e+01	-1.235067e+03
4.900000e-07	-3.779042e-06	-1.864721e-08	-2.709456e+01	-1.223565e+03
5.000000e-07	-3.680083e-06	-1.846157e-08	-2.638506e+01	-1.211596e+03
5.100000e-07	-3.579681e-06	-1.826520e-08	-2.566520e+01	-1.199135e+03
5.200000e-07	-3.478077e-06	-1.806633e-08	-2.493673e+01	-1.186151e+03
5.300000e-07	-3.375326e-06	-1.785418e-08	-2.420004e+01	-1.172606e+03
5.400000e-07	-3.271314e-06	-1.763958e-08	-2.345431e+01	-1.158459e+03
5.500000e-07	-3.166060e-06	-1.740984e-08	-2.269967e+01	-1.143666e+03
5.600000e-07	-3.059538e-06	-1.717312e-08	-2.193594e+01	-1.128185e+03
5.700000e-07	-2.951748e-06	-1.692135e-08	-2.116312e+01	-1.111970e+03
5.800000e-07	-2.842909e-06	-1.666245e-08	-2.038278e+01	-1.094982e+03
5.900000e-07	-2.733167e-06	-1.639194e-08	-1.959596e+01	-1.077178e+03
6.000000e-07	-2.622547e-06	-1.610998e-08	-1.880285e+01	-1.058514e+03
6.100000e-07	-2.510888e-06	-1.581106e-08	-1.800229e+01	-1.038942e+03
6.200000e-07	-2.398200e-06	-1.549101e-08	-1.719435e+01	-1.018406e+03
6.300000e-07	-2.284487e-06	-1.515666e-08	-1.637907e+01	-9.968410e+02
6.400000e-07	-2.169751e-06	-1.480547e-08	-1.555644e+01	-9.741715e+02
6.500000e-07	-2.054095e-06	-1.444137e-08	-1.472723e+01	-9.503136e+02
6.600000e-07	-1.937639e-06	-1.405715e-08	-1.389227e+01	-9.251752e+02
6.700000e-07	-1.820509e-06	-1.365379e-08	-1.305249e+01	-8.986582e+02
6.800000e-07	-1.702794e-06	-1.322941e-08	-1.220851e+01	-8.706595e+02
6.900000e-07	-1.584583e-06	-1.277988e-08	-1.136097e+01	-8.410721e+02
7.000000e-07	-1.465889e-06	-1.230092e-08	-1.050997e+01	-8.097863e+02
7.100000e-07	-1.346692e-06	-1.179291e-08	-9.655364e+00	-7.766928e+02
7.200000e-07	-1.227023e-06	-1.125875e-08	-8.797376e+00	-7.416876e+02
7.300000e-07	-1.106905e-06	-1.069430e-08	-7.936164e+00	-7.046818e+02
7.400000e-07	-9.863500e-07	-1.009996e-08	-7.071824e+00	-6.656142e+02
7.500000e-07	-8.654398e-07	-9.474024e-09	-6.204936e+00	-6.244678e+02
7.600000e-07	-7.442607e-07	-8.818745e-09	-5.336119e+00	-5.812855e+02
7.700000e-07	-6.228931e-07	-8.131817e-09	-4.465951e+00	-5.361829e+02
7.800000e-07	-5.013576e-07	-7.418888e-09	-3.594579e+00	-4.893538e+02
7.900000e-07	-3.796692e-07	-6.685126e-09	-2.722110e+00	-4.410643e+02
8.000000e-07	-2.578642e-07	-5.932170e-09	-1.848806e+00	-3.916342e+02
8.100000e-07	-1.359905e-07	-5.167035e-09	-9.750101e-01	-3.414061e+02
8.200000e-07	-1.400187e-08	-4.393757e-09	-1.003891e-01	-2.907058e+02
8.300000e-07	1.080362e-07	-3.618846e-09	7.745858e-01	-2.397996e+02
8.400000e-07	2.300373e-07	-2.841710e-09	1.649296e+00	-1.888574e+02
8.500000e-07	3.520034e-07	-2.066408e-09	2.523756e+00	-1.379272e+02
8.600000e-07	4.738753e-07	-1.289829e-09	3.397539e+00	-8.693011e+01
8.700000e-07	5.956122e-07	-5.088424e-10	4.270355e+00	-3.567633e+01
8.800000e-07	7.171367e-07	2.802506e-10	5.141648e+00	1.609661e+01
8.900000e-07	8.384755e-07	1.081544e-09	6.011610e+00	6.866980e+01
9.000000e-07	9.596380e-07	1.898010e-09	6.880308e+00	1.222811e+02
9.100000e-07	1.080545e-06	2.733560e-09	7.747173e+00	1.770662e+02
9.200000e-07	1.201039e-06	3.586781e-09	8.611077e+00	2.330132e+02
9.300000e-07	1.321007e-06	4.454322e-09	9.471208e+00	2.899390e+02
9.400000e-07	1.440376e-06	5.329321e-09	1.032705e+01	3.474912e+02
9.500000e-07	1.559177e-06	6.208639e-09	1.117882e+01	4.051770e+02
9.600000e-07	1.677522e-06	7.079838e-09	1.202731e+01	4.624117e+02
9.700000e-07	1.795318e-06	7.931476e-09	1.287187e+01	5.185803e+02
9.800000e-07	1.912426e-06	8.756710e-09	1.371150e+01	5.731001e+02
9.900000e-07	2.028821e-06	9.552306e-09	1.454602e+01	6.254751e+02
1.000000e-06	2.144363e-06	1.031639e-08	1.537442e+01	6.753340e+02
1.010000e-06	2.258833e-06	1.103527e-08	1.619513e+01	7.224476e+02
1.020000e-06	2.372280e-06	1.170830e-08	1.700851e+01	7.667249e+02
1.030000e-06	2.484791e-06	1.233545e-08	1.781518e+01	8.081931e+02
1.040000e-06	2.596269e-06	1.292162e-08	1.861445e+01	8.469657e+02
1.050000e-06	2.706768e-06	1.346917e-08	1.940669e+01	8.832082e+02
1.060000e-06	2.816357e-06	1.398377e-08	2.019241e+01	9.171071e+02
1.070000e-06	2.925100e-06	1.446571e-08	2.097206e+01	9.488460e+02
1.080000e-06	3.032983e-06	1.491517e-08	2.174555e+01	9.785932e+02
1.090000e-06	3.139740e-06	1.533697e-08	2.251096e+01	1.006497e+03
1.100000e-06	3.245278e-06	1.573300e-08	2.326764e+01	1.032691e+03
1.110000e-06	3.349491e-06	1.610810e-08	2.401481e+01	1.057298e+03
1.120000e-06	3.452451e-06	1.646051e-08	2.475300e+01	1.080435e+03
1.130000e-06	3.554280e-06	1.679466e-08	2.548309e+01	1.102218e+03
1.140000e-06	3.654980e-06	1.710752e-08	2.620507e+01	1.122763e+03
1.150000e-06	3.754468e-06	1.740130e-08	2.691838e+01	1.142175e+03
1.160000e-06	3.852487e-06	1.767705e-08	2.762114e+01	1.160551e+03
1.170000e-06	3.948953e-06	1.793816e-08	2.831277e+01	1.177969e+03
1.180000e-06	4.043996e-06	1.818846e-08	2.899420e+01	1.194493e+03
1.190000e-06	4.137702e-06	1.842811e-08	2.966604e+01	1.210169e+03
1.200000e-06	4.230144e-06	1.865613e-08	3.032882e+01	1.225035e+03
1.210000e-06	4.321228e-06	1.887376e-08	3.098186e+01	1.239122e+03
1.220000e-06	4.410597e-06	1.907711e-08	3.162261e+01	1.252466e+03
1.230000e-06	4.498206e-06	1.926489e-08	3.225075e+01	1.265108e+03
1.240000e-06	4.584163e-06	1.944217e-08	3.286703e+01	1.277095e+03
1.250000e-06	4.668640e-06	1.961194e-08	3.347270e+01	1.288478e+03
1.260000e-06	4.751630e-06	1.977521e-08	3.406772e+01	1.299306e+03
1.270000e-06	4.832820e-06	1.993298e-08	3.464983e+01	1.309620e+03
1.280000e-06	4.912102e-06	2.008628e-08	3.521825e+01	1.319451e+03
1.290000e-06	4.989596e-06	2.023368e-08	3.577386e+01	1.328813e+03
1.300000e-06	5.065208e-06	2.037172e-08	3.631598e+01	1.337712e+03
1.310000e-06	5.138737e-06	2.049918e-08	3.684315e+01	1.346144e+03
1.320000e-06	5.210292e-06	2.062088e-08	3.735618e+01	1.354105e+03
1.330000e-06	5.279979e-06	2.073561e-08	3.785582e+01	1.361598e+03
1.340000e-06	5.347904e-06	2.084213e-08	3.834282e+01	1.368636e+03
1.350000e-06	5.413804e-06	2.094138e-08	3.881530e+01	1.375245e+03
1.360000e-06	5.477603e-06	2.103456e-08	3.927272e+01	1.381463e+03
1.370000e-06	5.539600e-06	2.112354e-08	3.971721e+01	1.387332e+03
1.380000e-06	5.599883e-06	2.120967e-08	4.014943e+01	1.392895e+03
1.390000e-06	5.658194e-06	2.129259e-08	4.056750e+01	1.398188e+03
1.400000e-06	5.714303e-06	2.137225e-08	4.096978e+01	1.403238e+03
1.410000e-06	5.768341e-06	2.144687e-08	4.135722e+01	1.408058e+03
1.420000e-06	5.820142e-06	2.151553e-08	4.172862e+01	1.412651e+03
1.430000e-06	5.869447e-06	2.157806e-08	4.208212e+01	1.417014e+03
1.440000e-06	5.916486e-06	2.163801e-08	4.241937e+01	1.421137e+03
1.450000e-06	5.961594e-06	2.169778e-08	4.274278e+01	1.425015e+03
1.460000e-06	6.004694e-06	2.175551e-08	4.305180e+01	1.428646e+03
1.470000e-06	6.045542e-06	2.180890e-08	4.334467e+01	1.432032e+03
1.480000e-06	6.084177e-06	2.185817e-08	4.362167e+01	1.435176e+03
1.490000e-06	6.120852e-06	2.190365e-08	4.388461e+01	1.438086e+03
1.500000e-06	6.155377e-06	2.194437e-08	4.413215e+01	1.440765e+03
1.510000e-06	6.187616e-06	2.198059e-08	4.436329e+01	1.443213e+03
1.520000e-06	6.217741e-06	2.201287e-08	4.457928e+01	1.445429e+03
1.530000e-06	6.245828e-06	2.204315e-08	4.478065e+01	1.447409e+03
1.540000e-06	6.271576e-06	2.206902e-08	4.496526e+01	1.449154e+03
1.550000e-06	6.294822e-06	2.209112e-08	4.513192e+01	1.450665e+03
1.560000e-06	6.315885e-06	2.211156e-08	4.528294e+01	1.451955e+03
1.570000e-06	6.334883e-06	2.213100e-08	4.541915e+01	1.453039e+03
1.580000e-06	6.351540e-06	2.214830e-08	4.553858e+01	1.453939e+03
1.590000e-06	6.365802e-06	2.216189e-08	4.564083e+01	1.454677e+03
1.600000e-06	6.377711e-06	2.217136e-08	4.572621e+01	1.455270e+03
1.610000e-06	6.387005e-06	2.217796e-08	4.579285e+01	1.455729e+03
1.620000e-06	6.393801e-06	2.218243e-08	4.584157e+01	1.456055e+03
1.630000e-06	6.398453e-06	2.218535e-08	4.587493e+01	1.456240e+03
1.640000e-06	6.400859e-06	2.218627e-08	4.589218e+01	1.456271e+03
1.650000e-06	6.400918e-06	2.219052e-08	4.589260e+01	1.456134e+03
1.660000e-06	6.398856e-06	2.218355e-08	4.587782e+01	1.455821e+03
1.670000e-06	6.394856e-06	2.217543e-08	4.584914e+01	1.455329e+03
1.680000e-06	6.388596e-06	2.216694e-08	4.580426e+01	1.454667e+03
1.690000e-06	6.380124e-06	2.215451e-08	4.574352e+01	1.453854e+03
1.700000e-06	6.369786e-06	2.214268e-08	4.566940e+01	1.452912e+03
1.710000e-06	6.357306e-06	2.213203e-08	4.557991e+01	1.451862e+03
1.720000e-06	6.342501e-06	2.213196e-08	4.547377e+01	1.450723e+03
1.730000e-06	6.325601e-06	2.210673e-08	4.535260e+01	1.449501e+03
1.740000e-06	6.306662e-06	2.196981e-08	4.521681e+01	1.448190e+03
1.750000e-06	6.284909e-06	2.197672e-08	4.506085e+01	1.446776e+03
1.760000e-06	6.259982e-06	2.202558e-08	4.488213e+01	1.445237e+03
1.770000e-06	6.232708e-06	2.197069e-08	4.468659e+01	1.443549e+03
1.780000e-06	6.203561e-06	2.204049e-08	4.447761e+01	1.441693e+03
1.790000e-06	6.172700e-06	2.206274e-08	4.425635e+01	1.439657e+03
1.800000e-06	6.140473e-06	2.180845e-08	4.402529e+01	1.437439e+03
1.810000e-06	6.106290e-06	2.190917e-08	4.378021e+01	1.435045e+03
1.820000e-06	6.069992e-06	2.184166e-08	4.351997e+01	1.432482e+03
1.830000e-06	6.031655e-06	2.163632e-08	4.324510e+01	1.429760e+03
1.840000e-06	5.990900e-06	2.188394e-08	4.295290e+01	1.426884e+03
1.850000e-06	5.948140e-06	2.168323e-08	4.264632e+01	1.423850e+03
1.860000e-06	5.903487e-06	2.160104e-08	4.232617e+01	1.420649e+03
1.870000e-06	5.856658e-06	2.164820e-08	4.199043e+01	1.417263e+03
1.880000e-06	5.807695e-06	2.144963e-08	4.163938e+01	1.413674e+03
1.890000e-06	5.756270e-06	2.156601e-08	4.127068e+01	1.409866e+03
1.900000e-06	5.702238e-06	2.145124e-08	4.088329e+01	1.405826e+03
1.910000e-06	5.645981e-06	2.134972e-08	4.047994e+01	1.401552e+03
1.920000e-06	5.587709e-06	2.136224e-08	4.006215e+01	1.397047e+03
1.930000e-06	5.527586e-06	2.115768e-08	3.963108e+01	1.392318e+03
1.940000e-06	5.465341e-06	2.120767e-08	3.918481e+01	1.387374e+03
1.950000e-06	5.400912e-06	2.107412e-08	3.872287e+01	1.382220e+03
1.960000e-06	5.334490e-06	2.102998e-08	3.824664e+01	1.376855e+03
1.970000e-06	5.266076e-06	2.096318e-08	3.775613e+01	1.371271e+03
1.980000e-06	5.195582e-06	2.078359e-08	3.725071e+01	1.365452e+03
1.990000e-06	5.123045e-06	2.077995e-08	3.673065e+01	1.359378e+03
2.000000e-06	5.048780e-06	2.061620e-08	3.619819e+01	1.353028e+03
2.010000e-06	4.972571e-06	2.056163e-08	3.565180e+01	1.346382e+03
2.020000e-06	4.894235e-06	2.044515e-08	3.509015e+01	1.339427e+03
2.030000e-06	4.814045e-06	2.030984e-08	3.451522e+01	1.332153e+03
2.040000e-06	4.732160e-06	2.022758e-08	3.392812e+01	1.324554e+03
2.050000e-06	4.648722e-06	2.006519e-08	3.332990e+01	1.316630e+03
2.060000e-06	4.563720e-06	1.998246e-08	3.272046e+01	1.308377e+03
2.070000e-06	4.477050e-06	1.983310e-08	3.209906e+01	1.299792e+03
2.080000e-06	4.388734e-06	1.971477e-08	3.146586e+01	1.290867e+03
2.090000e-06	4.298893e-06	1.956228e-08	3.082174e+01	1.281589e+03
2.100000e-06	4.207674e-06	1.940750e-08	3.016772e+01	1.271945e+03
2.110000e-06	4.115025e-06	1.927401e-08	2.950346e+01	1.261919e+03
2.120000e-06	4.020951e-06	1.909978e-08	2.882897e+01	1.251493e+03
2.130000e-06	3.925354e-06	1.894216e-08	2.814357e+01	1.240650e+03
2.140000e-06	3.828293e-06	1.875810e-08	2.744768e+01	1.229373e+03
2.150000e-06	3.729970e-06	1.859525e-08	2.674273e+01	1.217640e+03
2.160000e-06	3.630360e-06	1.840672e-08	2.602856e+01	1.205429e+03
2.170000e-06	3.529412e-06	1.822218e-08	2.530479e+01	1.192711e+03
2.180000e-06	3.427048e-06	1.802153e-08	2.457087e+01	1.179451e+03
2.190000e-06	3.323244e-06	1.781064e-08	2.382663e+01	1.165610e+03
2.200000e-06	3.218169e-06	1.758826e-08	2.307328e+01	1.151146e+03
2.210000e-06	3.112045e-06	1.735599e-08	2.231240e+01	1.136014e+03
2.220000e-06	3.004900e-06	1.712248e-08	2.154421e+01	1.120172e+03
2.230000e-06	2.896726e-06	1.686866e-08	2.076863e+01	1.103576e+03
2.240000e-06	2.787578e-06	1.660421e-08	1.998607e+01	1.086185e+03
2.250000e-06	2.677366e-06	1.632366e-08	1.919589e+01	1.067956e+03
2.260000e-06	2.566037e-06	1.603800e-08	1.839769e+01	1.048845e+03
2.270000e-06	2.453730e-06	1.573286e-08	1.759248e+01	1.028799e+03
2.280000e-06	2.340494e-06	1.541819e-08	1.678062e+01	1.007757e+03
2.290000e-06	2.226288e-06	1.508439e-08	1.596180e+01	9.856494e+02
2.300000e-06	2.111172e-06	1.472998e-08	1.513645e+01	9.623967e+02
2.310000e-06	1.995224e-06	1.435397e-08	1.430514e+01	9.379104e+02
2.320000e-06	1.878488e-06	1.396059e-08	1.346818e+01	9.120953e+02
2.330000e-06	1.761040e-06	1.354889e-08	1.262611e+01	8.848507e+02
2.340000e-06	1.642954e-06	1.311349e-08	1.177947e+01	8.560712e+02
2.350000e-06	1.524237e-06	1.265041e-08	1.092830e+01	8.256484e+02
2.360000e-06	1.404833e-06	1.215565e-08	1.007222e+01	7.934723e+02
2.370000e-06	1.284922e-06	1.163459e-08	9.212496e+00	7.594352e+02
2.380000e-06	1.164619e-06	1.108180e-08	8.349960e+00	7.234394e+02
2.390000e-06	1.043967e-06	1.050309e-08	7.484923e+00	6.854080e+02
2.400000e-06	9.230385e-07	9.893919e-09	6.617900e+00	6.452998e+02
2.410000e-06	8.018378e-07	9.251419e-09	5.748929e+00	6.031257e+02
2.420000e-06	6.803560e-07	8.575991e-09	4.877942e+00	5.589639e+02
2.430000e-06	5.586412e-07	7.871372e-09	4.005284e+00	5.129690e+02
2.440000e-06	4.368129e-07	7.144199e-09	3.131814e+00	4.653725e+02
2.450000e-06	3.148144e-07	6.395603e-09	2.257122e+00	4.164705e+02
2.460000e-06	1.926036e-07	5.631482e-09	1.380909e+00	3.665987e+02
2.470000e-06	7.037231e-08	4.858061e-09	5.045477e-01	3.160964e+02
2.480000e-06	-5.183288e-08	4.082230e-09	-3.716257e-01	2.652652e+02
2.490000e-06	-1.740600e-07	3.306151e-09	-1.247957e+00	2.143270e+02
2.500000e-06	-2.962791e-07	2.529643e-09	-2.124229e+00	1.633928e+02
2.510000e-06	-4.184773e-07	1.754322e-09	-3.000353e+00	1.124466e+02
2.520000e-06	-5.405280e-07	9.746467e-10	-3.875418e+00	6.135058e+01
2.530000e-06	-6.624028e-07	1.866454e-10	-4.749223e+00	9.872597e+00
2.540000e-06	-7.840364e-07	-6.105821e-10	-5.621298e+00	-4.226656e+01
2.550000e-06	-9.053247e-07	-1.420443e-09	-6.490898e+00	-9.533418e+01
2.560000e-06	-1.026366e-06	-2.246356e-09	-7.358726e+00	-1.495238e+02
2.570000e-06	-1.147142e-06	-3.093383e-09	-8.224652e+00	-2.049018e+02
2.580000e-06	-1.267585e-06	-3.956271e-09	-9.088195e+00	-2.613720e+02
2.590000e-06	-1.387646e-06	-4.830282e-09	-9.948993e+00	-3.186648e+02
2.600000e-06	-1.507188e-06	-5.712002e-09	-1.080607e+01	-3.763524e+02
2.610000e-06	-1.626040e-06	-6.591895e-09	-1.165821e+01	-4.338892e+02
2.620000e-06	-1.744105e-06	-7.460705e-09	-1.250469e+01	-4.906672e+02
2.630000e-06	-1.861422e-06	-8.308175e-09	-1.334582e+01	-5.460799e+02
2.640000e-06	-1.977916e-06	-9.125999e-09	-1.418104e+01	-5.995821e+02
2.650000e-06	-2.093495e-06	-9.908759e-09	-1.500971e+01	-6.507368e+02
2.660000e-06	-2.208239e-06	-1.065022e-08	-1.583239e+01	-6.992427e+02
2.670000e-06	-2.322088e-06	-1.134932e-08	-1.664865e+01	-7.449415e+02
2.680000e-06	-2.434834e-06	-1.200781e-08	-1.745701e+01	-7.878047e+02
2.690000e-06	-2.546509e-06	-1.262427e-08	-1.825768e+01	-8.279068e+02
2.700000e-06	-2.657127e-06	-1.319974e-08	-1.905078e+01	-8.653917e+02
2.710000e-06	-2.766733e-06	-1.373726e-08	-1.983662e+01	-9.004389e+02
2.720000e-06	-2.875506e-06	-1.423978e-08	-2.061649e+01	-9.332356e+02
2.730000e-06	-2.983379e-06	-1.470987e-08	-2.138991e+01	-9.639588e+02
2.740000e-06	-3.090299e-06	-1.515214e-08	-2.215648e+01	-9.927670e+02
2.750000e-06	-3.196156e-06	-1.556757e-08	-2.291545e+01	-1.019800e+03
2.760000e-06	-3.300934e-06	-1.595811e-08	-2.366667e+01	-1.045186e+03
2.770000e-06	-3.404595e-06	-1.632573e-08	-2.440989e+01	-1.069043e+03
2.780000e-06	-3.506894e-06	-1.666926e-08	-2.514334e+01	-1.091488e+03
2.790000e-06	-3.607855e-06	-1.699117e-08	-2.586721e+01	-1.112639e+03
2.800000e-06	-3.707539e-06	-1.729702e-08	-2.658191e+01	-1.132604e+03
2.810000e-06	-3.805977e-06	-1.758738e-08	-2.728768e+01	-1.151487e+03
2.820000e-06	-3.903162e-06	-1.786077e-08	-2.798446e+01	-1.169375e+03
2.830000e-06	-3.999053e-06	-1.811885e-08	-2.867197e+01	-1.186340e+03
2.840000e-06	-4.093525e-06	-1.836468e-08	-2.934931e+01	-1.202435e+03
2.850000e-06	-4.186465e-06	-1.859907e-08	-3.001566e+01	-1.217701e+03
2.860000e-06	-4.277982e-06	-1.882164e-08	-3.067180e+01	-1.232173e+03
2.870000e-06	-4.367953e-06	-1.903318e-08	-3.131688e+01	-1.245885e+03
2.880000e-06	-4.456337e-06	-1.923557e-08	-3.195056e+01	-1.258872e+03
2.890000e-06	-4.543059e-06	-1.942692e-08	-3.257233e+01	-1.271181e+03
2.900000e-06	-4.628033e-06	-1.960565e-08	-3.318157e+01	-1.282859e+03
2.910000e-06	-4.711475e-06	-1.977474e-08	-3.377982e+01	-1.293959e+03
2.920000e-06	-4.793326e-06	-1.993465e-08	-3.436666e+01	-1.304525e+03
2.930000e-06	-4.873480e-06	-2.008614e-08	-3.494134e+01	-1.314595e+03
2.940000e-06	-4.951694e-06	-2.023147e-08	-3.550211e+01	-1.324190e+03
2.950000e-06	-5.027836e-06	-2.037126e-08	-3.604803e+01	-1.333321e+03
2.960000e-06	-5.102074e-06	-2.050472e-08	-3.658029e+01	-1.341986e+03
2.970000e-06	-5.174496e-06	-2.063032e-08	-3.709953e+01	-1.350183e+03
2.980000e-06	-5.244930e-06	-2.074611e-08	-3.760452e+01	-1.357909e+03
2.990000e-06	-5.313330e-06	-2.085533e-08	-3.809493e+01	-1.365172e+03
3.000000e-06	-5.379918e-06	-2.095857e-08	-3.857234e+01	-1.371992e+03
3.010000e-06	-5.444739e-06	-2.105574e-08	-3.903710e+01	-1.378401e+03
3.020000e-06	-5.507604e-06	-2.114877e-08	-3.948782e+01	-1.384439e+03
3.030000e-06	-5.568336e-06	-2.123697e-08	-3.992325e+01	-1.390149e+03
3.040000e-06	-5.627065e-06	-2.132049e-08	-4.034432e+01	-1.395573e+03
3.050000e-06	-5.683996e-06	-2.140005e-08	-4.075249e+01	-1.400742e+03
3.060000e-06	-5.738987e-06	-2.147437e-08	-4.114676e+01	-1.405676e+03
3.070000e-06	-5.791616e-06	-2.154639e-08	-4.152410e+01	-1.410383e+03
3.080000e-06	-5.841868e-06	-2.161401e-08	-4.188438e+01	-1.414862e+03
3.090000e-06	-5.889713e-06	-2.167780e-08	-4.222742e+01	-1.419106e+03
3.100000e-06	-5.935328e-06	-2.173794e-08	-4.255446e+01	-1.423107e+03
3.110000e-06	-5.979174e-06	-2.179542e-08	-4.286883e+01	-1.426862e+03
3.120000e-06	-6.021151e-06	-2.185020e-08	-4.316979e+01	-1.430369e+03
3.130000e-06	-6.061112e-06	-2.189922e-08	-4.345630e+01	-1.433634e+03
3.140000e-06	-6.098864e-06	-2.194456e-08	-4.372697e+01	-1.436660e+03
3.150000e-06	-6.134285e-06	-2.198954e-08	-4.398093e+01	-1.439454e+03
3.160000e-06	-6.167572e-06	-2.203028e-08	-4.421958e+01	-1.442018e+03
3.170000e-06	-6.198666e-06	-2.206571e-08	-4.444252e+01	-1.444350e+03
3.180000e-06	-6.227521e-06	-2.209486e-08	-4.464940e+01	-1.446449e+03
3.190000e-06	-6.254222e-06	-2.212184e-08	-4.484084e+01	-1.448311e+03
3.200000e-06	-6.278735e-06	-2.214435e-08	-4.501659e+01	-1.449938e+03
3.210000e-06	-6.300900e-06	-2.216414e-08	-4.517551e+01	-1.451337e+03
3.220000e-06	-6.320803e-06	-2.218294e-08	-4.531821e+01	-1.452521e+03
3.230000e-06	-6.338641e-06	-2.220036e-08	-4.544609e+01	-1.453511e+03
3.240000e-06	-6.354218e-06	-2.221496e-08	-4.555778e+01	-1.454327e+03
3.250000e-06	-6.367173e-06	-2.222509e-08	-4.565066e+01	-1.454991e+03
3.260000e-06	-6.377581e-06	-2.223302e-08	-4.572528e+01	-1.455516e+03
3.270000e-06	-6.385769e-06	-2.223456e-08	-4.578399e+01	-1.455909e+03
3.280000e-06	-6.391564e-06	-2.223314e-08	-4.582554e+01	-1.456166e+03
3.290000e-06	-6.394982e-06	-2.223014e-08	-4.585005e+01	-1.456276e+03
3.300000e-06	-6.396307e-06	-2.222414e-08	-4.585954e+01	-1.456224e+03
