# Temperatura_=_58.84
# Concentracion g/m^3_=_28200.0
# C_Vs_to_Am_M_A/Vsm_=_65563218390.804596
# pendiente_HvsI_1/m_=_3716.3
# ordenada_HvsI_A/m_=_1297.0
# frecuencia_Hz_=_302131.36749796214

Tiempo_(s)	Campo_(V.s)	Magnetizacion_(V.s)	Campo_(kA/m)	Magnetizacion_(A/m)
0.000000e+00	-6.400855e-06	-2.409544e-08	-4.585063e+01	-1.577474e+03
1.000000e-08	-6.397696e-06	-2.409106e-08	-4.582800e+01	-1.577040e+03
2.000000e-08	-6.392476e-06	-2.408065e-08	-4.579061e+01	-1.576498e+03
3.000000e-08	-6.385368e-06	-2.407387e-08	-4.573969e+01	-1.575835e+03
4.000000e-08	-6.376151e-06	-2.406209e-08	-4.567367e+01	-1.575019e+03
5.000000e-08	-6.364481e-06	-2.403971e-08	-4.559008e+01	-1.574014e+03
6.000000e-08	-6.350413e-06	-2.401272e-08	-4.548930e+01	-1.572784e+03
7.000000e-08	-6.334108e-06	-2.398507e-08	-4.537250e+01	-1.571308e+03
8.000000e-08	-6.315736e-06	-2.397302e-08	-4.524090e+01	-1.569584e+03
9.000000e-08	-6.295301e-06	-2.405508e-08	-4.509452e+01	-1.567642e+03
1.000000e-07	-6.272550e-06	-2.398337e-08	-4.493155e+01	-1.565531e+03
1.100000e-07	-6.247107e-06	-2.386041e-08	-4.474930e+01	-1.563320e+03
1.200000e-07	-6.219126e-06	-2.383193e-08	-4.454887e+01	-1.561079e+03
1.300000e-07	-6.189257e-06	-2.376093e-08	-4.433491e+01	-1.558860e+03
1.400000e-07	-6.157903e-06	-2.360043e-08	-4.411031e+01	-1.556690e+03
1.500000e-07	-6.124788e-06	-2.378698e-08	-4.387310e+01	-1.554554e+03
1.600000e-07	-6.089571e-06	-2.378945e-08	-4.362083e+01	-1.552397e+03
1.700000e-07	-6.052564e-06	-2.349380e-08	-4.335575e+01	-1.550135e+03
1.800000e-07	-6.013668e-06	-2.367157e-08	-4.307713e+01	-1.547666e+03
1.900000e-07	-5.972266e-06	-2.351983e-08	-4.278056e+01	-1.544892e+03
2.000000e-07	-5.928593e-06	-2.340511e-08	-4.246772e+01	-1.541739e+03
2.100000e-07	-5.882893e-06	-2.352156e-08	-4.214036e+01	-1.538170e+03
2.200000e-07	-5.834923e-06	-2.335273e-08	-4.179674e+01	-1.534190e+03
2.300000e-07	-5.784488e-06	-2.330709e-08	-4.143546e+01	-1.529847e+03
2.400000e-07	-5.731503e-06	-2.323599e-08	-4.105592e+01	-1.525210e+03
2.500000e-07	-5.676392e-06	-2.313443e-08	-4.066115e+01	-1.520359e+03
2.600000e-07	-5.619087e-06	-2.312150e-08	-4.025066e+01	-1.515362e+03
2.700000e-07	-5.559561e-06	-2.302153e-08	-3.982427e+01	-1.510257e+03
2.800000e-07	-5.498120e-06	-2.296214e-08	-3.938415e+01	-1.505048e+03
2.900000e-07	-5.434741e-06	-2.284651e-08	-3.893016e+01	-1.499702e+03
3.000000e-07	-5.369234e-06	-2.276775e-08	-3.846092e+01	-1.494163e+03
3.100000e-07	-5.301607e-06	-2.267115e-08	-3.797649e+01	-1.488362e+03
3.200000e-07	-5.232017e-06	-2.255740e-08	-3.747800e+01	-1.482237e+03
3.300000e-07	-5.160651e-06	-2.251255e-08	-3.696679e+01	-1.475749e+03
3.400000e-07	-5.087419e-06	-2.237459e-08	-3.644222e+01	-1.468884e+03
3.500000e-07	-5.012073e-06	-2.227715e-08	-3.590250e+01	-1.461656e+03
3.600000e-07	-4.934683e-06	-2.215689e-08	-3.534814e+01	-1.454098e+03
3.700000e-07	-4.855147e-06	-2.202683e-08	-3.477840e+01	-1.446246e+03
3.800000e-07	-4.773716e-06	-2.193080e-08	-3.419510e+01	-1.438130e+03
3.900000e-07	-4.690771e-06	-2.179067e-08	-3.360095e+01	-1.429758e+03
4.000000e-07	-4.606399e-06	-2.165129e-08	-3.299658e+01	-1.421114e+03
4.100000e-07	-4.520598e-06	-2.150518e-08	-3.238197e+01	-1.412160e+03
4.200000e-07	-4.433407e-06	-2.137247e-08	-3.175740e+01	-1.402844e+03
4.300000e-07	-4.344784e-06	-2.122415e-08	-3.112258e+01	-1.393113e+03
4.400000e-07	-4.254463e-06	-2.105864e-08	-3.047559e+01	-1.382923e+03
4.500000e-07	-4.162530e-06	-2.091089e-08	-2.981705e+01	-1.372249e+03
4.600000e-07	-4.069177e-06	-2.073366e-08	-2.914834e+01	-1.361087e+03
4.700000e-07	-3.974444e-06	-2.055739e-08	-2.846975e+01	-1.349448e+03
4.800000e-07	-3.878394e-06	-2.037134e-08	-2.778173e+01	-1.337349e+03
4.900000e-07	-3.780816e-06	-2.018318e-08	-2.708276e+01	-1.324801e+03
5.000000e-07	-3.681676e-06	-1.998095e-08	-2.637259e+01	-1.311799e+03
5.100000e-07	-3.581207e-06	-1.976613e-08	-2.565292e+01	-1.298319e+03
5.200000e-07	-3.479513e-06	-1.955033e-08	-2.492446e+01	-1.284312e+03
5.300000e-07	-3.376608e-06	-1.932349e-08	-2.418733e+01	-1.269716e+03
5.400000e-07	-3.272563e-06	-1.909669e-08	-2.344204e+01	-1.254463e+03
5.500000e-07	-3.167274e-06	-1.884877e-08	-2.268783e+01	-1.238490e+03
5.600000e-07	-3.060585e-06	-1.859441e-08	-2.192359e+01	-1.221748e+03
5.700000e-07	-2.952681e-06	-1.832253e-08	-2.115066e+01	-1.204201e+03
5.800000e-07	-2.843726e-06	-1.804088e-08	-2.037019e+01	-1.185826e+03
5.900000e-07	-2.733815e-06	-1.774840e-08	-1.958287e+01	-1.166602e+03
6.000000e-07	-2.623024e-06	-1.744030e-08	-1.878926e+01	-1.146502e+03
6.100000e-07	-2.511337e-06	-1.711865e-08	-1.798922e+01	-1.125478e+03
6.200000e-07	-2.398621e-06	-1.677763e-08	-1.718181e+01	-1.103461e+03
6.300000e-07	-2.284761e-06	-1.642399e-08	-1.636621e+01	-1.080357e+03
6.400000e-07	-2.169796e-06	-1.604907e-08	-1.554269e+01	-1.056054e+03
6.500000e-07	-2.053947e-06	-1.565779e-08	-1.471284e+01	-1.030433e+03
6.600000e-07	-1.937370e-06	-1.524350e-08	-1.387778e+01	-1.003373e+03
6.700000e-07	-1.820108e-06	-1.480722e-08	-1.303781e+01	-9.747652e+02
6.800000e-07	-1.702284e-06	-1.434713e-08	-1.219381e+01	-9.445102e+02
6.900000e-07	-1.583896e-06	-1.385870e-08	-1.134577e+01	-9.125166e+02
7.000000e-07	-1.464960e-06	-1.334286e-08	-1.049381e+01	-8.786931e+02
7.100000e-07	-1.345612e-06	-1.279606e-08	-9.638895e+00	-8.429418e+02
7.200000e-07	-1.225915e-06	-1.222381e-08	-8.781480e+00	-8.051550e+02
7.300000e-07	-1.105877e-06	-1.161431e-08	-7.921623e+00	-7.652206e+02
7.400000e-07	-9.854946e-07	-1.097036e-08	-7.059299e+00	-7.230374e+02
7.500000e-07	-8.646928e-07	-1.029243e-08	-6.193970e+00	-6.785390e+02
7.600000e-07	-7.435315e-07	-9.581660e-09	-5.326068e+00	-6.317223e+02
7.700000e-07	-6.220558e-07	-8.834320e-09	-4.455912e+00	-5.826728e+02
7.800000e-07	-5.002828e-07	-8.053858e-09	-3.583627e+00	-5.315807e+02
7.900000e-07	-3.782910e-07	-7.251099e-09	-2.709775e+00	-4.787387e+02
8.000000e-07	-2.561404e-07	-6.425421e-09	-1.834786e+00	-4.245203e+02
8.100000e-07	-1.338408e-07	-5.585954e-09	-9.587286e-01	-3.693383e+02
8.200000e-07	-1.144399e-08	-4.738338e-09	-8.197566e-02	-3.135898e+02
8.300000e-07	1.109825e-07	-3.889741e-09	7.949905e-01	-2.575976e+02
8.400000e-07	2.334699e-07	-3.037825e-09	1.672392e+00	-2.015592e+02
8.500000e-07	3.558597e-07	-2.185341e-09	2.549095e+00	-1.455162e+02
8.600000e-07	4.780852e-07	-1.328339e-09	3.424622e+00	-8.935065e+01
8.700000e-07	6.002209e-07	-4.644586e-10	4.299505e+00	-3.281308e+01
8.800000e-07	7.221834e-07	4.083495e-10	5.173147e+00	2.442256e+01
8.900000e-07	8.437903e-07	1.295367e-09	6.044242e+00	8.268513e+01
9.000000e-07	9.650029e-07	2.198158e-09	6.912512e+00	1.422272e+02
9.100000e-07	1.085743e-06	3.123872e-09	7.777398e+00	2.031553e+02
9.200000e-07	1.205979e-06	4.069557e-09	8.638672e+00	2.653827e+02
9.300000e-07	1.325808e-06	5.033215e-09	9.497034e+00	3.286126e+02
9.400000e-07	1.445233e-06	6.006330e-09	1.035250e+01	3.923568e+02
9.500000e-07	1.564200e-06	6.978230e-09	1.120468e+01	4.559825e+02
9.600000e-07	1.682586e-06	7.934823e-09	1.205271e+01	5.187819e+02
9.700000e-07	1.800395e-06	8.863358e-09	1.289660e+01	5.800495e+02
9.800000e-07	1.917533e-06	9.757017e-09	1.373568e+01	6.391539e+02
9.900000e-07	2.033877e-06	1.061172e-08	1.456907e+01	6.955939e+02
1.000000e-06	2.149365e-06	1.142795e-08	1.539634e+01	7.490301e+02
1.010000e-06	2.263955e-06	1.219334e-08	1.621717e+01	7.992917e+02
1.020000e-06	2.377529e-06	1.290919e-08	1.703072e+01	8.463584e+02
1.030000e-06	2.489981e-06	1.357446e-08	1.783624e+01	8.903281e+02
1.040000e-06	2.601436e-06	1.419483e-08	1.863461e+01	9.313755e+02
1.050000e-06	2.712057e-06	1.477679e-08	1.942702e+01	9.697121e+02
1.060000e-06	2.821821e-06	1.532387e-08	2.021327e+01	1.005555e+03
1.070000e-06	2.930616e-06	1.583766e-08	2.099260e+01	1.039105e+03
1.080000e-06	3.038506e-06	1.631367e-08	2.176544e+01	1.070540e+03
1.090000e-06	3.145450e-06	1.675815e-08	2.253150e+01	1.100015e+03
1.100000e-06	3.251124e-06	1.717480e-08	2.328846e+01	1.127669e+03
1.110000e-06	3.355348e-06	1.756888e-08	2.403504e+01	1.153634e+03
1.120000e-06	3.458301e-06	1.793775e-08	2.477251e+01	1.178036e+03
1.130000e-06	3.560135e-06	1.828648e-08	2.550197e+01	1.201006e+03
1.140000e-06	3.660852e-06	1.861706e-08	2.622343e+01	1.222667e+03
1.150000e-06	3.760438e-06	1.893231e-08	2.693678e+01	1.243138e+03
1.160000e-06	3.858547e-06	1.922823e-08	2.763956e+01	1.262521e+03
1.170000e-06	3.955002e-06	1.950497e-08	2.833048e+01	1.280902e+03
1.180000e-06	4.050008e-06	1.976799e-08	2.901103e+01	1.298348e+03
1.190000e-06	4.143675e-06	2.001888e-08	2.968198e+01	1.314909e+03
1.200000e-06	4.236094e-06	2.025764e-08	3.034400e+01	1.330625e+03
1.210000e-06	4.327172e-06	2.048411e-08	3.099641e+01	1.345531e+03
1.220000e-06	4.416525e-06	2.069794e-08	3.163647e+01	1.359665e+03
1.230000e-06	4.504098e-06	2.089907e-08	3.226377e+01	1.373066e+03
1.240000e-06	4.590111e-06	2.109045e-08	3.287990e+01	1.385780e+03
1.250000e-06	4.674642e-06	2.127187e-08	3.348541e+01	1.397858e+03
1.260000e-06	4.757630e-06	2.144575e-08	3.407987e+01	1.409347e+03
1.270000e-06	4.838815e-06	2.161246e-08	3.466142e+01	1.420290e+03
1.280000e-06	4.918010e-06	2.177235e-08	3.522871e+01	1.430723e+03
1.290000e-06	4.995428e-06	2.192460e-08	3.578327e+01	1.440668e+03
1.300000e-06	5.071079e-06	2.207058e-08	3.632517e+01	1.450140e+03
1.310000e-06	5.144580e-06	2.220974e-08	3.685167e+01	1.459145e+03
1.320000e-06	5.216086e-06	2.234173e-08	3.736389e+01	1.467687e+03
1.330000e-06	5.285812e-06	2.246654e-08	3.786335e+01	1.475767e+03
1.340000e-06	5.353784e-06	2.258298e-08	3.835024e+01	1.483395e+03
1.350000e-06	5.419705e-06	2.269151e-08	3.882245e+01	1.490583e+03
1.360000e-06	5.483487e-06	2.279316e-08	3.927933e+01	1.497354e+03
1.370000e-06	5.545469e-06	2.289140e-08	3.972332e+01	1.503734e+03
1.380000e-06	5.605775e-06	2.298608e-08	4.015531e+01	1.509755e+03
1.390000e-06	5.664053e-06	2.307500e-08	4.057277e+01	1.515448e+03
1.400000e-06	5.720127e-06	2.315842e-08	4.097443e+01	1.520846e+03
1.410000e-06	5.774191e-06	2.323638e-08	4.136171e+01	1.525973e+03
1.420000e-06	5.825992e-06	2.330898e-08	4.173277e+01	1.530851e+03
1.430000e-06	5.875308e-06	2.337567e-08	4.208602e+01	1.535493e+03
1.440000e-06	5.922367e-06	2.344045e-08	4.242312e+01	1.539904e+03
1.450000e-06	5.967480e-06	2.350408e-08	4.274628e+01	1.544084e+03
1.460000e-06	6.010531e-06	2.356654e-08	4.305466e+01	1.548025e+03
1.470000e-06	6.051383e-06	2.362717e-08	4.334729e+01	1.551717e+03
1.480000e-06	6.090077e-06	2.368248e-08	4.362446e+01	1.555151e+03
1.490000e-06	6.126832e-06	2.373078e-08	4.388774e+01	1.558319e+03
1.500000e-06	6.161440e-06	2.377193e-08	4.413565e+01	1.561219e+03
1.510000e-06	6.193628e-06	2.380936e-08	4.436622e+01	1.563853e+03
1.520000e-06	6.223623e-06	2.384446e-08	4.458108e+01	1.566232e+03
1.530000e-06	6.251645e-06	2.387750e-08	4.478180e+01	1.568369e+03
1.540000e-06	6.277388e-06	2.390765e-08	4.496621e+01	1.570279e+03
1.550000e-06	6.300615e-06	2.393382e-08	4.513259e+01	1.571975e+03
1.560000e-06	6.321728e-06	2.395639e-08	4.528383e+01	1.573465e+03
1.570000e-06	6.340771e-06	2.397606e-08	4.542023e+01	1.574751e+03
1.580000e-06	6.357405e-06	2.399361e-08	4.553939e+01	1.575830e+03
1.590000e-06	6.371619e-06	2.400687e-08	4.564121e+01	1.576697e+03
1.600000e-06	6.383445e-06	2.401668e-08	4.572591e+01	1.577347e+03
1.610000e-06	6.392732e-06	2.402419e-08	4.579244e+01	1.577780e+03
1.620000e-06	6.399573e-06	2.402873e-08	4.584144e+01	1.578005e+03
1.630000e-06	6.404321e-06	2.403122e-08	4.587546e+01	1.578042e+03
1.640000e-06	6.406714e-06	2.403091e-08	4.589260e+01	1.577915e+03
1.650000e-06	6.406613e-06	2.403194e-08	4.589188e+01	1.577650e+03
1.660000e-06	6.404409e-06	2.401872e-08	4.587608e+01	1.577270e+03
1.670000e-06	6.400236e-06	2.401478e-08	4.584619e+01	1.576783e+03
1.680000e-06	6.393958e-06	2.400809e-08	4.580122e+01	1.576183e+03
1.690000e-06	6.385494e-06	2.399328e-08	4.574059e+01	1.575448e+03
1.700000e-06	6.375039e-06	2.397864e-08	4.566570e+01	1.574543e+03
1.710000e-06	6.362308e-06	2.396405e-08	4.557451e+01	1.573429e+03
1.720000e-06	6.347273e-06	2.396711e-08	4.546681e+01	1.572077e+03
1.730000e-06	6.330358e-06	2.392695e-08	4.534564e+01	1.570476e+03
1.740000e-06	6.311477e-06	2.377884e-08	4.521039e+01	1.568638e+03
1.750000e-06	6.289721e-06	2.380641e-08	4.505455e+01	1.566603e+03
1.760000e-06	6.264708e-06	2.383606e-08	4.487538e+01	1.564434e+03
1.770000e-06	6.237390e-06	2.375611e-08	4.467970e+01	1.562199e+03
1.780000e-06	6.208142e-06	2.390769e-08	4.447019e+01	1.559964e+03
1.790000e-06	6.177184e-06	2.385394e-08	4.424842e+01	1.557769e+03
1.800000e-06	6.144939e-06	2.351584e-08	4.401745e+01	1.555620e+03
1.810000e-06	6.110700e-06	2.372374e-08	4.377219e+01	1.553483e+03
1.820000e-06	6.074358e-06	2.367491e-08	4.351187e+01	1.551285e+03
1.830000e-06	6.036011e-06	2.360705e-08	4.323717e+01	1.548933e+03
1.840000e-06	5.995217e-06	2.381822e-08	4.294496e+01	1.546322e+03
1.850000e-06	5.952387e-06	2.345134e-08	4.263816e+01	1.543366e+03
1.860000e-06	5.907572e-06	2.350056e-08	4.231714e+01	1.540007e+03
1.870000e-06	5.860557e-06	2.350496e-08	4.198036e+01	1.536229e+03
1.880000e-06	5.811518e-06	2.329827e-08	4.162909e+01	1.532060e+03
1.890000e-06	5.759941e-06	2.342070e-08	4.125963e+01	1.527560e+03
1.900000e-06	5.705779e-06	2.318380e-08	4.087166e+01	1.522806e+03
1.910000e-06	5.649418e-06	2.317043e-08	4.046793e+01	1.517875e+03
1.920000e-06	5.590980e-06	2.314936e-08	4.004933e+01	1.512822e+03
1.930000e-06	5.530739e-06	2.293545e-08	3.961781e+01	1.507667e+03
1.940000e-06	5.468430e-06	2.300696e-08	3.917148e+01	1.502395e+03
1.950000e-06	5.403970e-06	2.281108e-08	3.870974e+01	1.496961e+03
1.960000e-06	5.337530e-06	2.281265e-08	3.823381e+01	1.491299e+03
1.970000e-06	5.269051e-06	2.266491e-08	3.774329e+01	1.485343e+03
1.980000e-06	5.198436e-06	2.251640e-08	3.723745e+01	1.479040e+03
1.990000e-06	5.125782e-06	2.254208e-08	3.671702e+01	1.472363e+03
2.000000e-06	5.051431e-06	2.234089e-08	3.618443e+01	1.465314e+03
2.010000e-06	4.975030e-06	2.229890e-08	3.563716e+01	1.457916e+03
2.020000e-06	4.896422e-06	2.210861e-08	3.507407e+01	1.450206e+03
2.030000e-06	4.816041e-06	2.200837e-08	3.449828e+01	1.442220e+03
2.040000e-06	4.734035e-06	2.191415e-08	3.391086e+01	1.433976e+03
2.050000e-06	4.650506e-06	2.174417e-08	3.331252e+01	1.425472e+03
2.060000e-06	4.565344e-06	2.165662e-08	3.270249e+01	1.416679e+03
2.070000e-06	4.478443e-06	2.148211e-08	3.208000e+01	1.407551e+03
2.080000e-06	4.389937e-06	2.137139e-08	3.144601e+01	1.398033e+03
2.090000e-06	4.299981e-06	2.117743e-08	3.080164e+01	1.388077e+03
2.100000e-06	4.208722e-06	2.102583e-08	3.014793e+01	1.377647e+03
2.110000e-06	4.116050e-06	2.087433e-08	2.948411e+01	1.366729e+03
2.120000e-06	4.021795e-06	2.069719e-08	2.880893e+01	1.355326e+03
2.130000e-06	3.926004e-06	2.052699e-08	2.812276e+01	1.343455e+03
2.140000e-06	3.828847e-06	2.032226e-08	2.742681e+01	1.331131e+03
2.150000e-06	3.730403e-06	2.014768e-08	2.672163e+01	1.318358e+03
2.160000e-06	3.630699e-06	1.993415e-08	2.600744e+01	1.305121e+03
2.170000e-06	3.529629e-06	1.973756e-08	2.528345e+01	1.291385e+03
2.180000e-06	3.427097e-06	1.951216e-08	2.454899e+01	1.277092e+03
2.190000e-06	3.323170e-06	1.929216e-08	2.380454e+01	1.262175e+03
2.200000e-06	3.218104e-06	1.904958e-08	2.305193e+01	1.246570e+03
2.210000e-06	3.111993e-06	1.880018e-08	2.229184e+01	1.230218e+03
2.220000e-06	3.004766e-06	1.854393e-08	2.152375e+01	1.213077e+03
2.230000e-06	2.896564e-06	1.827132e-08	2.074867e+01	1.195118e+03
2.240000e-06	2.787339e-06	1.799099e-08	1.996628e+01	1.176322e+03
2.250000e-06	2.676946e-06	1.769048e-08	1.917551e+01	1.156664e+03
2.260000e-06	2.565505e-06	1.738304e-08	1.837724e+01	1.136109e+03
2.270000e-06	2.453089e-06	1.705120e-08	1.757198e+01	1.114599e+03
2.280000e-06	2.339621e-06	1.671261e-08	1.675918e+01	1.092052e+03
2.290000e-06	2.225189e-06	1.634870e-08	1.593948e+01	1.068363e+03
2.300000e-06	2.109976e-06	1.596865e-08	1.511419e+01	1.043416e+03
2.310000e-06	1.994062e-06	1.556497e-08	1.428387e+01	1.017090e+03
2.320000e-06	1.877291e-06	1.514530e-08	1.344742e+01	9.892690e+02
2.330000e-06	1.759667e-06	1.470219e-08	1.260485e+01	9.598494e+02
2.340000e-06	1.641296e-06	1.422979e-08	1.175694e+01	9.287364e+02
2.350000e-06	1.522312e-06	1.372925e-08	1.090463e+01	8.958395e+02
2.360000e-06	1.402856e-06	1.319598e-08	1.004894e+01	8.610649e+02
2.370000e-06	1.282912e-06	1.263352e-08	9.189762e+00	8.243098e+02
2.380000e-06	1.162559e-06	1.203562e-08	8.327645e+00	7.854630e+02
2.390000e-06	1.041907e-06	1.140907e-08	7.463395e+00	7.444154e+02
2.400000e-06	9.209279e-07	1.074702e-08	6.596794e+00	7.010796e+02
2.410000e-06	7.996354e-07	1.005165e-08	5.727951e+00	6.554174e+02
2.420000e-06	6.780879e-07	9.319980e-09	4.857282e+00	6.074673e+02
2.430000e-06	5.563186e-07	8.553490e-09	3.985023e+00	5.573661e+02
2.440000e-06	4.343536e-07	7.760349e-09	3.111363e+00	5.053566e+02
2.450000e-06	3.123078e-07	6.942467e-09	2.237124e+00	4.517761e+02
2.460000e-06	1.901702e-07	6.106168e-09	1.362228e+00	3.970238e+02
2.470000e-06	6.785732e-08	5.255731e-09	4.860758e-01	3.415123e+02
2.480000e-06	-5.450919e-08	4.399234e-09	-3.904604e-01	2.856084e+02
2.490000e-06	-1.768709e-07	3.540152e-09	-1.266962e+00	2.295778e+02
2.500000e-06	-2.991819e-07	2.682419e-09	-2.143101e+00	1.735421e+02
2.510000e-06	-4.214074e-07	1.827085e-09	-3.018627e+00	1.174618e+02
2.520000e-06	-5.435177e-07	9.673337e-10	-3.893328e+00	6.114776e+01
2.530000e-06	-6.654238e-07	9.898128e-11	-4.766566e+00	4.303943e+00
2.540000e-06	-7.871859e-07	-7.841737e-10	-5.638773e+00	-5.340701e+01
2.550000e-06	-9.087512e-07	-1.684729e-09	-6.509570e+00	-1.122855e+02
2.560000e-06	-1.029959e-06	-2.603262e-09	-7.377806e+00	-1.725186e+02
2.570000e-06	-1.150771e-06	-3.542626e-09	-8.243210e+00	-2.341203e+02
2.580000e-06	-1.271119e-06	-4.499673e-09	-9.105284e+00	-2.968988e+02
2.590000e-06	-1.390978e-06	-5.471033e-09	-9.963856e+00	-3.604573e+02
2.600000e-06	-1.510427e-06	-6.448751e-09	-1.081949e+01	-4.242278e+02
2.610000e-06	-1.629445e-06	-7.418575e-09	-1.167205e+01	-4.875305e+02
2.620000e-06	-1.747820e-06	-8.370188e-09	-1.251999e+01	-5.496492e+02
2.630000e-06	-1.865266e-06	-9.293008e-09	-1.336128e+01	-6.099070e+02
2.640000e-06	-1.981737e-06	-1.017877e-08	-1.419559e+01	-6.677322e+02
2.650000e-06	-2.097403e-06	-1.101946e-08	-1.502412e+01	-7.227020e+02
2.660000e-06	-2.212226e-06	-1.181088e-08	-1.584662e+01	-7.745622e+02
2.670000e-06	-2.326101e-06	-1.255556e-08	-1.666234e+01	-8.232206e+02
2.680000e-06	-2.438952e-06	-1.325217e-08	-1.747071e+01	-8.687208e+02
2.690000e-06	-2.550634e-06	-1.390330e-08	-1.827071e+01	-9.112043e+02
2.700000e-06	-2.661202e-06	-1.451137e-08	-1.906274e+01	-9.508689e+02
2.710000e-06	-2.770854e-06	-1.508047e-08	-1.984819e+01	-9.879320e+02
2.720000e-06	-2.879608e-06	-1.561455e-08	-2.062722e+01	-1.022605e+03
2.730000e-06	-2.987466e-06	-1.611188e-08	-2.139983e+01	-1.055077e+03
2.740000e-06	-3.094422e-06	-1.657807e-08	-2.216597e+01	-1.085514e+03
2.750000e-06	-3.200380e-06	-1.701479e-08	-2.292497e+01	-1.114062e+03
2.760000e-06	-3.305210e-06	-1.742349e-08	-2.367589e+01	-1.140855e+03
2.770000e-06	-3.408864e-06	-1.781043e-08	-2.441839e+01	-1.166022e+03
2.780000e-06	-3.511297e-06	-1.817457e-08	-2.515214e+01	-1.189692e+03
2.790000e-06	-3.612287e-06	-1.851598e-08	-2.587555e+01	-1.211993e+03
2.800000e-06	-3.711999e-06	-1.883761e-08	-2.658980e+01	-1.233045e+03
2.810000e-06	-3.810527e-06	-1.914237e-08	-2.729558e+01	-1.252960e+03
2.820000e-06	-3.907755e-06	-1.943232e-08	-2.799204e+01	-1.271832e+03
2.830000e-06	-4.003787e-06	-1.970582e-08	-2.867994e+01	-1.289738e+03
2.840000e-06	-4.098380e-06	-1.996527e-08	-2.935753e+01	-1.306736e+03
2.850000e-06	-4.191314e-06	-2.021189e-08	-3.002324e+01	-1.322870e+03
2.860000e-06	-4.282838e-06	-2.044687e-08	-3.067884e+01	-1.338177e+03
2.870000e-06	-4.372937e-06	-2.067218e-08	-3.132424e+01	-1.352692e+03
2.880000e-06	-4.461398e-06	-2.088720e-08	-3.195791e+01	-1.366454e+03
2.890000e-06	-4.548218e-06	-2.108934e-08	-3.257981e+01	-1.379506e+03
2.900000e-06	-4.633298e-06	-2.127785e-08	-3.318925e+01	-1.391896e+03
2.910000e-06	-4.716707e-06	-2.145639e-08	-3.378673e+01	-1.403673e+03
2.920000e-06	-4.798585e-06	-2.162682e-08	-3.437324e+01	-1.414884e+03
2.930000e-06	-4.878873e-06	-2.179031e-08	-3.494836e+01	-1.425569e+03
2.940000e-06	-4.957134e-06	-2.194769e-08	-3.550896e+01	-1.435755e+03
2.950000e-06	-5.033245e-06	-2.209745e-08	-3.605416e+01	-1.445463e+03
2.960000e-06	-5.107510e-06	-2.223762e-08	-3.658614e+01	-1.454701e+03
2.970000e-06	-5.180045e-06	-2.237065e-08	-3.710572e+01	-1.463474e+03
2.980000e-06	-5.250666e-06	-2.249494e-08	-3.761159e+01	-1.471784e+03
2.990000e-06	-5.319212e-06	-2.261147e-08	-3.810260e+01	-1.479637e+03
3.000000e-06	-5.385870e-06	-2.272252e-08	-3.858009e+01	-1.487043e+03
3.010000e-06	-5.450753e-06	-2.282777e-08	-3.904485e+01	-1.494019e+03
3.020000e-06	-5.513640e-06	-2.292763e-08	-3.949533e+01	-1.500591e+03
3.030000e-06	-5.574426e-06	-2.302228e-08	-3.993075e+01	-1.506788e+03
3.040000e-06	-5.633232e-06	-2.311120e-08	-4.035198e+01	-1.512641e+03
3.050000e-06	-5.690166e-06	-2.319720e-08	-4.075982e+01	-1.518182e+03
3.060000e-06	-5.745126e-06	-2.327901e-08	-4.115351e+01	-1.523442e+03
3.070000e-06	-5.797826e-06	-2.335781e-08	-4.153100e+01	-1.528442e+03
3.080000e-06	-5.848112e-06	-2.343116e-08	-4.189122e+01	-1.533201e+03
3.090000e-06	-5.895871e-06	-2.350014e-08	-4.223333e+01	-1.537728e+03
3.100000e-06	-5.941443e-06	-2.356212e-08	-4.255977e+01	-1.542024e+03
3.110000e-06	-5.985210e-06	-2.362059e-08	-4.287328e+01	-1.546085e+03
3.120000e-06	-6.027089e-06	-2.367810e-08	-4.317327e+01	-1.549903e+03
3.130000e-06	-6.067005e-06	-2.373336e-08	-4.345919e+01	-1.553467e+03
3.140000e-06	-6.104735e-06	-2.378489e-08	-4.372946e+01	-1.556769e+03
3.150000e-06	-6.140213e-06	-2.383270e-08	-4.398360e+01	-1.559802e+03
3.160000e-06	-6.173592e-06	-2.387714e-08	-4.422269e+01	-1.562569e+03
3.170000e-06	-6.204699e-06	-2.391639e-08	-4.444552e+01	-1.565074e+03
3.180000e-06	-6.233550e-06	-2.395047e-08	-4.465219e+01	-1.567330e+03
3.190000e-06	-6.260308e-06	-2.398040e-08	-4.484386e+01	-1.569351e+03
3.200000e-06	-6.284984e-06	-2.400480e-08	-4.502062e+01	-1.571153e+03
3.210000e-06	-6.307185e-06	-2.402783e-08	-4.517965e+01	-1.572745e+03
3.220000e-06	-6.326969e-06	-2.405053e-08	-4.532136e+01	-1.574133e+03
3.230000e-06	-6.344662e-06	-2.406950e-08	-4.544811e+01	-1.575317e+03
3.240000e-06	-6.359977e-06	-2.408522e-08	-4.555781e+01	-1.576291e+03
3.250000e-06	-6.372749e-06	-2.409533e-08	-4.564930e+01	-1.577049e+03
3.260000e-06	-6.383030e-06	-2.410550e-08	-4.572295e+01	-1.577590e+03
3.270000e-06	-6.391110e-06	-2.410956e-08	-4.578082e+01	-1.577917e+03
3.280000e-06	-6.396904e-06	-2.410818e-08	-4.582233e+01	-1.578046e+03
3.290000e-06	-6.400369e-06	-2.410300e-08	-4.584715e+01	-1.577997e+03
3.300000e-06	-6.401746e-06	-2.409643e-08	-4.585701e+01	-1.577798e+03
