# Temperatura_=_61.05
# Concentracion g/m^3_=_28200.0
# C_Vs_to_Am_M_A/Vsm_=_65563218390.804596
# pendiente_HvsI_1/m_=_3716.3
# ordenada_HvsI_A/m_=_1297.0
# frecuencia_Hz_=_302132.2121977158

Tiempo_(s)	Campo_(V.s)	Magnetizacion_(V.s)	Campo_(kA/m)	Magnetizacion_(A/m)
0.000000e+00	-6.400767e-06	-2.436738e-08	-4.585118e+01	-1.595118e+03
1.000000e-08	-6.397610e-06	-2.436571e-08	-4.582856e+01	-1.594683e+03
2.000000e-08	-6.392361e-06	-2.435679e-08	-4.579095e+01	-1.594164e+03
3.000000e-08	-6.385167e-06	-2.434748e-08	-4.573942e+01	-1.593543e+03
4.000000e-08	-6.375832e-06	-2.433251e-08	-4.567255e+01	-1.592782e+03
5.000000e-08	-6.364099e-06	-2.431000e-08	-4.558850e+01	-1.591834e+03
6.000000e-08	-6.350051e-06	-2.428460e-08	-4.548787e+01	-1.590651e+03
7.000000e-08	-6.333712e-06	-2.425828e-08	-4.537083e+01	-1.589204e+03
8.000000e-08	-6.315292e-06	-2.424749e-08	-4.523888e+01	-1.587490e+03
9.000000e-08	-6.294814e-06	-2.433545e-08	-4.509219e+01	-1.585539e+03
1.000000e-07	-6.271983e-06	-2.426771e-08	-4.492864e+01	-1.583410e+03
1.100000e-07	-6.246478e-06	-2.414121e-08	-4.474594e+01	-1.581182e+03
1.200000e-07	-6.218533e-06	-2.411430e-08	-4.454576e+01	-1.578935e+03
1.300000e-07	-6.188607e-06	-2.404762e-08	-4.433139e+01	-1.576733e+03
1.400000e-07	-6.157141e-06	-2.387496e-08	-4.410599e+01	-1.574604e+03
1.500000e-07	-6.124024e-06	-2.404810e-08	-4.386875e+01	-1.572532e+03
1.600000e-07	-6.088817e-06	-2.408770e-08	-4.361655e+01	-1.570457e+03
1.700000e-07	-6.051702e-06	-2.378482e-08	-4.335068e+01	-1.568283e+03
1.800000e-07	-6.012620e-06	-2.396202e-08	-4.307073e+01	-1.565895e+03
1.900000e-07	-5.971161e-06	-2.383671e-08	-4.277374e+01	-1.563186e+03
2.000000e-07	-5.927469e-06	-2.368137e-08	-4.246076e+01	-1.560073e+03
2.100000e-07	-5.881772e-06	-2.377562e-08	-4.213341e+01	-1.556513e+03
2.200000e-07	-5.833788e-06	-2.360188e-08	-4.178968e+01	-1.552514e+03
2.300000e-07	-5.783276e-06	-2.356179e-08	-4.142785e+01	-1.548124e+03
2.400000e-07	-5.730198e-06	-2.351146e-08	-4.104762e+01	-1.543418e+03
2.500000e-07	-5.674960e-06	-2.341841e-08	-4.065194e+01	-1.538481e+03
2.600000e-07	-5.617588e-06	-2.339876e-08	-4.024096e+01	-1.533383e+03
2.700000e-07	-5.557998e-06	-2.328721e-08	-3.981409e+01	-1.528167e+03
2.800000e-07	-5.496471e-06	-2.322256e-08	-3.937335e+01	-1.522835e+03
2.900000e-07	-5.432939e-06	-2.311014e-08	-3.891824e+01	-1.517357e+03
3.000000e-07	-5.367333e-06	-2.304112e-08	-3.844828e+01	-1.511675e+03
3.100000e-07	-5.299726e-06	-2.296362e-08	-3.796399e+01	-1.505723e+03
3.200000e-07	-5.230124e-06	-2.283503e-08	-3.746540e+01	-1.499443e+03
3.300000e-07	-5.158707e-06	-2.276106e-08	-3.695382e+01	-1.492797e+03
3.400000e-07	-5.085418e-06	-2.261244e-08	-3.642882e+01	-1.485779e+03
3.500000e-07	-5.009991e-06	-2.251699e-08	-3.588850e+01	-1.478403e+03
3.600000e-07	-4.932502e-06	-2.240592e-08	-3.533342e+01	-1.470705e+03
3.700000e-07	-4.853024e-06	-2.227912e-08	-3.476409e+01	-1.462720e+03
3.800000e-07	-4.771687e-06	-2.218151e-08	-3.418144e+01	-1.454476e+03
3.900000e-07	-4.688722e-06	-2.202800e-08	-3.358713e+01	-1.445976e+03
4.000000e-07	-4.604286e-06	-2.188390e-08	-3.298229e+01	-1.437201e+03
4.100000e-07	-4.518432e-06	-2.174308e-08	-3.236728e+01	-1.428108e+03
4.200000e-07	-4.431193e-06	-2.161558e-08	-3.174235e+01	-1.418646e+03
4.300000e-07	-4.342476e-06	-2.146627e-08	-3.110684e+01	-1.408761e+03
4.400000e-07	-4.252108e-06	-2.129488e-08	-3.045950e+01	-1.398412e+03
4.500000e-07	-4.160159e-06	-2.113971e-08	-2.980083e+01	-1.387578e+03
4.600000e-07	-4.066726e-06	-2.095699e-08	-2.913154e+01	-1.376256e+03
4.700000e-07	-3.971888e-06	-2.078300e-08	-2.845217e+01	-1.364457e+03
4.800000e-07	-3.875680e-06	-2.059886e-08	-2.776300e+01	-1.352198e+03
4.900000e-07	-3.777987e-06	-2.040762e-08	-2.706318e+01	-1.339485e+03
5.000000e-07	-3.678836e-06	-2.019844e-08	-2.635293e+01	-1.326311e+03
5.100000e-07	-3.578321e-06	-1.998034e-08	-2.563290e+01	-1.312643e+03
5.200000e-07	-3.476545e-06	-1.976331e-08	-2.490384e+01	-1.298432e+03
5.300000e-07	-3.373649e-06	-1.953253e-08	-2.416676e+01	-1.283613e+03
5.400000e-07	-3.269559e-06	-1.930144e-08	-2.342112e+01	-1.268121e+03
5.500000e-07	-3.164171e-06	-1.905129e-08	-2.266618e+01	-1.251898e+03
5.600000e-07	-3.057434e-06	-1.879389e-08	-2.190159e+01	-1.234899e+03
5.700000e-07	-2.949495e-06	-1.851846e-08	-2.112838e+01	-1.217095e+03
5.800000e-07	-2.840529e-06	-1.823432e-08	-2.034781e+01	-1.198465e+03
5.900000e-07	-2.730573e-06	-1.793553e-08	-1.956015e+01	-1.178992e+03
6.000000e-07	-2.619763e-06	-1.762028e-08	-1.876638e+01	-1.158645e+03
6.100000e-07	-2.508050e-06	-1.729308e-08	-1.796614e+01	-1.137373e+03
6.200000e-07	-2.395234e-06	-1.694934e-08	-1.715799e+01	-1.115103e+03
6.300000e-07	-2.281321e-06	-1.659389e-08	-1.634199e+01	-1.091734e+03
6.400000e-07	-2.166438e-06	-1.621639e-08	-1.551904e+01	-1.067153e+03
6.500000e-07	-2.050655e-06	-1.582017e-08	-1.468963e+01	-1.041237e+03
6.600000e-07	-1.934046e-06	-1.539863e-08	-1.385432e+01	-1.013867e+03
6.700000e-07	-1.816755e-06	-1.495771e-08	-1.301412e+01	-9.849362e+02
6.800000e-07	-1.698891e-06	-1.449738e-08	-1.216981e+01	-9.543449e+02
6.900000e-07	-1.580537e-06	-1.400839e-08	-1.132200e+01	-9.220009e+02
7.000000e-07	-1.461697e-06	-1.348627e-08	-1.047070e+01	-8.878096e+02
7.100000e-07	-1.342357e-06	-1.293058e-08	-9.615824e+00	-8.516671e+02
7.200000e-07	-1.222615e-06	-1.234662e-08	-8.758068e+00	-8.134584e+02
7.300000e-07	-1.102508e-06	-1.172698e-08	-7.897688e+00	-7.730643e+02
7.400000e-07	-9.819667e-07	-1.107700e-08	-7.034208e+00	-7.303786e+02
7.500000e-07	-8.610189e-07	-1.039530e-08	-6.167812e+00	-6.853341e+02
7.600000e-07	-7.397365e-07	-9.678670e-09	-5.299019e+00	-6.379319e+02
7.700000e-07	-6.181833e-07	-8.920607e-09	-4.428286e+00	-5.882661e+02
7.800000e-07	-4.964998e-07	-8.127406e-09	-3.556620e+00	-5.365385e+02
7.900000e-07	-3.747061e-07	-7.312496e-09	-2.684165e+00	-4.830541e+02
8.000000e-07	-2.527710e-07	-6.476142e-09	-1.810697e+00	-4.281964e+02
8.100000e-07	-1.306914e-07	-5.627933e-09	-9.361931e-01	-3.723833e+02
8.200000e-07	-8.464116e-09	-4.774724e-09	-6.063174e-02	-3.160111e+02
8.300000e-07	1.138064e-07	-3.919076e-09	8.152394e-01	-2.593954e+02
8.400000e-07	2.360410e-07	-3.056419e-09	1.690853e+00	-2.027218e+02
8.500000e-07	3.582084e-07	-2.189739e-09	2.565985e+00	-1.460182e+02
8.600000e-07	4.802701e-07	-1.318735e-09	3.440361e+00	-8.915423e+01
8.700000e-07	6.022007e-07	-4.429619e-10	4.313797e+00	-3.187223e+01
8.800000e-07	7.239426e-07	4.413722e-10	5.185881e+00	2.615529e+01
8.900000e-07	8.454755e-07	1.340371e-09	6.056469e+00	8.525116e+01
9.000000e-07	9.667352e-07	2.255230e-09	6.925099e+00	1.456552e+02
9.100000e-07	1.087659e-06	3.192113e-09	7.791321e+00	2.074565e+02
9.200000e-07	1.208176e-06	4.151358e-09	8.654636e+00	2.705485e+02
9.300000e-07	1.328165e-06	5.126637e-09	9.514157e+00	3.346163e+02
9.400000e-07	1.447629e-06	6.108109e-09	1.036992e+01	3.991559e+02
9.500000e-07	1.566576e-06	7.088597e-09	1.122199e+01	4.635243e+02
9.600000e-07	1.684966e-06	8.057176e-09	1.207006e+01	5.270079e+02
9.700000e-07	1.802772e-06	8.999654e-09	1.291396e+01	5.888998e+02
9.800000e-07	1.919910e-06	9.904734e-09	1.375306e+01	6.485703e+02
9.900000e-07	2.036330e-06	1.076901e-08	1.458702e+01	7.055210e+02
1.000000e-06	2.151902e-06	1.159053e-08	1.541491e+01	7.594162e+02
1.010000e-06	2.266442e-06	1.235804e-08	1.623540e+01	8.100880e+02
1.020000e-06	2.379997e-06	1.307663e-08	1.704884e+01	8.575194e+02
1.030000e-06	2.492560e-06	1.374818e-08	1.785518e+01	9.018116e+02
1.040000e-06	2.604064e-06	1.437505e-08	1.865392e+01	9.431435e+02
1.050000e-06	2.714634e-06	1.496132e-08	1.944597e+01	9.817327e+02
1.060000e-06	2.824322e-06	1.551077e-08	2.023171e+01	1.017803e+03
1.070000e-06	2.933088e-06	1.602462e-08	2.101085e+01	1.051563e+03
1.080000e-06	3.040921e-06	1.650108e-08	2.178329e+01	1.083198e+03
1.090000e-06	3.147700e-06	1.694989e-08	2.254819e+01	1.112868e+03
1.100000e-06	3.253271e-06	1.737248e-08	2.330444e+01	1.140714e+03
1.110000e-06	3.357481e-06	1.776967e-08	2.405093e+01	1.166870e+03
1.120000e-06	3.460404e-06	1.814052e-08	2.478822e+01	1.191459e+03
1.130000e-06	3.562206e-06	1.849203e-08	2.551746e+01	1.214609e+03
1.140000e-06	3.662921e-06	1.882557e-08	2.623892e+01	1.236441e+03
1.150000e-06	3.762442e-06	1.914268e-08	2.695183e+01	1.257069e+03
1.160000e-06	3.860521e-06	1.944060e-08	2.765440e+01	1.276599e+03
1.170000e-06	3.957016e-06	1.972091e-08	2.834563e+01	1.295118e+03
1.180000e-06	4.052057e-06	1.998726e-08	2.902645e+01	1.312698e+03
1.190000e-06	4.145746e-06	2.023855e-08	2.969758e+01	1.329395e+03
1.200000e-06	4.238117e-06	2.047775e-08	3.035928e+01	1.345253e+03
1.210000e-06	4.329163e-06	2.070589e-08	3.101147e+01	1.360310e+03
1.220000e-06	4.418552e-06	2.092171e-08	3.165180e+01	1.374599e+03
1.230000e-06	4.506188e-06	2.112619e-08	3.227957e+01	1.388159e+03
1.240000e-06	4.592173e-06	2.132150e-08	3.289551e+01	1.401030e+03
1.250000e-06	4.676645e-06	2.150683e-08	3.350062e+01	1.413257e+03
1.260000e-06	4.759653e-06	2.168358e-08	3.409524e+01	1.424886e+03
1.270000e-06	4.840858e-06	2.185172e-08	3.467694e+01	1.435958e+03
1.280000e-06	4.920120e-06	2.201270e-08	3.524472e+01	1.446510e+03
1.290000e-06	4.997566e-06	2.216645e-08	3.579950e+01	1.456573e+03
1.300000e-06	5.073191e-06	2.231384e-08	3.634123e+01	1.466165e+03
1.310000e-06	5.146707e-06	2.245478e-08	3.686785e+01	1.475297e+03
1.320000e-06	5.218170e-06	2.258899e-08	3.737977e+01	1.483975e+03
1.330000e-06	5.287840e-06	2.271514e-08	3.787885e+01	1.492201e+03
1.340000e-06	5.355768e-06	2.283281e-08	3.836544e+01	1.499975e+03
1.350000e-06	5.421684e-06	2.294350e-08	3.883762e+01	1.507304e+03
1.360000e-06	5.485464e-06	2.304861e-08	3.929450e+01	1.514200e+03
1.370000e-06	5.547417e-06	2.314959e-08	3.973830e+01	1.520682e+03
1.380000e-06	5.607634e-06	2.324459e-08	4.016966e+01	1.526777e+03
1.390000e-06	5.665822e-06	2.333269e-08	4.058648e+01	1.532517e+03
1.400000e-06	5.721815e-06	2.341592e-08	4.098758e+01	1.537940e+03
1.410000e-06	5.775803e-06	2.349398e-08	4.137431e+01	1.543080e+03
1.420000e-06	5.827532e-06	2.356658e-08	4.174487e+01	1.547968e+03
1.430000e-06	5.876779e-06	2.363478e-08	4.209764e+01	1.552628e+03
1.440000e-06	5.923768e-06	2.370223e-08	4.243424e+01	1.557071e+03
1.450000e-06	5.968778e-06	2.376812e-08	4.275667e+01	1.561298e+03
1.460000e-06	6.011701e-06	2.383165e-08	4.306414e+01	1.565299e+03
1.470000e-06	6.052391e-06	2.389253e-08	4.335562e+01	1.569058e+03
1.480000e-06	6.091002e-06	2.394775e-08	4.363220e+01	1.572557e+03
1.490000e-06	6.127703e-06	2.399562e-08	4.389511e+01	1.575783e+03
1.500000e-06	6.162194e-06	2.403642e-08	4.414218e+01	1.578730e+03
1.510000e-06	6.194262e-06	2.407268e-08	4.437190e+01	1.581399e+03
1.520000e-06	6.224200e-06	2.410739e-08	4.458636e+01	1.583805e+03
1.530000e-06	6.252208e-06	2.414217e-08	4.478699e+01	1.585965e+03
1.540000e-06	6.277931e-06	2.417382e-08	4.497125e+01	1.587900e+03
1.550000e-06	6.301137e-06	2.420197e-08	4.513748e+01	1.589627e+03
1.560000e-06	6.322219e-06	2.422601e-08	4.528850e+01	1.591154e+03
1.570000e-06	6.341140e-06	2.424581e-08	4.542404e+01	1.592480e+03
1.580000e-06	6.357655e-06	2.426236e-08	4.554235e+01	1.593595e+03
1.590000e-06	6.371803e-06	2.427550e-08	4.564369e+01	1.594488e+03
1.600000e-06	6.383503e-06	2.428514e-08	4.572750e+01	1.595146e+03
1.610000e-06	6.392676e-06	2.429205e-08	4.579321e+01	1.595569e+03
1.620000e-06	6.399465e-06	2.429571e-08	4.584184e+01	1.595768e+03
1.630000e-06	6.404157e-06	2.429833e-08	4.587546e+01	1.595766e+03
1.640000e-06	6.406550e-06	2.429755e-08	4.589260e+01	1.595599e+03
1.650000e-06	6.406509e-06	2.429964e-08	4.589231e+01	1.595304e+03
1.660000e-06	6.404305e-06	2.428832e-08	4.587651e+01	1.594911e+03
1.670000e-06	6.400115e-06	2.428271e-08	4.584650e+01	1.594435e+03
1.680000e-06	6.393779e-06	2.427518e-08	4.580112e+01	1.593868e+03
1.690000e-06	6.385221e-06	2.425966e-08	4.573981e+01	1.593183e+03
1.700000e-06	6.374712e-06	2.424676e-08	4.566453e+01	1.592335e+03
1.710000e-06	6.361996e-06	2.423401e-08	4.557344e+01	1.591274e+03
1.720000e-06	6.346995e-06	2.423915e-08	4.546598e+01	1.589962e+03
1.730000e-06	6.330049e-06	2.419909e-08	4.534459e+01	1.588380e+03
1.740000e-06	6.311118e-06	2.404224e-08	4.520898e+01	1.586541e+03
1.750000e-06	6.289368e-06	2.406750e-08	4.505318e+01	1.584492e+03
1.760000e-06	6.264350e-06	2.410533e-08	4.487396e+01	1.582303e+03
1.770000e-06	6.236943e-06	2.402841e-08	4.467764e+01	1.580057e+03
1.780000e-06	6.207598e-06	2.417282e-08	4.446743e+01	1.577826e+03
1.790000e-06	6.176578e-06	2.414038e-08	4.424522e+01	1.575659e+03
1.800000e-06	6.144304e-06	2.378744e-08	4.401403e+01	1.573563e+03
1.810000e-06	6.110083e-06	2.396026e-08	4.376889e+01	1.571500e+03
1.820000e-06	6.073730e-06	2.391496e-08	4.350848e+01	1.569389e+03
1.830000e-06	6.035350e-06	2.385037e-08	4.323355e+01	1.567123e+03
1.840000e-06	5.994480e-06	2.409942e-08	4.294078e+01	1.564587e+03
1.850000e-06	5.951592e-06	2.375214e-08	4.263356e+01	1.561684e+03
1.860000e-06	5.906760e-06	2.379306e-08	4.231241e+01	1.558350e+03
1.870000e-06	5.859632e-06	2.381532e-08	4.197481e+01	1.554567e+03
1.880000e-06	5.810464e-06	2.359409e-08	4.162260e+01	1.550364e+03
1.890000e-06	5.758781e-06	2.369822e-08	4.125238e+01	1.545805e+03
1.900000e-06	5.704551e-06	2.344958e-08	4.086391e+01	1.540973e+03
1.910000e-06	5.648139e-06	2.343120e-08	4.045981e+01	1.535948e+03
1.920000e-06	5.589683e-06	2.344139e-08	4.004106e+01	1.530788e+03
1.930000e-06	5.529344e-06	2.322612e-08	3.960883e+01	1.525516e+03
1.940000e-06	5.466835e-06	2.328630e-08	3.916105e+01	1.520118e+03
1.950000e-06	5.402238e-06	2.306845e-08	3.869832e+01	1.514546e+03
1.960000e-06	5.335717e-06	2.305650e-08	3.822181e+01	1.508737e+03
1.970000e-06	5.267168e-06	2.292917e-08	3.773076e+01	1.502627e+03
1.980000e-06	5.196474e-06	2.277947e-08	3.722436e+01	1.496167e+03
1.990000e-06	5.123754e-06	2.281014e-08	3.670344e+01	1.489334e+03
2.000000e-06	5.049349e-06	2.260960e-08	3.617044e+01	1.482133e+03
2.010000e-06	4.972884e-06	2.255149e-08	3.562269e+01	1.474592e+03
2.020000e-06	4.894286e-06	2.235265e-08	3.505966e+01	1.466746e+03
2.030000e-06	4.813941e-06	2.225602e-08	3.448412e+01	1.458630e+03
2.040000e-06	4.731912e-06	2.218157e-08	3.389652e+01	1.450259e+03
2.050000e-06	4.648444e-06	2.201298e-08	3.329860e+01	1.441625e+03
2.060000e-06	4.563353e-06	2.191380e-08	3.268907e+01	1.432697e+03
2.070000e-06	4.476456e-06	2.172467e-08	3.206659e+01	1.423427e+03
2.080000e-06	4.387919e-06	2.160427e-08	3.143236e+01	1.413759e+03
2.090000e-06	4.297922e-06	2.141024e-08	3.078768e+01	1.403646e+03
2.100000e-06	4.206562e-06	2.125858e-08	3.013323e+01	1.393056e+03
2.110000e-06	4.113695e-06	2.110883e-08	2.946799e+01	1.381977e+03
2.120000e-06	4.019316e-06	2.092775e-08	2.879192e+01	1.370415e+03
2.130000e-06	3.923546e-06	2.075571e-08	2.810588e+01	1.358384e+03
2.140000e-06	3.826416e-06	2.055309e-08	2.741010e+01	1.345898e+03
2.150000e-06	3.727943e-06	2.037945e-08	2.670470e+01	1.332957e+03
2.160000e-06	3.628123e-06	2.016429e-08	2.598965e+01	1.319541e+03
2.170000e-06	3.526885e-06	1.996158e-08	2.526444e+01	1.305609e+03
2.180000e-06	3.424271e-06	1.972661e-08	2.452938e+01	1.291102e+03
2.190000e-06	3.320365e-06	1.949745e-08	2.378506e+01	1.275955e+03
2.200000e-06	3.215244e-06	1.925136e-08	2.303204e+01	1.260104e+03
2.210000e-06	3.109056e-06	1.900121e-08	2.227137e+01	1.243498e+03
2.220000e-06	3.001800e-06	1.874189e-08	2.150305e+01	1.226099e+03
2.230000e-06	2.893485e-06	1.846705e-08	2.072715e+01	1.207884e+03
2.240000e-06	2.784146e-06	1.818853e-08	1.994392e+01	1.188836e+03
2.250000e-06	2.673747e-06	1.788942e-08	1.915308e+01	1.168930e+03
2.260000e-06	2.562328e-06	1.757792e-08	1.835495e+01	1.148129e+03
2.270000e-06	2.449836e-06	1.723559e-08	1.754913e+01	1.126369e+03
2.280000e-06	2.336332e-06	1.688683e-08	1.673605e+01	1.103563e+03
2.290000e-06	2.221977e-06	1.651717e-08	1.591688e+01	1.079603e+03
2.300000e-06	2.106821e-06	1.613539e-08	1.509197e+01	1.054369e+03
2.310000e-06	1.990826e-06	1.573245e-08	1.426106e+01	1.027741e+03
2.320000e-06	1.874029e-06	1.530905e-08	1.342439e+01	9.996034e+02
2.330000e-06	1.756466e-06	1.485675e-08	1.258225e+01	9.698539e+02
2.340000e-06	1.638168e-06	1.437592e-08	1.173483e+01	9.383977e+02
2.350000e-06	1.519253e-06	1.387023e-08	1.088299e+01	9.051424e+02
2.360000e-06	1.399788e-06	1.333331e-08	1.002722e+01	8.699892e+02
2.370000e-06	1.279871e-06	1.276619e-08	9.168214e+00	8.328286e+02
2.380000e-06	1.159572e-06	1.216184e-08	8.306462e+00	7.935417e+02
2.390000e-06	1.038852e-06	1.152590e-08	7.441701e+00	7.520133e+02
2.400000e-06	9.177681e-07	1.085389e-08	6.574328e+00	7.081531e+02
2.410000e-06	7.964255e-07	1.014906e-08	5.705104e+00	6.619243e+02
2.420000e-06	6.748485e-07	9.410652e-09	4.834201e+00	6.133719e+02
2.430000e-06	5.530429e-07	8.639918e-09	3.961660e+00	5.626432e+02
2.440000e-06	4.310753e-07	7.838593e-09	3.087959e+00	5.099934e+02
2.450000e-06	3.089962e-07	7.006640e-09	2.213459e+00	4.557710e+02
2.460000e-06	1.868354e-07	6.156451e-09	1.338374e+00	4.003833e+02
2.470000e-06	6.459622e-08	5.297897e-09	4.627277e-01	3.442449e+02
2.480000e-06	-5.771997e-08	4.433807e-09	-4.134705e-01	2.877186e+02
2.490000e-06	-1.800039e-07	3.565480e-09	-1.289438e+00	2.310603e+02
2.500000e-06	-3.021947e-07	2.697698e-09	-2.164737e+00	1.743785e+02
2.510000e-06	-4.243133e-07	1.831434e-09	-3.039521e+00	1.176200e+02
2.520000e-06	-5.463884e-07	9.620233e-10	-3.913992e+00	6.058513e+01
2.530000e-06	-6.683327e-07	8.331343e-11	-4.787526e+00	2.972882e+00
2.540000e-06	-7.901083e-07	-8.109045e-10	-5.659852e+00	-5.555186e+01
2.550000e-06	-9.116753e-07	-1.723143e-09	-6.530683e+00	-1.152799e+02
2.560000e-06	-1.032903e-06	-2.655034e-09	-7.399087e+00	-1.763829e+02
2.570000e-06	-1.153731e-06	-3.609353e-09	-8.264620e+00	-2.388560e+02
2.580000e-06	-1.274171e-06	-4.583484e-09	-9.127382e+00	-3.024880e+02
2.590000e-06	-1.394163e-06	-5.570697e-09	-9.986932e+00	-3.668648e+02
2.600000e-06	-1.513666e-06	-6.562597e-09	-1.084298e+01	-4.314054e+02
2.610000e-06	-1.632590e-06	-7.543793e-09	-1.169487e+01	-4.954219e+02
2.620000e-06	-1.750730e-06	-8.502227e-09	-1.254116e+01	-5.581948e+02
2.630000e-06	-1.868150e-06	-9.430812e-09	-1.338228e+01	-6.190475e+02
2.640000e-06	-1.984790e-06	-1.032152e-08	-1.421782e+01	-6.774106e+02
2.650000e-06	-2.100448e-06	-1.117006e-08	-1.504632e+01	-7.328649e+02
2.660000e-06	-2.215162e-06	-1.197124e-08	-1.586806e+01	-7.851593e+02
2.670000e-06	-2.328912e-06	-1.272143e-08	-1.668290e+01	-8.342047e+02
2.680000e-06	-2.441662e-06	-1.342280e-08	-1.749057e+01	-8.800480e+02
2.690000e-06	-2.553446e-06	-1.407981e-08	-1.829132e+01	-9.228344e+02
2.700000e-06	-2.664147e-06	-1.469445e-08	-1.908431e+01	-9.627668e+02
2.710000e-06	-2.773767e-06	-1.526923e-08	-1.986957e+01	-1.000069e+03
2.720000e-06	-2.882516e-06	-1.580788e-08	-2.064858e+01	-1.034959e+03
2.730000e-06	-2.990393e-06	-1.630916e-08	-2.142134e+01	-1.067635e+03
2.740000e-06	-3.097339e-06	-1.677663e-08	-2.218744e+01	-1.098269e+03
2.750000e-06	-3.203263e-06	-1.721339e-08	-2.294621e+01	-1.127011e+03
2.760000e-06	-3.308098e-06	-1.762324e-08	-2.369718e+01	-1.153996e+03
2.770000e-06	-3.411717e-06	-1.801226e-08	-2.443945e+01	-1.179352e+03
2.780000e-06	-3.514012e-06	-1.838109e-08	-2.517223e+01	-1.203207e+03
2.790000e-06	-3.614993e-06	-1.872813e-08	-2.589560e+01	-1.225682e+03
2.800000e-06	-3.714650e-06	-1.905380e-08	-2.660947e+01	-1.246898e+03
2.810000e-06	-3.813096e-06	-1.936014e-08	-2.731468e+01	-1.266965e+03
2.820000e-06	-3.910334e-06	-1.964981e-08	-2.801124e+01	-1.285980e+03
2.830000e-06	-4.006327e-06	-1.992432e-08	-2.869887e+01	-1.304022e+03
2.840000e-06	-4.100898e-06	-2.018618e-08	-2.937632e+01	-1.321154e+03
2.850000e-06	-4.193837e-06	-2.043604e-08	-3.004208e+01	-1.337427e+03
2.860000e-06	-4.285273e-06	-2.067372e-08	-3.069707e+01	-1.352880e+03
2.870000e-06	-4.375254e-06	-2.090044e-08	-3.134164e+01	-1.367548e+03
2.880000e-06	-4.463615e-06	-2.111635e-08	-3.197460e+01	-1.381467e+03
2.890000e-06	-4.550313e-06	-2.132055e-08	-3.259565e+01	-1.394678e+03
2.900000e-06	-4.635311e-06	-2.151327e-08	-3.320452e+01	-1.407221e+03
2.910000e-06	-4.718699e-06	-2.169633e-08	-3.380187e+01	-1.419144e+03
2.920000e-06	-4.800522e-06	-2.186972e-08	-3.438800e+01	-1.430489e+03
2.930000e-06	-4.880708e-06	-2.203333e-08	-3.496240e+01	-1.441297e+03
2.940000e-06	-4.958959e-06	-2.218905e-08	-3.552294e+01	-1.451601e+03
2.950000e-06	-5.035040e-06	-2.233789e-08	-3.606794e+01	-1.461427e+03
2.960000e-06	-5.109182e-06	-2.247962e-08	-3.659905e+01	-1.470788e+03
2.970000e-06	-5.181589e-06	-2.261651e-08	-3.711773e+01	-1.479693e+03
2.980000e-06	-5.252116e-06	-2.274516e-08	-3.762294e+01	-1.488144e+03
2.990000e-06	-5.320613e-06	-2.286644e-08	-3.811361e+01	-1.496144e+03
3.000000e-06	-5.387206e-06	-2.298162e-08	-3.859065e+01	-1.503695e+03
3.010000e-06	-5.452025e-06	-2.308915e-08	-3.905496e+01	-1.510805e+03
3.020000e-06	-5.514867e-06	-2.318938e-08	-3.950513e+01	-1.517491e+03
3.030000e-06	-5.575559e-06	-2.328370e-08	-3.993989e+01	-1.523776e+03
3.040000e-06	-5.634245e-06	-2.337254e-08	-4.036028e+01	-1.529689e+03
3.050000e-06	-5.691071e-06	-2.345844e-08	-4.076734e+01	-1.535266e+03
3.060000e-06	-5.745975e-06	-2.353981e-08	-4.116064e+01	-1.540543e+03
3.070000e-06	-5.798584e-06	-2.361876e-08	-4.153751e+01	-1.545554e+03
3.080000e-06	-5.848778e-06	-2.369275e-08	-4.189706e+01	-1.550326e+03
3.090000e-06	-5.896544e-06	-2.376186e-08	-4.223923e+01	-1.554877e+03
3.100000e-06	-5.942127e-06	-2.382563e-08	-4.256576e+01	-1.559212e+03
3.110000e-06	-5.985958e-06	-2.388678e-08	-4.287974e+01	-1.563327e+03
3.120000e-06	-6.027911e-06	-2.394670e-08	-4.318026e+01	-1.567209e+03
3.130000e-06	-6.067860e-06	-2.400131e-08	-4.346643e+01	-1.570841e+03
3.140000e-06	-6.105539e-06	-2.405025e-08	-4.373634e+01	-1.574205e+03
3.150000e-06	-6.140917e-06	-2.409675e-08	-4.398977e+01	-1.577292e+03
3.160000e-06	-6.174244e-06	-2.414215e-08	-4.422850e+01	-1.580099e+03
3.170000e-06	-6.205393e-06	-2.418450e-08	-4.445163e+01	-1.582634e+03
3.180000e-06	-6.234293e-06	-2.422201e-08	-4.465865e+01	-1.584914e+03
3.190000e-06	-6.260934e-06	-2.425444e-08	-4.484950e+01	-1.586960e+03
3.200000e-06	-6.285386e-06	-2.428022e-08	-4.502466e+01	-1.588789e+03
3.210000e-06	-6.307489e-06	-2.430288e-08	-4.518299e+01	-1.590415e+03
3.220000e-06	-6.327270e-06	-2.432435e-08	-4.532469e+01	-1.591842e+03
3.230000e-06	-6.344936e-06	-2.434191e-08	-4.545124e+01	-1.593065e+03
3.240000e-06	-6.360249e-06	-2.435611e-08	-4.556093e+01	-1.594070e+03
3.250000e-06	-6.373012e-06	-2.436700e-08	-4.565235e+01	-1.594847e+03
3.260000e-06	-6.383253e-06	-2.437731e-08	-4.572571e+01	-1.595387e+03
3.270000e-06	-6.391269e-06	-2.438139e-08	-4.578313e+01	-1.595695e+03
3.280000e-06	-6.396977e-06	-2.438076e-08	-4.582402e+01	-1.595790e+03
3.290000e-06	-6.400345e-06	-2.437747e-08	-4.584815e+01	-1.595701e+03
3.300000e-06	-6.401674e-06	-2.436981e-08	-4.585767e+01	-1.595465e+03
