# Temperatura_=_29.44
# Concentracion g/m^3_=_41000.0
# C_Vs_to_Am_M_A/Vsm_=_65563218390.804596
# pendiente_HvsI_1/m_=_3716.3
# ordenada_HvsI_A/m_=_1297.0
# frecuencia_Hz_=_302004.122657021

Tiempo_(s)	Campo_(V.s)	Magnetizacion_(V.s)	Campo_(kA/m)	Magnetizacion_(A/m)
0.000000e+00	-6.726318e-06	-2.486151e-08	-4.746902e+01	-1.625975e+03
1.000000e-08	-6.722724e-06	-2.486146e-08	-4.744366e+01	-1.626375e+03
2.000000e-08	-6.716982e-06	-2.485295e-08	-4.740313e+01	-1.626592e+03
3.000000e-08	-6.709135e-06	-2.484228e-08	-4.734776e+01	-1.626421e+03
4.000000e-08	-6.698897e-06	-2.482844e-08	-4.727551e+01	-1.625746e+03
5.000000e-08	-6.686264e-06	-2.481045e-08	-4.718635e+01	-1.624576e+03
6.000000e-08	-6.671238e-06	-2.478396e-08	-4.708031e+01	-1.623044e+03
7.000000e-08	-6.653828e-06	-2.475129e-08	-4.695744e+01	-1.621363e+03
8.000000e-08	-6.634223e-06	-2.478136e-08	-4.681909e+01	-1.619761e+03
9.000000e-08	-6.612260e-06	-2.483724e-08	-4.666409e+01	-1.618418e+03
1.000000e-07	-6.587602e-06	-2.477191e-08	-4.649007e+01	-1.617403e+03
1.100000e-07	-6.560310e-06	-2.471096e-08	-4.629747e+01	-1.616664e+03
1.200000e-07	-6.530782e-06	-2.470782e-08	-4.608908e+01	-1.616045e+03
1.300000e-07	-6.499430e-06	-2.460792e-08	-4.586783e+01	-1.615333e+03
1.400000e-07	-6.466256e-06	-2.453675e-08	-4.563371e+01	-1.614331e+03
1.500000e-07	-6.431014e-06	-2.470125e-08	-4.538500e+01	-1.612914e+03
1.600000e-07	-6.393713e-06	-2.459989e-08	-4.512176e+01	-1.611069e+03
1.700000e-07	-6.354454e-06	-2.451307e-08	-4.484471e+01	-1.608890e+03
1.800000e-07	-6.312842e-06	-2.461428e-08	-4.455104e+01	-1.606547e+03
1.900000e-07	-6.268690e-06	-2.444038e-08	-4.423945e+01	-1.604226e+03
2.000000e-07	-6.222308e-06	-2.443861e-08	-4.391212e+01	-1.602060e+03
2.100000e-07	-6.173462e-06	-2.442919e-08	-4.356741e+01	-1.600089e+03
2.200000e-07	-6.121943e-06	-2.433280e-08	-4.320382e+01	-1.598238e+03
2.300000e-07	-6.067979e-06	-2.435635e-08	-4.282299e+01	-1.596337e+03
2.400000e-07	-6.011679e-06	-2.429845e-08	-4.242567e+01	-1.594179e+03
2.500000e-07	-5.953096e-06	-2.425997e-08	-4.201224e+01	-1.591580e+03
2.600000e-07	-5.892326e-06	-2.421290e-08	-4.158337e+01	-1.588440e+03
2.700000e-07	-5.829497e-06	-2.412852e-08	-4.113997e+01	-1.584779e+03
2.800000e-07	-5.764508e-06	-2.407887e-08	-4.068133e+01	-1.580733e+03
2.900000e-07	-5.697235e-06	-2.402562e-08	-4.020657e+01	-1.576510e+03
3.000000e-07	-5.627856e-06	-2.401074e-08	-3.971695e+01	-1.572332e+03
3.100000e-07	-5.556428e-06	-2.393974e-08	-3.921286e+01	-1.568358e+03
3.200000e-07	-5.482835e-06	-2.387649e-08	-3.869350e+01	-1.564640e+03
3.300000e-07	-5.406994e-06	-2.378971e-08	-3.815828e+01	-1.561099e+03
3.400000e-07	-5.328941e-06	-2.369764e-08	-3.760744e+01	-1.557551e+03
3.500000e-07	-5.248770e-06	-2.366882e-08	-3.704166e+01	-1.553759e+03
3.600000e-07	-5.166712e-06	-2.359105e-08	-3.646256e+01	-1.549509e+03
3.700000e-07	-5.082997e-06	-2.352557e-08	-3.587176e+01	-1.544679e+03
3.800000e-07	-4.997633e-06	-2.344770e-08	-3.526934e+01	-1.539270e+03
3.900000e-07	-4.910631e-06	-2.335548e-08	-3.465534e+01	-1.533415e+03
4.000000e-07	-4.821908e-06	-2.326506e-08	-3.402921e+01	-1.527333e+03
4.100000e-07	-4.731403e-06	-2.318810e-08	-3.339049e+01	-1.521257e+03
4.200000e-07	-4.639229e-06	-2.311784e-08	-3.274000e+01	-1.515363e+03
4.300000e-07	-4.545491e-06	-2.302023e-08	-3.207847e+01	-1.509704e+03
4.400000e-07	-4.450240e-06	-2.292255e-08	-3.140627e+01	-1.504196e+03
4.500000e-07	-4.353285e-06	-2.281775e-08	-3.072204e+01	-1.498632e+03
4.600000e-07	-4.254578e-06	-2.271371e-08	-3.002544e+01	-1.492747e+03
4.700000e-07	-4.154377e-06	-2.261206e-08	-2.931830e+01	-1.486299e+03
4.800000e-07	-4.052832e-06	-2.250898e-08	-2.860167e+01	-1.479144e+03
4.900000e-07	-3.949898e-06	-2.239987e-08	-2.787525e+01	-1.471280e+03
5.000000e-07	-3.845500e-06	-2.227891e-08	-2.713849e+01	-1.462854e+03
5.100000e-07	-3.739654e-06	-2.215258e-08	-2.639152e+01	-1.454109e+03
5.200000e-07	-3.632358e-06	-2.202132e-08	-2.563431e+01	-1.445311e+03
5.300000e-07	-3.523701e-06	-2.188818e-08	-2.486749e+01	-1.436658e+03
5.400000e-07	-3.413841e-06	-2.175452e-08	-2.409219e+01	-1.428207e+03
5.500000e-07	-3.302795e-06	-2.161892e-08	-2.330851e+01	-1.419851e+03
5.600000e-07	-3.190504e-06	-2.147405e-08	-2.251605e+01	-1.411338e+03
5.700000e-07	-3.076818e-06	-2.131864e-08	-2.171374e+01	-1.402342e+03
5.800000e-07	-2.961739e-06	-2.115472e-08	-2.090161e+01	-1.392565e+03
5.900000e-07	-2.845422e-06	-2.098641e-08	-2.008074e+01	-1.381823e+03
6.000000e-07	-2.728012e-06	-2.081596e-08	-1.925215e+01	-1.370107e+03
6.100000e-07	-2.609646e-06	-2.064259e-08	-1.841681e+01	-1.357589e+03
6.200000e-07	-2.490342e-06	-2.046235e-08	-1.757486e+01	-1.344566e+03
6.300000e-07	-2.370058e-06	-2.027132e-08	-1.672599e+01	-1.331366e+03
6.400000e-07	-2.248918e-06	-2.006837e-08	-1.587108e+01	-1.318230e+03
6.500000e-07	-2.127045e-06	-1.985829e-08	-1.501100e+01	-1.305223e+03
6.600000e-07	-2.004357e-06	-1.964252e-08	-1.414516e+01	-1.292197e+03
6.700000e-07	-1.880811e-06	-1.942026e-08	-1.327327e+01	-1.278811e+03
6.800000e-07	-1.756587e-06	-1.918903e-08	-1.239660e+01	-1.264623e+03
6.900000e-07	-1.631853e-06	-1.894461e-08	-1.151632e+01	-1.249213e+03
7.000000e-07	-1.506622e-06	-1.868754e-08	-1.063255e+01	-1.232311e+03
7.100000e-07	-1.380931e-06	-1.841763e-08	-9.745520e+00	-1.213878e+03
7.200000e-07	-1.254828e-06	-1.813759e-08	-8.855580e+00	-1.194114e+03
7.300000e-07	-1.128317e-06	-1.784500e-08	-7.962770e+00	-1.173394e+03
7.400000e-07	-1.001486e-06	-1.753502e-08	-7.067694e+00	-1.152131e+03
7.500000e-07	-8.743764e-07	-1.720707e-08	-6.170656e+00	-1.130615e+03
7.600000e-07	-7.468918e-07	-1.685997e-08	-5.270971e+00	-1.108877e+03
7.700000e-07	-6.190649e-07	-1.649152e-08	-4.368869e+00	-1.086619e+03
7.800000e-07	-4.909648e-07	-1.610371e-08	-3.464841e+00	-1.063245e+03
7.900000e-07	-3.626797e-07	-1.569643e-08	-2.559506e+00	-1.037986e+03
8.000000e-07	-2.343030e-07	-1.526256e-08	-1.653525e+00	-1.010085e+03
8.100000e-07	-1.057801e-07	-1.479560e-08	-7.465124e-01	-9.790031e+02
8.200000e-07	2.286519e-08	-1.429344e-08	1.613644e-01	-9.445525e+02
8.300000e-07	1.514645e-07	-1.375332e-08	1.068917e+00	-9.069255e+02
8.400000e-07	2.800148e-07	-1.317042e-08	1.976123e+00	-8.665773e+02
8.500000e-07	4.085708e-07	-1.253894e-08	2.883369e+00	-8.239804e+02
8.600000e-07	5.370310e-07	-1.185158e-08	3.789939e+00	-7.793016e+02
8.700000e-07	6.653152e-07	-1.109870e-08	4.695267e+00	-7.320880e+02
8.800000e-07	7.933734e-07	-1.026800e-08	5.599001e+00	-6.810583e+02
8.900000e-07	9.211264e-07	-9.343703e-09	6.500580e+00	-6.240788e+02
9.000000e-07	1.048551e-06	-8.305558e-09	7.399840e+00	-5.583715e+02
9.100000e-07	1.175618e-06	-7.124414e-09	8.296579e+00	-4.809401e+02
9.200000e-07	1.302211e-06	-5.764583e-09	9.189970e+00	-3.891512e+02
9.300000e-07	1.428318e-06	-4.184834e-09	1.007994e+01	-2.813553e+02
9.400000e-07	1.554018e-06	-2.348182e-09	1.096703e+01	-1.574152e+02
9.500000e-07	1.679264e-06	-2.418862e-10	1.185091e+01	-1.901728e+01
9.600000e-07	1.803954e-06	2.077528e-09	1.273088e+01	1.303216e+02
9.700000e-07	1.927985e-06	4.495038e-09	1.360619e+01	2.855732e+02
9.800000e-07	2.051295e-06	6.918537e-09	1.447641e+01	4.408004e+02
9.900000e-07	2.173803e-06	9.235233e-09	1.534098e+01	5.899339e+02
1.000000e-06	2.295450e-06	1.131320e-08	1.619947e+01	7.275790e+02
1.010000e-06	2.416250e-06	1.309115e-08	1.705198e+01	8.496998e+02
1.020000e-06	2.536064e-06	1.457656e-08	1.789753e+01	9.540540e+02
1.030000e-06	2.654806e-06	1.580904e-08	1.873552e+01	1.040309e+03
1.040000e-06	2.772624e-06	1.683239e-08	1.956698e+01	1.109834e+03
1.050000e-06	2.889490e-06	1.768542e-08	2.039173e+01	1.165235e+03
1.060000e-06	3.005161e-06	1.839976e-08	2.120805e+01	1.209739e+03
1.070000e-06	3.119550e-06	1.900409e-08	2.201531e+01	1.246571e+03
1.080000e-06	3.232731e-06	1.952341e-08	2.281406e+01	1.278444e+03
1.090000e-06	3.344641e-06	1.997074e-08	2.360383e+01	1.307251e+03
1.100000e-06	3.455279e-06	2.036086e-08	2.438462e+01	1.333983e+03
1.110000e-06	3.564867e-06	2.070518e-08	2.515801e+01	1.358877e+03
1.120000e-06	3.673398e-06	2.101220e-08	2.592393e+01	1.381688e+03
1.130000e-06	3.780684e-06	2.129030e-08	2.668107e+01	1.402021e+03
1.140000e-06	3.886614e-06	2.154330e-08	2.742864e+01	1.419621e+03
1.150000e-06	3.991035e-06	2.177439e-08	2.816556e+01	1.434547e+03
1.160000e-06	4.093919e-06	2.198529e-08	2.889164e+01	1.447205e+03
1.170000e-06	4.195458e-06	2.217922e-08	2.960822e+01	1.458262e+03
1.180000e-06	4.295620e-06	2.235842e-08	3.031508e+01	1.468466e+03
1.190000e-06	4.394199e-06	2.252525e-08	3.101077e+01	1.478452e+03
1.200000e-06	4.491119e-06	2.268224e-08	3.169476e+01	1.488595e+03
1.210000e-06	4.586373e-06	2.282813e-08	3.236699e+01	1.498945e+03
1.220000e-06	4.680028e-06	2.296547e-08	3.302793e+01	1.509258e+03
1.230000e-06	4.772135e-06	2.309503e-08	3.367795e+01	1.519120e+03
1.240000e-06	4.862626e-06	2.321408e-08	3.431656e+01	1.528100e+03
1.250000e-06	4.951272e-06	2.332297e-08	3.494215e+01	1.535898e+03
1.260000e-06	5.038040e-06	2.342460e-08	3.555449e+01	1.542447e+03
1.270000e-06	5.123079e-06	2.352261e-08	3.615464e+01	1.547928e+03
1.280000e-06	5.206374e-06	2.361501e-08	3.674246e+01	1.552714e+03
1.290000e-06	5.287767e-06	2.370182e-08	3.731687e+01	1.557252e+03
1.300000e-06	5.367196e-06	2.378338e-08	3.787742e+01	1.561935e+03
1.310000e-06	5.444687e-06	2.385965e-08	3.842429e+01	1.566991e+03
1.320000e-06	5.520130e-06	2.393043e-08	3.895670e+01	1.572432e+03
1.330000e-06	5.593336e-06	2.399804e-08	3.947333e+01	1.578068e+03
1.340000e-06	5.664394e-06	2.406434e-08	3.997480e+01	1.583579e+03
1.350000e-06	5.733499e-06	2.412842e-08	4.046250e+01	1.588630e+03
1.360000e-06	5.800616e-06	2.418974e-08	4.093615e+01	1.592973e+03
1.370000e-06	5.865537e-06	2.424706e-08	4.139431e+01	1.596523e+03
1.380000e-06	5.928376e-06	2.430123e-08	4.183778e+01	1.599384e+03
1.390000e-06	5.989343e-06	2.435289e-08	4.226804e+01	1.601801e+03
1.400000e-06	6.048290e-06	2.440100e-08	4.268404e+01	1.604088e+03
1.410000e-06	6.105018e-06	2.444444e-08	4.308438e+01	1.606523e+03
1.420000e-06	6.159512e-06	2.448328e-08	4.346896e+01	1.609266e+03
1.430000e-06	6.211712e-06	2.452103e-08	4.383734e+01	1.612318e+03
1.440000e-06	6.261315e-06	2.455823e-08	4.418740e+01	1.615523e+03
1.450000e-06	6.308468e-06	2.459202e-08	4.452017e+01	1.618629e+03
1.460000e-06	6.353549e-06	2.462321e-08	4.483832e+01	1.621369e+03
1.470000e-06	6.396493e-06	2.465355e-08	4.514138e+01	1.623550e+03
1.480000e-06	6.436979e-06	2.468196e-08	4.542710e+01	1.625109e+03
1.490000e-06	6.475097e-06	2.470669e-08	4.569610e+01	1.626135e+03
1.500000e-06	6.511140e-06	2.473004e-08	4.595047e+01	1.626835e+03
1.510000e-06	6.544920e-06	2.475200e-08	4.618886e+01	1.627472e+03
1.520000e-06	6.576338e-06	2.477115e-08	4.641058e+01	1.628278e+03
1.530000e-06	6.605541e-06	2.478854e-08	4.661667e+01	1.629387e+03
1.540000e-06	6.632460e-06	2.480365e-08	4.680665e+01	1.630794e+03
1.550000e-06	6.656822e-06	2.481699e-08	4.697858e+01	1.632362e+03
1.560000e-06	6.678688e-06	2.482874e-08	4.713289e+01	1.633870e+03
1.570000e-06	6.698372e-06	2.483886e-08	4.727180e+01	1.635081e+03
1.580000e-06	6.715617e-06	2.484897e-08	4.739351e+01	1.635825e+03
1.590000e-06	6.730312e-06	2.485860e-08	4.749721e+01	1.636044e+03
1.600000e-06	6.742548e-06	2.486689e-08	4.758356e+01	1.635817e+03
1.610000e-06	6.752113e-06	2.487263e-08	4.765106e+01	1.635328e+03
1.620000e-06	6.759115e-06	2.487484e-08	4.770048e+01	1.634811e+03
1.630000e-06	6.763858e-06	2.487629e-08	4.773395e+01	1.634474e+03
1.640000e-06	6.766238e-06	2.487822e-08	4.775075e+01	1.634435e+03
1.650000e-06	6.766177e-06	2.488070e-08	4.775032e+01	1.634684e+03
1.660000e-06	6.763866e-06	2.487144e-08	4.773401e+01	1.635089e+03
1.670000e-06	6.759386e-06	2.486541e-08	4.770239e+01	1.635435e+03
1.680000e-06	6.752552e-06	2.486220e-08	4.765416e+01	1.635496e+03
1.690000e-06	6.743519e-06	2.485540e-08	4.759042e+01	1.635100e+03
1.700000e-06	6.732410e-06	2.484947e-08	4.751201e+01	1.634189e+03
1.710000e-06	6.718925e-06	2.485077e-08	4.741685e+01	1.632831e+03
1.720000e-06	6.703156e-06	2.486600e-08	4.730556e+01	1.631203e+03
1.730000e-06	6.685366e-06	2.479314e-08	4.718001e+01	1.629534e+03
1.740000e-06	6.665203e-06	2.468734e-08	4.703772e+01	1.628038e+03
1.750000e-06	6.641829e-06	2.472694e-08	4.687277e+01	1.626848e+03
1.760000e-06	6.615350e-06	2.473533e-08	4.668590e+01	1.625978e+03
1.770000e-06	6.586541e-06	2.471699e-08	4.648259e+01	1.625321e+03
1.780000e-06	6.555756e-06	2.483947e-08	4.626533e+01	1.624689e+03
1.790000e-06	6.523495e-06	2.472557e-08	4.603766e+01	1.623866e+03
1.800000e-06	6.489626e-06	2.458698e-08	4.579864e+01	1.622683e+03
1.810000e-06	6.453328e-06	2.470646e-08	4.554248e+01	1.621064e+03
1.820000e-06	6.414675e-06	2.455479e-08	4.526969e+01	1.619049e+03
1.830000e-06	6.373896e-06	2.463480e-08	4.498191e+01	1.616773e+03
1.840000e-06	6.330910e-06	2.473146e-08	4.467855e+01	1.614421e+03
1.850000e-06	6.285809e-06	2.452807e-08	4.436026e+01	1.612162e+03
1.860000e-06	6.238388e-06	2.464162e-08	4.402560e+01	1.610092e+03
1.870000e-06	6.188666e-06	2.453508e-08	4.367470e+01	1.608195e+03
1.880000e-06	6.136596e-06	2.447258e-08	4.330723e+01	1.606347e+03
1.890000e-06	6.081778e-06	2.450039e-08	4.292037e+01	1.604356e+03
1.900000e-06	6.024584e-06	2.432503e-08	4.251674e+01	1.602014e+03
1.910000e-06	5.965298e-06	2.441830e-08	4.209834e+01	1.599172e+03
1.920000e-06	5.903783e-06	2.436633e-08	4.166422e+01	1.595783e+03
1.930000e-06	5.840050e-06	2.429523e-08	4.121445e+01	1.591923e+03
1.940000e-06	5.774114e-06	2.424769e-08	4.074912e+01	1.587769e+03
1.950000e-06	5.706032e-06	2.411044e-08	4.026865e+01	1.583543e+03
1.960000e-06	5.635646e-06	2.414505e-08	3.977192e+01	1.579448e+03
1.970000e-06	5.563094e-06	2.403088e-08	3.925991e+01	1.575597e+03
1.980000e-06	5.488544e-06	2.402046e-08	3.873380e+01	1.571981e+03
1.990000e-06	5.411823e-06	2.397043e-08	3.819236e+01	1.568467e+03
2.000000e-06	5.332950e-06	2.386423e-08	3.763574e+01	1.564838e+03
2.010000e-06	5.252080e-06	2.381700e-08	3.706502e+01	1.560858e+03
2.020000e-06	5.169466e-06	2.368745e-08	3.648199e+01	1.556349e+03
2.030000e-06	5.085099e-06	2.367707e-08	3.588660e+01	1.551244e+03
2.040000e-06	4.998836e-06	2.359849e-08	3.527782e+01	1.545608e+03
2.050000e-06	4.910745e-06	2.352321e-08	3.465615e+01	1.539620e+03
2.060000e-06	4.821032e-06	2.342786e-08	3.402302e+01	1.533516e+03
2.070000e-06	4.729793e-06	2.333343e-08	3.337913e+01	1.527511e+03
2.080000e-06	4.636919e-06	2.326153e-08	3.272370e+01	1.521730e+03
2.090000e-06	4.542270e-06	2.314590e-08	3.205574e+01	1.516163e+03
2.100000e-06	4.445951e-06	2.307156e-08	3.137600e+01	1.510662e+03
2.110000e-06	4.348215e-06	2.296895e-08	3.068626e+01	1.504985e+03
2.120000e-06	4.249098e-06	2.287912e-08	2.998677e+01	1.498867e+03
2.130000e-06	4.148448e-06	2.276014e-08	2.927646e+01	1.492103e+03
2.140000e-06	4.046126e-06	2.264673e-08	2.855435e+01	1.484612e+03
2.150000e-06	3.942202e-06	2.253796e-08	2.782094e+01	1.476464e+03
2.160000e-06	3.836891e-06	2.242785e-08	2.707774e+01	1.467858e+03
2.170000e-06	3.730377e-06	2.231730e-08	2.632605e+01	1.459060e+03
2.180000e-06	3.622673e-06	2.218796e-08	2.556595e+01	1.450314e+03
2.190000e-06	3.513665e-06	2.205773e-08	2.479667e+01	1.441761e+03
2.200000e-06	3.403324e-06	2.191192e-08	2.401796e+01	1.433380e+03
2.210000e-06	3.291562e-06	2.177627e-08	2.322924e+01	1.424991e+03
2.220000e-06	3.178456e-06	2.163425e-08	2.243103e+01	1.416297e+03
2.230000e-06	3.064110e-06	2.149439e-08	2.162406e+01	1.406973e+03
2.240000e-06	2.948580e-06	2.133826e-08	2.080874e+01	1.396763e+03
2.250000e-06	2.831892e-06	2.117192e-08	1.998525e+01	1.385561e+03
2.260000e-06	2.714039e-06	2.099477e-08	1.915354e+01	1.373444e+03
2.270000e-06	2.595013e-06	2.081744e-08	1.831355e+01	1.360653e+03
2.280000e-06	2.474886e-06	2.063954e-08	1.746579e+01	1.347512e+03
2.290000e-06	2.353946e-06	2.044950e-08	1.661229e+01	1.334323e+03
2.300000e-06	2.232319e-06	2.025049e-08	1.575394e+01	1.321254e+03
2.310000e-06	2.109974e-06	2.003860e-08	1.489052e+01	1.308273e+03
2.320000e-06	1.986939e-06	1.982109e-08	1.402224e+01	1.295133e+03
2.330000e-06	1.863213e-06	1.959177e-08	1.314908e+01	1.281434e+03
2.340000e-06	1.738799e-06	1.935510e-08	1.227107e+01	1.266726e+03
2.350000e-06	1.613816e-06	1.910930e-08	1.138904e+01	1.250647e+03
2.360000e-06	1.488351e-06	1.885419e-08	1.050361e+01	1.233027e+03
2.370000e-06	1.362457e-06	1.858337e-08	9.615139e+00	1.213940e+03
2.380000e-06	1.236084e-06	1.829660e-08	8.723305e+00	1.193682e+03
2.390000e-06	1.109214e-06	1.799448e-08	7.827957e+00	1.172665e+03
2.400000e-06	9.818541e-07	1.767461e-08	6.929148e+00	1.151263e+03
2.410000e-06	8.540719e-07	1.734283e-08	6.027363e+00	1.129662e+03
2.420000e-06	7.259471e-07	1.699618e-08	5.123160e+00	1.107742e+03
2.430000e-06	5.975762e-07	1.662939e-08	4.217220e+00	1.085057e+03
2.440000e-06	4.690598e-07	1.623669e-08	3.310252e+00	1.060910e+03
2.450000e-06	3.404237e-07	1.581414e-08	2.402441e+00	1.034512e+03
2.460000e-06	2.116345e-07	1.536436e-08	1.493549e+00	1.005185e+03
2.470000e-06	8.275785e-08	1.488773e-08	5.840393e-01	9.725403e+02
2.480000e-06	-4.611789e-08	1.437717e-08	-3.254636e-01	9.365731e+02
2.490000e-06	-1.750033e-07	1.382124e-08	-1.235034e+00	8.976205e+02
2.500000e-06	-3.038739e-07	1.321711e-08	-2.144501e+00	8.561826e+02
2.510000e-06	-4.326832e-07	1.256146e-08	-3.053535e+00	8.126318e+02
2.520000e-06	-5.613329e-07	1.184805e-08	-3.961443e+00	7.668821e+02
2.530000e-06	-6.898184e-07	1.106812e-08	-4.868192e+00	7.181122e+02
2.540000e-06	-8.181300e-07	1.020455e-08	-5.773713e+00	6.646346e+02
2.550000e-06	-9.461521e-07	9.240540e-09	-6.677192e+00	6.039762e+02
2.560000e-06	-1.073766e-06	8.152641e-09	-7.577787e+00	5.331932e+02
2.570000e-06	-1.200925e-06	6.909878e-09	-8.475178e+00	4.493801e+02
2.580000e-06	-1.327556e-06	5.474681e-09	-9.368840e+00	3.502855e+02
2.590000e-06	-1.453626e-06	3.805721e-09	-1.025854e+01	2.349069e+02
2.600000e-06	-1.579205e-06	1.870613e-09	-1.114478e+01	1.039322e+02
2.610000e-06	-1.704252e-06	-3.305612e-10	-1.202726e+01	-4.008320e+01
2.620000e-06	-1.828635e-06	-2.730572e-09	-1.290506e+01	-1.928620e+02
2.630000e-06	-1.952233e-06	-5.213264e-09	-1.377731e+01	-3.488655e+02
2.640000e-06	-2.075012e-06	-7.654541e-09	-1.464379e+01	-5.019930e+02
2.650000e-06	-2.197004e-06	-9.920311e-09	-1.550471e+01	-6.463922e+02
2.660000e-06	-2.318220e-06	-1.191007e-08	-1.636016e+01	-7.772268e+02
2.670000e-06	-2.438648e-06	-1.359632e-08	-1.721004e+01	-8.912582e+02
2.680000e-06	-2.558158e-06	-1.499848e-08	-1.805345e+01	-9.871366e+02
2.690000e-06	-2.676583e-06	-1.615824e-08	-1.888920e+01	-1.065363e+03
2.700000e-06	-2.793919e-06	-1.712256e-08	-1.971727e+01	-1.127952e+03
2.710000e-06	-2.910107e-06	-1.793027e-08	-2.053723e+01	-1.177875e+03
2.720000e-06	-3.025065e-06	-1.861081e-08	-2.134851e+01	-1.218435e+03
2.730000e-06	-3.138822e-06	-1.918899e-08	-2.215132e+01	-1.252670e+03
2.740000e-06	-3.251334e-06	-1.968304e-08	-2.294534e+01	-1.282938e+03
2.750000e-06	-3.362531e-06	-2.010942e-08	-2.373008e+01	-1.310706e+03
2.760000e-06	-3.472496e-06	-2.048271e-08	-2.450613e+01	-1.336591e+03
2.770000e-06	-3.581245e-06	-2.081333e-08	-2.527359e+01	-1.360562e+03
2.780000e-06	-3.688800e-06	-2.111020e-08	-2.603262e+01	-1.382266e+03
2.790000e-06	-3.795231e-06	-2.137756e-08	-2.678373e+01	-1.401344e+03
2.800000e-06	-3.900421e-06	-2.161956e-08	-2.752608e+01	-1.417670e+03
2.810000e-06	-4.004185e-06	-2.184327e-08	-2.825836e+01	-1.431470e+03
2.820000e-06	-4.106395e-06	-2.205058e-08	-2.897969e+01	-1.443291e+03
2.830000e-06	-4.207029e-06	-2.224149e-08	-2.968988e+01	-1.453859e+03
2.840000e-06	-4.306180e-06	-2.241837e-08	-3.038960e+01	-1.463893e+03
2.850000e-06	-4.403897e-06	-2.258127e-08	-3.107922e+01	-1.473923e+03
2.860000e-06	-4.500143e-06	-2.273257e-08	-3.175844e+01	-1.484173e+03
2.870000e-06	-4.594798e-06	-2.287473e-08	-3.242644e+01	-1.494547e+03
2.880000e-06	-4.687736e-06	-2.300709e-08	-3.308233e+01	-1.504705e+03
2.890000e-06	-4.778991e-06	-2.313124e-08	-3.372633e+01	-1.514203e+03
2.900000e-06	-4.868600e-06	-2.324679e-08	-3.435872e+01	-1.522657e+03
2.910000e-06	-4.956448e-06	-2.335487e-08	-3.497868e+01	-1.529865e+03
2.920000e-06	-5.042366e-06	-2.345773e-08	-3.558502e+01	-1.535880e+03
2.930000e-06	-5.126377e-06	-2.355400e-08	-3.617791e+01	-1.540982e+03
2.940000e-06	-5.208632e-06	-2.364455e-08	-3.675840e+01	-1.545595e+03
2.950000e-06	-5.289127e-06	-2.373061e-08	-3.732647e+01	-1.550157e+03
2.960000e-06	-5.367612e-06	-2.381192e-08	-3.788035e+01	-1.554995e+03
2.970000e-06	-5.443903e-06	-2.388776e-08	-3.841876e+01	-1.560239e+03
2.980000e-06	-5.518090e-06	-2.395940e-08	-3.894231e+01	-1.565802e+03
2.990000e-06	-5.590280e-06	-2.402958e-08	-3.945177e+01	-1.571421e+03
3.000000e-06	-5.660425e-06	-2.409711e-08	-3.994679e+01	-1.576755e+03
3.010000e-06	-5.728437e-06	-2.416091e-08	-4.042677e+01	-1.581496e+03
3.020000e-06	-5.794472e-06	-2.422165e-08	-4.089279e+01	-1.585468e+03
3.030000e-06	-5.858567e-06	-2.428017e-08	-4.134513e+01	-1.588673e+03
3.040000e-06	-5.920526e-06	-2.433746e-08	-4.178238e+01	-1.591288e+03
3.050000e-06	-5.980315e-06	-2.438956e-08	-4.220433e+01	-1.593603e+03
3.060000e-06	-6.038005e-06	-2.443430e-08	-4.261146e+01	-1.595927e+03
3.070000e-06	-6.093660e-06	-2.447503e-08	-4.300422e+01	-1.598492e+03
3.080000e-06	-6.146972e-06	-2.451586e-08	-4.338046e+01	-1.601387e+03
3.090000e-06	-6.197673e-06	-2.455548e-08	-4.373826e+01	-1.604534e+03
3.100000e-06	-6.245860e-06	-2.459127e-08	-4.407833e+01	-1.607725e+03
3.110000e-06	-6.291746e-06	-2.462516e-08	-4.440216e+01	-1.610689e+03
3.120000e-06	-6.335607e-06	-2.465532e-08	-4.471169e+01	-1.613185e+03
3.130000e-06	-6.377398e-06	-2.468336e-08	-4.500662e+01	-1.615073e+03
3.140000e-06	-6.417049e-06	-2.471092e-08	-4.528645e+01	-1.616362e+03
3.150000e-06	-6.454411e-06	-2.473635e-08	-4.555012e+01	-1.617203e+03
3.160000e-06	-6.489448e-06	-2.475990e-08	-4.579739e+01	-1.617839e+03
3.170000e-06	-6.522263e-06	-2.477791e-08	-4.602896e+01	-1.618528e+03
3.180000e-06	-6.552691e-06	-2.479328e-08	-4.624370e+01	-1.619464e+03
3.190000e-06	-6.580676e-06	-2.480744e-08	-4.644119e+01	-1.620718e+03
3.200000e-06	-6.606356e-06	-2.482198e-08	-4.662243e+01	-1.622221e+03
3.210000e-06	-6.629728e-06	-2.483492e-08	-4.678737e+01	-1.623789e+03
3.220000e-06	-6.650601e-06	-2.484583e-08	-4.693468e+01	-1.625183e+03
3.230000e-06	-6.669074e-06	-2.485367e-08	-4.706504e+01	-1.626190e+03
3.240000e-06	-6.685257e-06	-2.486003e-08	-4.717925e+01	-1.626687e+03
3.250000e-06	-6.698812e-06	-2.486596e-08	-4.727490e+01	-1.626679e+03
3.260000e-06	-6.709706e-06	-2.486924e-08	-4.735179e+01	-1.626300e+03
3.270000e-06	-6.718240e-06	-2.486907e-08	-4.741202e+01	-1.625767e+03
3.280000e-06	-6.724344e-06	-2.486629e-08	-4.745509e+01	-1.625310e+03
3.290000e-06	-6.728046e-06	-2.486313e-08	-4.748122e+01	-1.625102e+03
3.300000e-06	-6.729486e-06	-2.485690e-08	-4.749138e+01	-1.625203e+03
3.310000e-06	-6.728582e-06	-2.485576e-08	-4.748500e+01	-1.625545e+03
