# Temperatura_=_31.3
# Concentracion g/m^3_=_28200.0
# C_Vs_to_Am_M_A/Vsm_=_65563218390.804596
# pendiente_HvsI_1/m_=_3716.3
# ordenada_HvsI_A/m_=_1297.0
# frecuencia_Hz_=_302549.7922703285

Tiempo_(s)	Campo_(V.s)	Magnetizacion_(V.s)	Campo_(kA/m)	Magnetizacion_(A/m)
0.000000e+00	-7.934461e-06	-2.253540e-08	-5.683995e+01	-1.474955e+03
1.000000e-08	-7.931532e-06	-2.253750e-08	-5.681897e+01	-1.474551e+03
2.000000e-08	-7.925903e-06	-2.253206e-08	-5.677864e+01	-1.474030e+03
3.000000e-08	-7.917685e-06	-2.252232e-08	-5.671977e+01	-1.473435e+03
4.000000e-08	-7.906683e-06	-2.251543e-08	-5.664096e+01	-1.472796e+03
5.000000e-08	-7.892810e-06	-2.250631e-08	-5.654157e+01	-1.472119e+03
6.000000e-08	-7.876086e-06	-2.248875e-08	-5.642177e+01	-1.471384e+03
7.000000e-08	-7.856921e-06	-2.247064e-08	-5.628447e+01	-1.470550e+03
8.000000e-08	-7.835513e-06	-2.244903e-08	-5.613112e+01	-1.469573e+03
9.000000e-08	-7.811398e-06	-2.246977e-08	-5.595836e+01	-1.468418e+03
1.000000e-07	-7.784110e-06	-2.248820e-08	-5.576288e+01	-1.467077e+03
1.100000e-07	-7.753735e-06	-2.241506e-08	-5.554528e+01	-1.465574e+03
1.200000e-07	-7.720540e-06	-2.236392e-08	-5.530748e+01	-1.463963e+03
1.300000e-07	-7.684658e-06	-2.235420e-08	-5.505044e+01	-1.462318e+03
1.400000e-07	-7.646373e-06	-2.232561e-08	-5.477618e+01	-1.460707e+03
1.500000e-07	-7.605810e-06	-2.225165e-08	-5.448560e+01	-1.459176e+03
1.600000e-07	-7.562891e-06	-2.221607e-08	-5.417814e+01	-1.457731e+03
1.700000e-07	-7.517392e-06	-2.229513e-08	-5.385220e+01	-1.456332e+03
1.800000e-07	-7.469147e-06	-2.215664e-08	-5.350659e+01	-1.454894e+03
1.900000e-07	-7.418031e-06	-2.212186e-08	-5.314040e+01	-1.453312e+03
2.000000e-07	-7.363957e-06	-2.216938e-08	-5.275304e+01	-1.451475e+03
2.100000e-07	-7.307134e-06	-2.207639e-08	-5.234597e+01	-1.449298e+03
2.200000e-07	-7.247721e-06	-2.206852e-08	-5.192036e+01	-1.446733e+03
2.300000e-07	-7.185724e-06	-2.199126e-08	-5.147623e+01	-1.443782e+03
2.400000e-07	-7.121064e-06	-2.195239e-08	-5.101303e+01	-1.440489e+03
2.500000e-07	-7.053637e-06	-2.188681e-08	-5.053000e+01	-1.436925e+03
2.600000e-07	-6.983497e-06	-2.182374e-08	-5.002754e+01	-1.433167e+03
2.700000e-07	-6.910586e-06	-2.177753e-08	-4.950524e+01	-1.429276e+03
2.800000e-07	-6.834936e-06	-2.169716e-08	-4.896330e+01	-1.425284e+03
2.900000e-07	-6.756560e-06	-2.164732e-08	-4.840184e+01	-1.421182e+03
3.000000e-07	-6.675447e-06	-2.157069e-08	-4.782077e+01	-1.416935e+03
3.100000e-07	-6.591973e-06	-2.150309e-08	-4.722279e+01	-1.412487e+03
3.200000e-07	-6.506341e-06	-2.143443e-08	-4.660935e+01	-1.407785e+03
3.300000e-07	-6.418395e-06	-2.136354e-08	-4.597933e+01	-1.402791e+03
3.400000e-07	-6.328020e-06	-2.130003e-08	-4.533192e+01	-1.397494e+03
3.500000e-07	-6.235339e-06	-2.118992e-08	-4.466798e+01	-1.391905e+03
3.600000e-07	-6.140489e-06	-2.111034e-08	-4.398850e+01	-1.386054e+03
3.700000e-07	-6.043315e-06	-2.102888e-08	-4.329238e+01	-1.379969e+03
3.800000e-07	-5.943861e-06	-2.092570e-08	-4.257992e+01	-1.373669e+03
3.900000e-07	-5.842391e-06	-2.082293e-08	-4.185302e+01	-1.367146e+03
4.000000e-07	-5.738866e-06	-2.071911e-08	-4.111140e+01	-1.360371e+03
4.100000e-07	-5.633234e-06	-2.061180e-08	-4.035469e+01	-1.353294e+03
4.200000e-07	-5.525633e-06	-2.048314e-08	-3.958387e+01	-1.345857e+03
4.300000e-07	-5.416161e-06	-2.037280e-08	-3.879965e+01	-1.338015e+03
4.400000e-07	-5.304712e-06	-2.024774e-08	-3.800126e+01	-1.329740e+03
4.500000e-07	-5.191166e-06	-2.011502e-08	-3.718786e+01	-1.321030e+03
4.600000e-07	-5.075597e-06	-1.997788e-08	-3.635995e+01	-1.311903e+03
4.700000e-07	-4.958143e-06	-1.983827e-08	-3.551856e+01	-1.302387e+03
4.800000e-07	-4.838943e-06	-1.968866e-08	-3.466464e+01	-1.292501e+03
4.900000e-07	-4.717950e-06	-1.952952e-08	-3.379789e+01	-1.282240e+03
5.000000e-07	-4.595174e-06	-1.937022e-08	-3.291836e+01	-1.271572e+03
5.100000e-07	-4.470753e-06	-1.919359e-08	-3.202705e+01	-1.260434e+03
5.200000e-07	-4.344757e-06	-1.900670e-08	-3.112445e+01	-1.248745e+03
5.300000e-07	-4.217222e-06	-1.881117e-08	-3.021083e+01	-1.236421e+03
5.400000e-07	-4.088070e-06	-1.861309e-08	-2.928563e+01	-1.223396e+03
5.500000e-07	-3.957334e-06	-1.839993e-08	-2.834907e+01	-1.209630e+03
5.600000e-07	-3.825096e-06	-1.817621e-08	-2.740177e+01	-1.195113e+03
5.700000e-07	-3.691446e-06	-1.794769e-08	-2.644434e+01	-1.179858e+03
5.800000e-07	-3.556472e-06	-1.770831e-08	-2.547743e+01	-1.163879e+03
5.900000e-07	-3.420144e-06	-1.745729e-08	-2.450082e+01	-1.147172e+03
6.000000e-07	-3.282366e-06	-1.718763e-08	-2.351382e+01	-1.129693e+03
6.100000e-07	-3.143202e-06	-1.690378e-08	-2.251690e+01	-1.111355e+03
6.200000e-07	-3.002801e-06	-1.659947e-08	-2.151111e+01	-1.092024e+03
6.300000e-07	-2.861104e-06	-1.627877e-08	-2.049603e+01	-1.071541e+03
6.400000e-07	-2.718142e-06	-1.594160e-08	-1.947190e+01	-1.049741e+03
6.500000e-07	-2.574106e-06	-1.558557e-08	-1.844008e+01	-1.026480e+03
6.600000e-07	-2.429140e-06	-1.520903e-08	-1.740159e+01	-1.001643e+03
6.700000e-07	-2.283398e-06	-1.480751e-08	-1.635753e+01	-9.751479e+02
6.800000e-07	-2.136951e-06	-1.438169e-08	-1.530844e+01	-9.469270e+02
6.900000e-07	-1.989819e-06	-1.392658e-08	-1.425443e+01	-9.168943e+02
7.000000e-07	-1.842096e-06	-1.344056e-08	-1.319618e+01	-8.849148e+02
7.100000e-07	-1.693816e-06	-1.291522e-08	-1.213396e+01	-8.507803e+02
7.200000e-07	-1.544993e-06	-1.235092e-08	-1.106784e+01	-8.142069e+02
7.300000e-07	-1.395723e-06	-1.174415e-08	-9.998516e+00	-7.748598e+02
7.400000e-07	-1.246049e-06	-1.109212e-08	-8.926299e+00	-7.324060e+02
7.500000e-07	-1.095940e-06	-1.039496e-08	-7.850965e+00	-6.865851e+02
7.600000e-07	-9.454283e-07	-9.649318e-09	-6.772746e+00	-6.372839e+02
7.700000e-07	-7.945677e-07	-8.853648e-09	-5.692030e+00	-5.845945e+02
7.800000e-07	-6.434164e-07	-8.009142e-09	-4.609229e+00	-5.288385e+02
7.900000e-07	-4.920571e-07	-7.124945e-09	-3.524940e+00	-4.705461e+02
8.000000e-07	-3.404576e-07	-6.207634e-09	-2.438930e+00	-4.103875e+02
8.100000e-07	-1.886735e-07	-5.269244e-09	-1.351597e+00	-3.490690e+02
8.200000e-07	-3.680153e-08	-4.319582e-09	-2.636344e-01	-2.872119e+02
8.300000e-07	1.151270e-07	-3.368546e-09	8.247328e-01	-2.252426e+02
8.400000e-07	2.670742e-07	-2.422574e-09	1.913234e+00	-1.633187e+02
8.500000e-07	4.189554e-07	-1.479436e-09	3.001263e+00	-1.013113e+02
8.600000e-07	5.707274e-07	-5.344230e-10	4.088509e+00	-3.885220e+01
8.700000e-07	7.223346e-07	4.221782e-10	5.174575e+00	2.456240e+01
8.800000e-07	8.736409e-07	1.398478e-09	6.258485e+00	8.942945e+01
8.900000e-07	1.024593e-06	2.406874e-09	7.339858e+00	1.560888e+02
9.000000e-07	1.175168e-06	3.450620e-09	8.418528e+00	2.245968e+02
9.100000e-07	1.325344e-06	4.523830e-09	9.494341e+00	2.946513e+02
9.200000e-07	1.475064e-06	5.615356e-09	1.056689e+01	3.655857e+02
9.300000e-07	1.624231e-06	6.704453e-09	1.163547e+01	4.364335e+02
9.400000e-07	1.772778e-06	7.767586e-09	1.269962e+01	5.060508e+02
9.500000e-07	1.920744e-06	8.784885e-09	1.375960e+01	5.732710e+02
9.600000e-07	2.068096e-06	9.744471e-09	1.481518e+01	6.370613e+02
9.700000e-07	2.214710e-06	1.063763e-08	1.586547e+01	6.966498e+02
9.800000e-07	2.360558e-06	1.146212e-08	1.691028e+01	7.516003e+02
9.900000e-07	2.505528e-06	1.222015e-08	1.794880e+01	8.018255e+02
1.000000e-06	2.649488e-06	1.291710e-08	1.898008e+01	8.475408e+02
1.010000e-06	2.792400e-06	1.355669e-08	2.000386e+01	8.891748e+02
1.020000e-06	2.934199e-06	1.414338e-08	2.101967e+01	9.272600e+02
1.030000e-06	3.074770e-06	1.468218e-08	2.202667e+01	9.623289e+02
1.040000e-06	3.214138e-06	1.517569e-08	2.302506e+01	9.948351e+02
1.050000e-06	3.352287e-06	1.563155e-08	2.401472e+01	1.025112e+03
1.060000e-06	3.489120e-06	1.605448e-08	2.499494e+01	1.053372e+03
1.070000e-06	3.624575e-06	1.644983e-08	2.596530e+01	1.079736e+03
1.080000e-06	3.758713e-06	1.681814e-08	2.692622e+01	1.104278e+03
1.090000e-06	3.891603e-06	1.716207e-08	2.787820e+01	1.127071e+03
1.100000e-06	4.023112e-06	1.748505e-08	2.882029e+01	1.148225e+03
1.110000e-06	4.153210e-06	1.778873e-08	2.975227e+01	1.167889e+03
1.120000e-06	4.281784e-06	1.807371e-08	3.067333e+01	1.186251e+03
1.130000e-06	4.408766e-06	1.833954e-08	3.158299e+01	1.203506e+03
1.140000e-06	4.534296e-06	1.858738e-08	3.248225e+01	1.219828e+03
1.150000e-06	4.658324e-06	1.881907e-08	3.337074e+01	1.235344e+03
1.160000e-06	4.780759e-06	1.903884e-08	3.424783e+01	1.250122e+03
1.170000e-06	4.901478e-06	1.924743e-08	3.511262e+01	1.264180e+03
1.180000e-06	5.020348e-06	1.944501e-08	3.596417e+01	1.277498e+03
1.190000e-06	5.137396e-06	1.963276e-08	3.680267e+01	1.290052e+03
1.200000e-06	5.252530e-06	1.981319e-08	3.762745e+01	1.301833e+03
1.210000e-06	5.365548e-06	1.998440e-08	3.843707e+01	1.312867e+03
1.220000e-06	5.476468e-06	2.014465e-08	3.923167e+01	1.323218e+03
1.230000e-06	5.585494e-06	2.029475e-08	4.001270e+01	1.332974e+03
1.240000e-06	5.692696e-06	2.043690e-08	4.078066e+01	1.342231e+03
1.250000e-06	5.797839e-06	2.057237e-08	4.153387e+01	1.351068e+03
1.260000e-06	5.900734e-06	2.069955e-08	4.227098e+01	1.359534e+03
1.270000e-06	6.001483e-06	2.082095e-08	4.299271e+01	1.367634e+03
1.280000e-06	6.100025e-06	2.093617e-08	4.369863e+01	1.375342e+03
1.290000e-06	6.196207e-06	2.104510e-08	4.438765e+01	1.382614e+03
1.300000e-06	6.290146e-06	2.114904e-08	4.506060e+01	1.389410e+03
1.310000e-06	6.381933e-06	2.124409e-08	4.571813e+01	1.395716e+03
1.320000e-06	6.471416e-06	2.133173e-08	4.635916e+01	1.401552e+03
1.330000e-06	6.558505e-06	2.141428e-08	4.698304e+01	1.406979e+03
1.340000e-06	6.643266e-06	2.149344e-08	4.759024e+01	1.412080e+03
1.350000e-06	6.725724e-06	2.156831e-08	4.818094e+01	1.416948e+03
1.360000e-06	6.805731e-06	2.163966e-08	4.875409e+01	1.421659e+03
1.370000e-06	6.883225e-06	2.170931e-08	4.930922e+01	1.426259e+03
1.380000e-06	6.958177e-06	2.177619e-08	4.984616e+01	1.430751e+03
1.390000e-06	7.030507e-06	2.184065e-08	5.036431e+01	1.435104e+03
1.400000e-06	7.100347e-06	2.190222e-08	5.086462e+01	1.439263e+03
1.410000e-06	7.167677e-06	2.196015e-08	5.134695e+01	1.443171e+03
1.420000e-06	7.232355e-06	2.201284e-08	5.181028e+01	1.446786e+03
1.430000e-06	7.294472e-06	2.206114e-08	5.225527e+01	1.450095e+03
1.440000e-06	7.354178e-06	2.210728e-08	5.268299e+01	1.453119e+03
1.450000e-06	7.411310e-06	2.215172e-08	5.309226e+01	1.455905e+03
1.460000e-06	7.465697e-06	2.219558e-08	5.348187e+01	1.458510e+03
1.470000e-06	7.517125e-06	2.223785e-08	5.385028e+01	1.460984e+03
1.480000e-06	7.565463e-06	2.227569e-08	5.419656e+01	1.463355e+03
1.490000e-06	7.611041e-06	2.230951e-08	5.452307e+01	1.465623e+03
1.500000e-06	7.653993e-06	2.233907e-08	5.483076e+01	1.467759e+03
1.510000e-06	7.694198e-06	2.236439e-08	5.511878e+01	1.469716e+03
1.520000e-06	7.731676e-06	2.238711e-08	5.538726e+01	1.471449e+03
1.530000e-06	7.766532e-06	2.240797e-08	5.563695e+01	1.472925e+03
1.540000e-06	7.798632e-06	2.242629e-08	5.586691e+01	1.474142e+03
1.550000e-06	7.827944e-06	2.244321e-08	5.607689e+01	1.475123e+03
1.560000e-06	7.854482e-06	2.245937e-08	5.626700e+01	1.475918e+03
1.570000e-06	7.878099e-06	2.247263e-08	5.643619e+01	1.476585e+03
1.580000e-06	7.898895e-06	2.248375e-08	5.658516e+01	1.477174e+03
1.590000e-06	7.916897e-06	2.249285e-08	5.671412e+01	1.477716e+03
1.600000e-06	7.931979e-06	2.250010e-08	5.682217e+01	1.478214e+03
1.610000e-06	7.944039e-06	2.250470e-08	5.690856e+01	1.478644e+03
1.620000e-06	7.953022e-06	2.250628e-08	5.697291e+01	1.478965e+03
1.630000e-06	7.959027e-06	2.250679e-08	5.701593e+01	1.479135e+03
1.640000e-06	7.962220e-06	2.250707e-08	5.703880e+01	1.479125e+03
1.650000e-06	7.962596e-06	2.250806e-08	5.704150e+01	1.478929e+03
1.660000e-06	7.960263e-06	2.250449e-08	5.702478e+01	1.478566e+03
1.670000e-06	7.955350e-06	2.249565e-08	5.698959e+01	1.478073e+03
1.680000e-06	7.947705e-06	2.249113e-08	5.693482e+01	1.477495e+03
1.690000e-06	7.937400e-06	2.248390e-08	5.686100e+01	1.476866e+03
1.700000e-06	7.924314e-06	2.247368e-08	5.676725e+01	1.476200e+03
1.710000e-06	7.908484e-06	2.246574e-08	5.665386e+01	1.475484e+03
1.720000e-06	7.890301e-06	2.245608e-08	5.652360e+01	1.474682e+03
1.730000e-06	7.869834e-06	2.244359e-08	5.637698e+01	1.473750e+03
1.740000e-06	7.846656e-06	2.234945e-08	5.621094e+01	1.472647e+03
1.750000e-06	7.820056e-06	2.232851e-08	5.602038e+01	1.471358e+03
1.760000e-06	7.789706e-06	2.237294e-08	5.580297e+01	1.469895e+03
1.770000e-06	7.756218e-06	2.234638e-08	5.556307e+01	1.468308e+03
1.780000e-06	7.720449e-06	2.230444e-08	5.530684e+01	1.466664e+03
1.790000e-06	7.682452e-06	2.234256e-08	5.503463e+01	1.465036e+03
1.800000e-06	7.642334e-06	2.236550e-08	5.474724e+01	1.463479e+03
1.810000e-06	7.600223e-06	2.219218e-08	5.444557e+01	1.462012e+03
1.820000e-06	7.555510e-06	2.229587e-08	5.412526e+01	1.460605e+03
1.830000e-06	7.508065e-06	2.229181e-08	5.378538e+01	1.459188e+03
1.840000e-06	7.457918e-06	2.219870e-08	5.342614e+01	1.457658e+03
1.850000e-06	7.404687e-06	2.226151e-08	5.304481e+01	1.455903e+03
1.860000e-06	7.348635e-06	2.212824e-08	5.264328e+01	1.453829e+03
1.870000e-06	7.290007e-06	2.218037e-08	5.222328e+01	1.451376e+03
1.880000e-06	7.228695e-06	2.210593e-08	5.178407e+01	1.448532e+03
1.890000e-06	7.164582e-06	2.204062e-08	5.132478e+01	1.445329e+03
1.900000e-06	7.097713e-06	2.207002e-08	5.084575e+01	1.441834e+03
1.910000e-06	7.028197e-06	2.193762e-08	5.034776e+01	1.438123e+03
1.920000e-06	6.955904e-06	2.192950e-08	4.982987e+01	1.434265e+03
1.930000e-06	6.880874e-06	2.182582e-08	4.929239e+01	1.430300e+03
1.940000e-06	6.803061e-06	2.179131e-08	4.873496e+01	1.426232e+03
1.950000e-06	6.722589e-06	2.174468e-08	4.815848e+01	1.422030e+03
1.960000e-06	6.639735e-06	2.164184e-08	4.756494e+01	1.417645e+03
1.970000e-06	6.554382e-06	2.159864e-08	4.695350e+01	1.413019e+03
1.980000e-06	6.466570e-06	2.147732e-08	4.632444e+01	1.408111e+03
1.990000e-06	6.376488e-06	2.144458e-08	4.567912e+01	1.402899e+03
2.000000e-06	6.284171e-06	2.133861e-08	4.501780e+01	1.397391e+03
2.010000e-06	6.189583e-06	2.125949e-08	4.434020e+01	1.391610e+03
2.020000e-06	6.092770e-06	2.117203e-08	4.364666e+01	1.385589e+03
2.030000e-06	5.993875e-06	2.106648e-08	4.293821e+01	1.379349e+03
2.040000e-06	5.892827e-06	2.096631e-08	4.221433e+01	1.372891e+03
2.050000e-06	5.789583e-06	2.085181e-08	4.147473e+01	1.366192e+03
2.060000e-06	5.684320e-06	2.077326e-08	4.072065e+01	1.359206e+03
2.070000e-06	5.577185e-06	2.064708e-08	3.995317e+01	1.351877e+03
2.080000e-06	5.468095e-06	2.053503e-08	3.917168e+01	1.344153e+03
2.090000e-06	5.357012e-06	2.040365e-08	3.837592e+01	1.336002e+03
2.100000e-06	5.243962e-06	2.028281e-08	3.756607e+01	1.327415e+03
2.110000e-06	5.128962e-06	2.014103e-08	3.674224e+01	1.318404e+03
2.120000e-06	5.011944e-06	2.000060e-08	3.590397e+01	1.308996e+03
2.130000e-06	4.892936e-06	1.985247e-08	3.505143e+01	1.299214e+03
2.140000e-06	4.772124e-06	1.968907e-08	3.418598e+01	1.289061e+03
2.150000e-06	4.649649e-06	1.952518e-08	3.330860e+01	1.278514e+03
2.160000e-06	4.525534e-06	1.935855e-08	3.241948e+01	1.267517e+03
2.170000e-06	4.399595e-06	1.919323e-08	3.151729e+01	1.255993e+03
2.180000e-06	4.271971e-06	1.900772e-08	3.060304e+01	1.243858e+03
2.190000e-06	4.142852e-06	1.882017e-08	2.967807e+01	1.231038e+03
2.200000e-06	4.012311e-06	1.861450e-08	2.874292e+01	1.217485e+03
2.210000e-06	3.880319e-06	1.839985e-08	2.779737e+01	1.203182e+03
2.220000e-06	3.746790e-06	1.816962e-08	2.684081e+01	1.188135e+03
2.230000e-06	3.611825e-06	1.793456e-08	2.587396e+01	1.172361e+03
2.240000e-06	3.475541e-06	1.768338e-08	2.489767e+01	1.155864e+03
2.250000e-06	3.338017e-06	1.741769e-08	2.391249e+01	1.138612e+03
2.260000e-06	3.199259e-06	1.714176e-08	2.291847e+01	1.120530e+03
2.270000e-06	3.059180e-06	1.685310e-08	2.191499e+01	1.101498e+03
2.280000e-06	2.917767e-06	1.654895e-08	2.090195e+01	1.081360e+03
2.290000e-06	2.775157e-06	1.622384e-08	1.988034e+01	1.059952e+03
2.300000e-06	2.631535e-06	1.587897e-08	1.885147e+01	1.037120e+03
2.310000e-06	2.487047e-06	1.550857e-08	1.781641e+01	1.012742e+03
2.320000e-06	2.341738e-06	1.511666e-08	1.677546e+01	9.867274e+02
2.330000e-06	2.195690e-06	1.469949e-08	1.572922e+01	9.590063e+02
2.340000e-06	2.048982e-06	1.425361e-08	1.467825e+01	9.295016e+02
2.350000e-06	1.901638e-06	1.377458e-08	1.362273e+01	8.980954e+02
2.360000e-06	1.753670e-06	1.325963e-08	1.256273e+01	8.646017e+02
2.370000e-06	1.605069e-06	1.270815e-08	1.149820e+01	8.287571e+02
2.380000e-06	1.455876e-06	1.211761e-08	1.042943e+01	7.902370e+02
2.390000e-06	1.306162e-06	1.148381e-08	9.356925e+00	7.487013e+02
2.400000e-06	1.155939e-06	1.079896e-08	8.280780e+00	7.038609e+02
2.410000e-06	1.005249e-06	1.006255e-08	7.201284e+00	6.555537e+02
2.420000e-06	8.542320e-07	9.277278e-09	6.119445e+00	6.038089e+02
2.430000e-06	7.029844e-07	8.442600e-09	5.035956e+00	5.488825e+02
2.440000e-06	5.515310e-07	7.565135e-09	3.950992e+00	4.912501e+02
2.450000e-06	3.999031e-07	6.653760e-09	2.864778e+00	4.315512e+02
2.460000e-06	2.481240e-07	5.719398e-09	1.777481e+00	3.704940e+02
2.470000e-06	9.622561e-08	4.771415e-09	6.893296e-01	3.087362e+02
2.480000e-06	-5.569257e-08	3.818583e-09	-3.989638e-01	2.467695e+02
2.490000e-06	-2.075931e-07	2.869253e-09	-1.487131e+00	1.848328e+02
2.500000e-06	-3.594661e-07	1.921177e-09	-2.575100e+00	1.228771e+02
2.510000e-06	-5.112576e-07	9.699788e-10	-3.662486e+00	6.059428e+01
2.520000e-06	-6.629335e-07	7.072750e-12	-4.749044e+00	-2.494195e+00
2.530000e-06	-8.144145e-07	-9.745404e-10	-5.834205e+00	-6.690276e+01
2.540000e-06	-9.656050e-07	-1.979301e-09	-6.917286e+00	-1.330307e+02
2.550000e-06	-1.116477e-06	-3.015546e-09	-7.998084e+00	-2.010256e+02
2.560000e-06	-1.266952e-06	-4.079914e-09	-9.076040e+00	-2.706917e+02
2.570000e-06	-1.416949e-06	-5.164116e-09	-1.015057e+01	-3.414629e+02
2.580000e-06	-1.566408e-06	-6.255388e-09	-1.122125e+01	-4.124479e+02
2.590000e-06	-1.715244e-06	-7.336871e-09	-1.228746e+01	-4.825386e+02
2.600000e-06	-1.863383e-06	-8.386493e-09	-1.334868e+01	-5.505584e+02
2.610000e-06	-2.010753e-06	-9.380019e-09	-1.440439e+01	-6.154215e+02
2.620000e-06	-2.157395e-06	-1.030661e-08	-1.545489e+01	-6.762712e+02
2.630000e-06	-2.303336e-06	-1.116311e-08	-1.650036e+01	-7.325714e+02
2.640000e-06	-2.448389e-06	-1.194829e-08	-1.753947e+01	-7.841373e+02
2.650000e-06	-2.592485e-06	-1.266645e-08	-1.857173e+01	-8.311056e+02
2.660000e-06	-2.735613e-06	-1.332476e-08	-1.959706e+01	-8.738544e+02
2.670000e-06	-2.877644e-06	-1.392961e-08	-2.061452e+01	-9.128983e+02
2.680000e-06	-3.018492e-06	-1.448694e-08	-2.162351e+01	-9.487789e+02
2.690000e-06	-3.158073e-06	-1.499836e-08	-2.262343e+01	-9.819784e+02
2.700000e-06	-3.296406e-06	-1.547107e-08	-2.361440e+01	-1.012866e+03
2.710000e-06	-3.433489e-06	-1.591059e-08	-2.459642e+01	-1.041688e+03
2.720000e-06	-3.569295e-06	-1.631791e-08	-2.556929e+01	-1.068586e+03
2.730000e-06	-3.703875e-06	-1.669780e-08	-2.653338e+01	-1.093642e+03
2.740000e-06	-3.837118e-06	-1.705213e-08	-2.748789e+01	-1.116927e+03
2.750000e-06	-3.968899e-06	-1.738196e-08	-2.843192e+01	-1.138536e+03
2.760000e-06	-4.099294e-06	-1.768978e-08	-2.936603e+01	-1.158608e+03
2.770000e-06	-4.228307e-06	-1.797911e-08	-3.029024e+01	-1.177323e+03
2.780000e-06	-4.355914e-06	-1.825026e-08	-3.120437e+01	-1.194876e+03
2.790000e-06	-4.482070e-06	-1.850618e-08	-3.210812e+01	-1.211450e+03
2.800000e-06	-4.606553e-06	-1.874902e-08	-3.299988e+01	-1.227187e+03
2.810000e-06	-4.729391e-06	-1.898088e-08	-3.387985e+01	-1.242173e+03
2.820000e-06	-4.850616e-06	-1.920252e-08	-3.474826e+01	-1.256439e+03
2.830000e-06	-4.970064e-06	-1.941112e-08	-3.560395e+01	-1.269972e+03
2.840000e-06	-5.087566e-06	-1.960565e-08	-3.644570e+01	-1.282747e+03
2.850000e-06	-5.202985e-06	-1.978498e-08	-3.727252e+01	-1.294748e+03
2.860000e-06	-5.316272e-06	-1.995318e-08	-3.808408e+01	-1.305992e+03
2.870000e-06	-5.427415e-06	-2.011395e-08	-3.888027e+01	-1.316530e+03
2.880000e-06	-5.536565e-06	-2.026679e-08	-3.966218e+01	-1.326446e+03
2.890000e-06	-5.643889e-06	-2.041318e-08	-4.043102e+01	-1.335837e+03
2.900000e-06	-5.749254e-06	-2.055327e-08	-4.118582e+01	-1.344789e+03
2.910000e-06	-5.852430e-06	-2.068616e-08	-4.192494e+01	-1.353360e+03
2.920000e-06	-5.953378e-06	-2.081409e-08	-4.264810e+01	-1.361566e+03
2.930000e-06	-6.052221e-06	-2.093425e-08	-4.335618e+01	-1.369391e+03
2.940000e-06	-6.148972e-06	-2.104456e-08	-4.404927e+01	-1.376793e+03
2.950000e-06	-6.243469e-06	-2.114565e-08	-4.472622e+01	-1.383729e+03
2.960000e-06	-6.335658e-06	-2.124157e-08	-4.538663e+01	-1.390175e+03
2.970000e-06	-6.425655e-06	-2.133248e-08	-4.603134e+01	-1.396142e+03
2.980000e-06	-6.513415e-06	-2.141680e-08	-4.666003e+01	-1.401678e+03
2.990000e-06	-6.598692e-06	-2.149880e-08	-4.727092e+01	-1.406864e+03
3.000000e-06	-6.681521e-06	-2.157945e-08	-4.786429e+01	-1.411790e+03
3.010000e-06	-6.762013e-06	-2.165703e-08	-4.844091e+01	-1.416541e+03
3.020000e-06	-6.839911e-06	-2.173026e-08	-4.899894e+01	-1.421171e+03
3.030000e-06	-6.915117e-06	-2.180059e-08	-4.953769e+01	-1.425696e+03
3.040000e-06	-6.987818e-06	-2.186719e-08	-5.005850e+01	-1.430095e+03
3.050000e-06	-7.058043e-06	-2.192819e-08	-5.056156e+01	-1.434316e+03
3.060000e-06	-7.125755e-06	-2.198392e-08	-5.104663e+01	-1.438302e+03
3.070000e-06	-7.190992e-06	-2.203900e-08	-5.151397e+01	-1.442004e+03
3.080000e-06	-7.253684e-06	-2.209281e-08	-5.196308e+01	-1.445400e+03
3.090000e-06	-7.313746e-06	-2.214387e-08	-5.239334e+01	-1.448503e+03
3.100000e-06	-7.371254e-06	-2.219009e-08	-5.280531e+01	-1.451352e+03
3.110000e-06	-7.426101e-06	-2.223291e-08	-5.319822e+01	-1.454003e+03
3.120000e-06	-7.477981e-06	-2.227104e-08	-5.356987e+01	-1.456511e+03
3.130000e-06	-7.526777e-06	-2.230635e-08	-5.391943e+01	-1.458912e+03
3.140000e-06	-7.572716e-06	-2.234003e-08	-5.424852e+01	-1.461212e+03
3.150000e-06	-7.616159e-06	-2.237135e-08	-5.455973e+01	-1.463390e+03
3.160000e-06	-7.657119e-06	-2.240103e-08	-5.485315e+01	-1.465404e+03
3.170000e-06	-7.695379e-06	-2.242766e-08	-5.512724e+01	-1.467206e+03
3.180000e-06	-7.730895e-06	-2.245102e-08	-5.538167e+01	-1.468758e+03
3.190000e-06	-7.763722e-06	-2.247225e-08	-5.561683e+01	-1.470048e+03
3.200000e-06	-7.793691e-06	-2.249128e-08	-5.583152e+01	-1.471093e+03
3.210000e-06	-7.820799e-06	-2.250493e-08	-5.602571e+01	-1.471937e+03
3.220000e-06	-7.845136e-06	-2.251450e-08	-5.620005e+01	-1.472635e+03
3.230000e-06	-7.866568e-06	-2.252399e-08	-5.635358e+01	-1.473243e+03
3.240000e-06	-7.885192e-06	-2.253437e-08	-5.648700e+01	-1.473797e+03
3.250000e-06	-7.900971e-06	-2.254254e-08	-5.660004e+01	-1.474310e+03
3.260000e-06	-7.913669e-06	-2.254644e-08	-5.669100e+01	-1.474764e+03
3.270000e-06	-7.923344e-06	-2.254782e-08	-5.676031e+01	-1.475121e+03
3.280000e-06	-7.930088e-06	-2.254970e-08	-5.680862e+01	-1.475339e+03
3.290000e-06	-7.933994e-06	-2.254853e-08	-5.683660e+01	-1.475383e+03
3.300000e-06	-7.935234e-06	-2.254233e-08	-5.684548e+01	-1.475240e+03
