# Temperatura_=_31.33
# Concentracion g/m^3_=_28200.0
# C_Vs_to_Am_M_A/Vsm_=_65563218390.804596
# pendiente_HvsI_1/m_=_3716.3
# ordenada_HvsI_A/m_=_1297.0
# frecuencia_Hz_=_302372.2438668965

Tiempo_(s)	Campo_(V.s)	Magnetizacion_(V.s)	Campo_(kA/m)	Magnetizacion_(A/m)
0.000000e+00	-7.318544e-06	-2.128235e-08	-5.318955e+01	-1.393633e+03
1.000000e-08	-7.314555e-06	-2.127610e-08	-5.316056e+01	-1.393257e+03
2.000000e-08	-7.308195e-06	-2.126797e-08	-5.311434e+01	-1.392741e+03
3.000000e-08	-7.299528e-06	-2.125847e-08	-5.305135e+01	-1.392098e+03
4.000000e-08	-7.288299e-06	-2.124791e-08	-5.296974e+01	-1.391337e+03
5.000000e-08	-7.274319e-06	-2.123467e-08	-5.286814e+01	-1.390471e+03
6.000000e-08	-7.257691e-06	-2.122244e-08	-5.274729e+01	-1.389502e+03
7.000000e-08	-7.238825e-06	-2.121287e-08	-5.261017e+01	-1.388432e+03
8.000000e-08	-7.217875e-06	-2.120989e-08	-5.245791e+01	-1.387258e+03
9.000000e-08	-7.194359e-06	-2.118315e-08	-5.228700e+01	-1.385978e+03
1.000000e-07	-7.167810e-06	-2.115745e-08	-5.209405e+01	-1.384594e+03
1.100000e-07	-7.138418e-06	-2.112596e-08	-5.188044e+01	-1.383113e+03
1.200000e-07	-7.106573e-06	-2.108823e-08	-5.164900e+01	-1.381545e+03
1.300000e-07	-7.072267e-06	-2.105205e-08	-5.139967e+01	-1.379898e+03
1.400000e-07	-7.035738e-06	-2.102957e-08	-5.113419e+01	-1.378180e+03
1.500000e-07	-6.997380e-06	-2.101570e-08	-5.085540e+01	-1.376384e+03
1.600000e-07	-6.956902e-06	-2.094109e-08	-5.056122e+01	-1.374493e+03
1.700000e-07	-6.913927e-06	-2.092776e-08	-5.024889e+01	-1.372476e+03
1.800000e-07	-6.868584e-06	-2.088081e-08	-4.991934e+01	-1.370294e+03
1.900000e-07	-6.820723e-06	-2.082662e-08	-4.957150e+01	-1.367909e+03
2.000000e-07	-6.769957e-06	-2.081902e-08	-4.920255e+01	-1.365286e+03
2.100000e-07	-6.716439e-06	-2.075954e-08	-4.881359e+01	-1.362406e+03
2.200000e-07	-6.660422e-06	-2.075930e-08	-4.840647e+01	-1.359269e+03
2.300000e-07	-6.601944e-06	-2.072176e-08	-4.798147e+01	-1.355889e+03
2.400000e-07	-6.541059e-06	-2.061195e-08	-4.753897e+01	-1.352297e+03
2.500000e-07	-6.477816e-06	-2.054587e-08	-4.707933e+01	-1.348523e+03
2.600000e-07	-6.412062e-06	-2.049153e-08	-4.660145e+01	-1.344596e+03
2.700000e-07	-6.343790e-06	-2.043155e-08	-4.610526e+01	-1.340528e+03
2.800000e-07	-6.273178e-06	-2.036666e-08	-4.559207e+01	-1.336317e+03
2.900000e-07	-6.200165e-06	-2.031089e-08	-4.506142e+01	-1.331945e+03
3.000000e-07	-6.124637e-06	-2.024429e-08	-4.451250e+01	-1.327380e+03
3.100000e-07	-6.046525e-06	-2.014622e-08	-4.394480e+01	-1.322591e+03
3.200000e-07	-5.965944e-06	-2.006725e-08	-4.335916e+01	-1.317551e+03
3.300000e-07	-5.883279e-06	-1.998883e-08	-4.275836e+01	-1.312247e+03
3.400000e-07	-5.798724e-06	-1.993140e-08	-4.214384e+01	-1.306676e+03
3.500000e-07	-5.712240e-06	-1.984239e-08	-4.151529e+01	-1.300850e+03
3.600000e-07	-5.623756e-06	-1.973529e-08	-4.087221e+01	-1.294780e+03
3.700000e-07	-5.533118e-06	-1.964546e-08	-4.021348e+01	-1.288478e+03
3.800000e-07	-5.440440e-06	-1.954418e-08	-3.953991e+01	-1.281941e+03
3.900000e-07	-5.345919e-06	-1.944300e-08	-3.885295e+01	-1.275152e+03
4.000000e-07	-5.249548e-06	-1.933459e-08	-3.815255e+01	-1.268079e+03
4.100000e-07	-5.151269e-06	-1.922273e-08	-3.743828e+01	-1.260684e+03
4.200000e-07	-5.051165e-06	-1.909154e-08	-3.671074e+01	-1.252929e+03
4.300000e-07	-4.949326e-06	-1.896488e-08	-3.597060e+01	-1.244783e+03
4.400000e-07	-4.845710e-06	-1.883444e-08	-3.521755e+01	-1.236235e+03
4.500000e-07	-4.740358e-06	-1.869604e-08	-3.445187e+01	-1.227285e+03
4.600000e-07	-4.633273e-06	-1.855660e-08	-3.367360e+01	-1.217948e+03
4.700000e-07	-4.524517e-06	-1.841149e-08	-3.288318e+01	-1.208242e+03
4.800000e-07	-4.414179e-06	-1.825811e-08	-3.208127e+01	-1.198175e+03
4.900000e-07	-4.302294e-06	-1.809658e-08	-3.126812e+01	-1.187740e+03
5.000000e-07	-4.188748e-06	-1.793508e-08	-3.044289e+01	-1.176907e+03
5.100000e-07	-4.073391e-06	-1.776059e-08	-2.960450e+01	-1.165623e+03
5.200000e-07	-3.956407e-06	-1.757287e-08	-2.875429e+01	-1.153822e+03
5.300000e-07	-3.837997e-06	-1.737601e-08	-2.789371e+01	-1.141438e+03
5.400000e-07	-3.718241e-06	-1.717769e-08	-2.702335e+01	-1.128407e+03
5.500000e-07	-3.597134e-06	-1.696677e-08	-2.614317e+01	-1.114688e+03
5.600000e-07	-3.474550e-06	-1.674195e-08	-2.525226e+01	-1.100256e+03
5.700000e-07	-3.350562e-06	-1.651065e-08	-2.435114e+01	-1.085101e+03
5.800000e-07	-3.225373e-06	-1.627202e-08	-2.344130e+01	-1.069217e+03
5.900000e-07	-3.099086e-06	-1.602366e-08	-2.252347e+01	-1.052590e+03
6.000000e-07	-2.971673e-06	-1.576064e-08	-2.159746e+01	-1.035182e+03
6.100000e-07	-2.843127e-06	-1.548297e-08	-2.066322e+01	-1.016929e+03
6.200000e-07	-2.713532e-06	-1.518385e-08	-1.972135e+01	-9.977376e+02
6.300000e-07	-2.582881e-06	-1.486703e-08	-1.877181e+01	-9.774922e+02
6.400000e-07	-2.451163e-06	-1.453223e-08	-1.781451e+01	-9.560689e+02
6.500000e-07	-2.318600e-06	-1.418144e-08	-1.685107e+01	-9.333469e+02
6.600000e-07	-2.185365e-06	-1.381476e-08	-1.588275e+01	-9.092172e+02
6.700000e-07	-2.051409e-06	-1.342797e-08	-1.490919e+01	-8.835830e+02
6.800000e-07	-1.916707e-06	-1.301483e-08	-1.393020e+01	-8.563524e+02
6.900000e-07	-1.781228e-06	-1.257223e-08	-1.294557e+01	-8.274236e+02
7.000000e-07	-1.645056e-06	-1.210209e-08	-1.195590e+01	-7.966699e+02
7.100000e-07	-1.508341e-06	-1.160034e-08	-1.096229e+01	-7.639299e+02
7.200000e-07	-1.371148e-06	-1.106717e-08	-9.965196e+00	-7.290105e+02
7.300000e-07	-1.233506e-06	-1.049648e-08	-8.964847e+00	-6.917049e+02
7.400000e-07	-1.095482e-06	-9.886869e-09	-7.961720e+00	-6.518268e+02
7.500000e-07	-9.570749e-07	-9.237134e-09	-6.955808e+00	-6.092549e+02
7.600000e-07	-8.182306e-07	-8.547820e-09	-5.946718e+00	-5.639774e+02
7.700000e-07	-6.790308e-07	-7.820669e-09	-4.935045e+00	-5.161260e+02
7.800000e-07	-5.394954e-07	-7.058762e-09	-3.920933e+00	-4.659876e+02
7.900000e-07	-3.996852e-07	-6.268217e-09	-2.904823e+00	-4.139859e+02
8.000000e-07	-2.597422e-07	-5.455836e-09	-1.887748e+00	-3.606337e+02
8.100000e-07	-1.197006e-07	-4.630791e-09	-8.699576e-01	-3.064604e+02
8.200000e-07	2.039638e-08	-3.798002e-09	1.482364e-01	-2.519289e+02
8.300000e-07	1.605156e-07	-2.964458e-09	1.166591e+00	-1.973580e+02
8.400000e-07	3.006018e-07	-2.133478e-09	2.184707e+00	-1.428693e+02
8.500000e-07	4.406305e-07	-1.303761e-09	3.202405e+00	-8.837075e+01
8.600000e-07	5.805566e-07	-4.718221e-10	4.219357e+00	-3.358448e+01
8.700000e-07	7.202308e-07	3.676442e-10	5.234478e+00	2.188367e+01
8.800000e-07	8.595955e-07	1.222862e-09	6.247349e+00	7.844521e+01
8.900000e-07	9.986246e-07	2.101131e-09	7.257782e+00	1.364194e+02
9.000000e-07	1.137248e-06	3.005151e-09	8.265266e+00	1.959344e+02
9.100000e-07	1.275470e-06	3.933622e-09	9.269833e+00	2.568603e+02
9.200000e-07	1.413267e-06	4.878880e-09	1.027131e+01	3.187875e+02
9.300000e-07	1.550506e-06	5.832342e-09	1.126873e+01	3.810547e+02
9.400000e-07	1.687162e-06	6.777677e-09	1.226192e+01	4.428237e+02
9.500000e-07	1.823191e-06	7.695947e-09	1.325055e+01	5.031827e+02
9.600000e-07	1.958429e-06	8.574593e-09	1.423343e+01	5.612618e+02
9.700000e-07	2.092852e-06	9.406749e-09	1.521038e+01	6.163367e+02
9.800000e-07	2.226545e-06	1.018646e-08	1.618203e+01	6.679030e+02
9.900000e-07	2.359518e-06	1.090762e-08	1.714845e+01	7.157103e+02
1.000000e-06	2.491572e-06	1.157107e-08	1.810819e+01	7.597537e+02
1.010000e-06	2.622511e-06	1.218367e-08	1.905982e+01	8.002287e+02
1.020000e-06	2.752482e-06	1.275114e-08	2.000443e+01	8.374626e+02
1.030000e-06	2.881545e-06	1.327553e-08	2.094243e+01	8.718398e+02
1.040000e-06	3.009495e-06	1.376301e-08	2.187234e+01	9.037347e+02
1.050000e-06	3.136307e-06	1.421510e-08	2.279399e+01	9.334654e+02
1.060000e-06	3.262060e-06	1.463535e-08	2.370793e+01	9.612725e+02
1.070000e-06	3.386741e-06	1.503049e-08	2.461408e+01	9.873222e+02
1.080000e-06	3.510178e-06	1.539877e-08	2.551119e+01	1.011726e+03
1.090000e-06	3.632303e-06	1.574366e-08	2.639877e+01	1.034570e+03
1.100000e-06	3.753129e-06	1.606815e-08	2.727691e+01	1.055940e+03
1.110000e-06	3.872559e-06	1.637378e-08	2.814490e+01	1.075937e+03
1.120000e-06	3.990601e-06	1.666170e-08	2.900280e+01	1.094684e+03
1.130000e-06	4.107204e-06	1.693233e-08	2.985025e+01	1.112316e+03
1.140000e-06	4.222246e-06	1.718729e-08	3.068635e+01	1.128965e+03
1.150000e-06	4.335644e-06	1.742727e-08	3.151050e+01	1.144746e+03
1.160000e-06	4.447392e-06	1.765351e-08	3.232266e+01	1.159742e+03
1.170000e-06	4.557602e-06	1.786685e-08	3.312364e+01	1.174001e+03
1.180000e-06	4.666325e-06	1.807045e-08	3.391382e+01	1.187546e+03
1.190000e-06	4.773370e-06	1.826421e-08	3.469179e+01	1.200380e+03
1.200000e-06	4.878632e-06	1.844740e-08	3.545681e+01	1.212507e+03
1.210000e-06	4.982144e-06	1.861999e-08	3.620912e+01	1.223943e+03
1.220000e-06	5.083884e-06	1.878315e-08	3.694854e+01	1.234721e+03
1.230000e-06	5.183815e-06	1.893890e-08	3.767481e+01	1.244893e+03
1.240000e-06	5.281816e-06	1.908818e-08	3.838707e+01	1.254523e+03
1.250000e-06	5.377751e-06	1.923132e-08	3.908430e+01	1.263669e+03
1.260000e-06	5.471708e-06	1.936768e-08	3.976716e+01	1.272380e+03
1.270000e-06	5.563835e-06	1.949617e-08	4.043672e+01	1.280684e+03
1.280000e-06	5.653974e-06	1.961490e-08	4.109183e+01	1.288586e+03
1.290000e-06	5.742003e-06	1.972510e-08	4.173160e+01	1.296078e+03
1.300000e-06	5.827962e-06	1.982866e-08	4.235633e+01	1.303142e+03
1.310000e-06	5.911900e-06	1.992736e-08	4.296637e+01	1.309771e+03
1.320000e-06	5.993759e-06	2.002239e-08	4.356131e+01	1.315971e+03
1.330000e-06	6.073410e-06	2.011205e-08	4.414019e+01	1.321773e+03
1.340000e-06	6.150788e-06	2.019685e-08	4.470256e+01	1.327225e+03
1.350000e-06	6.225774e-06	2.027738e-08	4.524754e+01	1.332386e+03
1.360000e-06	6.298350e-06	2.035283e-08	4.577501e+01	1.337316e+03
1.370000e-06	6.368661e-06	2.042440e-08	4.628602e+01	1.342063e+03
1.380000e-06	6.436738e-06	2.049269e-08	4.678079e+01	1.346652e+03
1.390000e-06	6.502503e-06	2.055723e-08	4.725875e+01	1.351087e+03
1.400000e-06	6.565912e-06	2.061903e-08	4.771959e+01	1.355345e+03
1.410000e-06	6.627066e-06	2.067852e-08	4.816405e+01	1.359397e+03
1.420000e-06	6.686005e-06	2.073571e-08	4.859240e+01	1.363206e+03
1.430000e-06	6.742570e-06	2.079031e-08	4.900350e+01	1.366748e+03
1.440000e-06	6.796641e-06	2.084052e-08	4.939648e+01	1.370014e+03
1.450000e-06	6.848073e-06	2.088798e-08	4.977028e+01	1.373014e+03
1.460000e-06	6.896755e-06	2.093345e-08	5.012409e+01	1.375771e+03
1.470000e-06	6.942888e-06	2.097570e-08	5.045937e+01	1.378316e+03
1.480000e-06	6.986607e-06	2.101335e-08	5.077711e+01	1.380681e+03
1.490000e-06	7.027799e-06	2.104524e-08	5.107648e+01	1.382885e+03
1.500000e-06	7.066442e-06	2.107298e-08	5.135733e+01	1.384936e+03
1.510000e-06	7.102645e-06	2.109816e-08	5.162045e+01	1.386827e+03
1.520000e-06	7.136358e-06	2.112289e-08	5.186547e+01	1.388546e+03
1.530000e-06	7.167528e-06	2.114676e-08	5.209200e+01	1.390075e+03
1.540000e-06	7.196236e-06	2.116888e-08	5.230065e+01	1.391404e+03
1.550000e-06	7.222355e-06	2.118907e-08	5.249047e+01	1.392532e+03
1.560000e-06	7.245743e-06	2.120575e-08	5.266046e+01	1.393471e+03
1.570000e-06	7.266559e-06	2.121889e-08	5.281174e+01	1.394242e+03
1.580000e-06	7.284921e-06	2.122884e-08	5.294519e+01	1.394872e+03
1.590000e-06	7.300622e-06	2.123679e-08	5.305930e+01	1.395382e+03
1.600000e-06	7.313462e-06	2.124264e-08	5.315262e+01	1.395789e+03
1.610000e-06	7.323390e-06	2.124777e-08	5.322478e+01	1.396098e+03
1.620000e-06	7.330519e-06	2.125238e-08	5.327658e+01	1.396304e+03
1.630000e-06	7.335127e-06	2.125460e-08	5.331008e+01	1.396395e+03
1.640000e-06	7.337208e-06	2.125402e-08	5.332520e+01	1.396356e+03
1.650000e-06	7.336642e-06	2.125093e-08	5.332109e+01	1.396176e+03
1.660000e-06	7.333657e-06	2.125018e-08	5.329939e+01	1.395851e+03
1.670000e-06	7.328263e-06	2.124391e-08	5.326019e+01	1.395384e+03
1.680000e-06	7.320349e-06	2.123508e-08	5.320267e+01	1.394784e+03
1.690000e-06	7.309971e-06	2.122620e-08	5.312725e+01	1.394064e+03
1.700000e-06	7.297001e-06	2.121589e-08	5.303299e+01	1.393234e+03
1.710000e-06	7.281504e-06	2.120102e-08	5.292036e+01	1.392301e+03
1.720000e-06	7.263798e-06	2.117516e-08	5.279167e+01	1.391267e+03
1.730000e-06	7.243965e-06	2.114081e-08	5.264753e+01	1.390130e+03
1.740000e-06	7.221449e-06	2.112390e-08	5.248389e+01	1.388888e+03
1.750000e-06	7.195620e-06	2.110206e-08	5.229617e+01	1.387540e+03
1.760000e-06	7.166478e-06	2.109252e-08	5.208437e+01	1.386092e+03
1.770000e-06	7.134628e-06	2.108523e-08	5.185289e+01	1.384553e+03
1.780000e-06	7.100739e-06	2.106240e-08	5.160660e+01	1.382933e+03
1.790000e-06	7.065178e-06	2.102857e-08	5.134814e+01	1.381240e+03
1.800000e-06	7.027926e-06	2.105990e-08	5.107741e+01	1.379473e+03
1.810000e-06	6.988295e-06	2.101821e-08	5.078938e+01	1.377618e+03
1.820000e-06	6.946031e-06	2.099612e-08	5.048221e+01	1.375650e+03
1.830000e-06	6.901483e-06	2.101231e-08	5.015845e+01	1.373531e+03
1.840000e-06	6.854471e-06	2.091481e-08	4.981677e+01	1.371223e+03
1.850000e-06	6.804844e-06	2.091619e-08	4.945610e+01	1.368687e+03
1.860000e-06	6.752565e-06	2.083277e-08	4.907615e+01	1.365900e+03
1.870000e-06	6.697545e-06	2.074324e-08	4.867627e+01	1.362853e+03
1.880000e-06	6.640070e-06	2.075684e-08	4.825856e+01	1.359557e+03
1.890000e-06	6.580111e-06	2.070042e-08	4.782279e+01	1.356036e+03
1.900000e-06	6.517512e-06	2.067159e-08	4.736783e+01	1.352323e+03
1.910000e-06	6.452428e-06	2.060605e-08	4.689482e+01	1.348448e+03
1.920000e-06	6.385025e-06	2.052458e-08	4.640495e+01	1.344429e+03
1.930000e-06	6.315258e-06	2.045404e-08	4.589789e+01	1.340271e+03
1.940000e-06	6.242977e-06	2.036839e-08	4.537257e+01	1.335958e+03
1.950000e-06	6.168226e-06	2.035003e-08	4.482930e+01	1.331465e+03
1.960000e-06	6.090906e-06	2.027819e-08	4.426735e+01	1.326759e+03
1.970000e-06	6.011175e-06	2.020188e-08	4.368789e+01	1.321811e+03
1.980000e-06	5.929359e-06	2.010477e-08	4.309326e+01	1.316602e+03
1.990000e-06	5.845496e-06	2.000550e-08	4.248377e+01	1.311125e+03
2.000000e-06	5.759502e-06	1.993504e-08	4.185879e+01	1.305388e+03
2.010000e-06	5.671343e-06	1.983622e-08	4.121806e+01	1.299404e+03
2.020000e-06	5.581182e-06	1.976111e-08	4.056279e+01	1.293184e+03
2.030000e-06	5.489061e-06	1.965502e-08	3.989327e+01	1.286731e+03
2.040000e-06	5.394956e-06	1.954213e-08	3.920934e+01	1.280034e+03
2.050000e-06	5.298918e-06	1.943094e-08	3.851136e+01	1.273067e+03
2.060000e-06	5.201125e-06	1.932897e-08	3.780062e+01	1.265791e+03
2.070000e-06	5.101659e-06	1.922475e-08	3.707773e+01	1.258168e+03
2.080000e-06	5.000385e-06	1.909854e-08	3.634169e+01	1.250164e+03
2.090000e-06	4.897176e-06	1.897610e-08	3.559159e+01	1.241759e+03
2.100000e-06	4.792131e-06	1.883886e-08	3.482814e+01	1.232951e+03
2.110000e-06	4.685542e-06	1.870270e-08	3.405348e+01	1.223750e+03
2.120000e-06	4.577488e-06	1.855840e-08	3.326817e+01	1.214174e+03
2.130000e-06	4.467863e-06	1.840953e-08	3.247143e+01	1.204235e+03
2.140000e-06	4.356478e-06	1.824685e-08	3.166192e+01	1.193934e+03
2.150000e-06	4.243365e-06	1.807864e-08	3.083983e+01	1.183247e+03
2.160000e-06	4.128619e-06	1.791200e-08	3.000588e+01	1.172130e+03
2.170000e-06	4.012141e-06	1.774052e-08	2.915935e+01	1.160522e+03
2.180000e-06	3.893921e-06	1.756015e-08	2.830015e+01	1.148353e+03
2.190000e-06	3.774104e-06	1.736543e-08	2.742935e+01	1.135559e+03
2.200000e-06	3.652932e-06	1.716293e-08	2.654870e+01	1.122089e+03
2.210000e-06	3.530476e-06	1.694679e-08	2.565871e+01	1.107913e+03
2.220000e-06	3.406692e-06	1.672381e-08	2.475908e+01	1.093016e+03
2.230000e-06	3.281676e-06	1.648958e-08	2.385049e+01	1.077393e+03
2.240000e-06	3.155485e-06	1.624005e-08	2.293337e+01	1.061034e+03
2.250000e-06	3.028037e-06	1.597238e-08	2.200710e+01	1.043910e+03
2.260000e-06	2.899440e-06	1.569459e-08	2.107249e+01	1.025968e+03
2.270000e-06	2.769882e-06	1.540858e-08	2.013089e+01	1.007124e+03
2.280000e-06	2.639398e-06	1.511152e-08	1.918256e+01	9.872683e+02
2.290000e-06	2.507916e-06	1.479694e-08	1.822698e+01	9.662795e+02
2.300000e-06	2.375490e-06	1.446013e-08	1.726453e+01	9.440341e+02
2.310000e-06	2.242289e-06	1.410029e-08	1.629646e+01	9.204183e+02
2.320000e-06	2.108403e-06	1.371929e-08	1.532340e+01	8.953316e+02
2.330000e-06	1.973784e-06	1.331847e-08	1.434502e+01	8.686815e+02
2.340000e-06	1.838448e-06	1.289296e-08	1.336143e+01	8.403718e+02
2.350000e-06	1.702440e-06	1.243844e-08	1.237295e+01	8.102860e+02
2.360000e-06	1.565776e-06	1.194712e-08	1.137972e+01	7.782757e+02
2.370000e-06	1.428608e-06	1.141907e-08	1.038281e+01	7.441579e+02
2.380000e-06	1.291066e-06	1.085779e-08	9.383179e+00	7.077274e+02
2.390000e-06	1.153156e-06	1.026471e-08	8.380878e+00	6.687859e+02
2.400000e-06	1.014797e-06	9.632937e-09	7.375320e+00	6.271835e+02
2.410000e-06	8.759955e-07	8.958594e-09	6.366541e+00	5.828647e+02
2.420000e-06	7.369257e-07	8.244088e-09	5.355813e+00	5.359072e+02
2.430000e-06	5.976244e-07	7.492321e-09	4.343401e+00	4.865429e+02
2.440000e-06	4.580336e-07	6.708699e-09	3.328886e+00	4.351506e+02
2.450000e-06	3.182164e-07	5.901331e-09	2.312726e+00	3.822187e+02
2.460000e-06	1.783076e-07	5.077903e-09	1.295900e+00	3.282798e+02
2.470000e-06	3.830753e-08	4.243907e-09	2.784106e-01	2.738302e+02
2.480000e-06	-1.017710e-07	3.406863e-09	-7.396487e-01	2.192480e+02
2.490000e-06	-2.418142e-07	2.571213e-09	-1.757452e+00	1.647291e+02
2.500000e-06	-3.817964e-07	1.736518e-09	-2.774812e+00	1.102570e+02
2.510000e-06	-5.217338e-07	8.994458e-10	-3.791846e+00	5.561415e+01
2.520000e-06	-6.614660e-07	5.335270e-11	-4.807388e+00	4.377662e-01
2.530000e-06	-8.008982e-07	-8.063443e-10	-5.820751e+00	-5.568996e+01
2.540000e-06	-9.400299e-07	-1.681907e-09	-6.831928e+00	-1.131336e+02
2.550000e-06	-1.078785e-06	-2.578423e-09	-7.840370e+00	-1.720993e+02
2.560000e-06	-1.217142e-06	-3.499414e-09	-8.845922e+00	-2.325544e+02
2.570000e-06	-1.355022e-06	-4.441026e-09	-9.847996e+00	-2.941884e+02
2.580000e-06	-1.492411e-06	-5.394553e-09	-1.084651e+01	-3.564236e+02
2.590000e-06	-1.629301e-06	-6.348371e-09	-1.184140e+01	-4.184743e+02
2.600000e-06	-1.765581e-06	-7.286055e-09	-1.283185e+01	-4.794417e+02
2.610000e-06	-1.901096e-06	-8.191257e-09	-1.381675e+01	-5.384282e+02
2.620000e-06	-2.035806e-06	-9.051594e-09	-1.479578e+01	-5.946469e+02
2.630000e-06	-2.169837e-06	-9.858611e-09	-1.576989e+01	-6.475089e+02
2.640000e-06	-2.303147e-06	-1.060883e-08	-1.673876e+01	-6.966718e+02
2.650000e-06	-2.435512e-06	-1.130265e-08	-1.770076e+01	-7.420465e+02
2.660000e-06	-2.566904e-06	-1.194277e-08	-1.865569e+01	-7.837641e+02
2.670000e-06	-2.697317e-06	-1.253493e-08	-1.960350e+01	-8.221132e+02
2.680000e-06	-2.826796e-06	-1.308240e-08	-2.054453e+01	-8.574664e+02
2.690000e-06	-2.955339e-06	-1.358799e-08	-2.147875e+01	-8.902081e+02
2.700000e-06	-3.082757e-06	-1.405770e-08	-2.240479e+01	-9.206804e+02
2.710000e-06	-3.209038e-06	-1.449360e-08	-2.332257e+01	-9.491522e+02
2.720000e-06	-3.334160e-06	-1.490129e-08	-2.423194e+01	-9.758149e+02
2.730000e-06	-3.458018e-06	-1.528174e-08	-2.513210e+01	-1.000797e+03
2.740000e-06	-3.580611e-06	-1.563539e-08	-2.602309e+01	-1.024189e+03
2.750000e-06	-3.701987e-06	-1.596680e-08	-2.690522e+01	-1.046075e+03
2.760000e-06	-3.822005e-06	-1.627923e-08	-2.777748e+01	-1.066549e+03
2.770000e-06	-3.940505e-06	-1.657375e-08	-2.863871e+01	-1.085728e+03
2.780000e-06	-4.057536e-06	-1.685013e-08	-2.948927e+01	-1.103743e+03
2.790000e-06	-4.173009e-06	-1.711132e-08	-3.032850e+01	-1.120729e+03
2.800000e-06	-4.286761e-06	-1.735914e-08	-3.115523e+01	-1.136809e+03
2.810000e-06	-4.398820e-06	-1.759551e-08	-3.196965e+01	-1.152079e+03
2.820000e-06	-4.509261e-06	-1.782120e-08	-3.277231e+01	-1.166598e+03
2.830000e-06	-4.618114e-06	-1.803551e-08	-3.356343e+01	-1.180397e+03
2.840000e-06	-4.725449e-06	-1.823668e-08	-3.434352e+01	-1.193485e+03
2.850000e-06	-4.831212e-06	-1.842342e-08	-3.511218e+01	-1.205864e+03
2.860000e-06	-4.935198e-06	-1.859741e-08	-3.586793e+01	-1.217544e+03
2.870000e-06	-5.037340e-06	-1.876245e-08	-3.661027e+01	-1.228553e+03
2.880000e-06	-5.137591e-06	-1.892134e-08	-3.733887e+01	-1.238935e+03
2.890000e-06	-5.236005e-06	-1.907450e-08	-3.805412e+01	-1.248752e+03
2.900000e-06	-5.332607e-06	-1.921962e-08	-3.875620e+01	-1.258064e+03
2.910000e-06	-5.427301e-06	-1.935683e-08	-3.944442e+01	-1.266927e+03
2.920000e-06	-5.520020e-06	-1.948666e-08	-4.011828e+01	-1.275375e+03
2.930000e-06	-5.610803e-06	-1.960840e-08	-4.077807e+01	-1.283422e+03
2.940000e-06	-5.699603e-06	-1.972254e-08	-4.142345e+01	-1.291062e+03
2.950000e-06	-5.786219e-06	-1.983063e-08	-4.205296e+01	-1.298281e+03
2.960000e-06	-5.870664e-06	-1.993279e-08	-4.266668e+01	-1.305066e+03
2.970000e-06	-5.953085e-06	-2.002896e-08	-4.326570e+01	-1.311418e+03
2.980000e-06	-6.033420e-06	-2.012046e-08	-4.384956e+01	-1.317358e+03
2.990000e-06	-6.111383e-06	-2.020761e-08	-4.441618e+01	-1.322928e+03
3.000000e-06	-6.186934e-06	-2.028986e-08	-4.496526e+01	-1.328186e+03
3.010000e-06	-6.260186e-06	-2.036853e-08	-4.549764e+01	-1.333193e+03
3.020000e-06	-6.331178e-06	-2.044536e-08	-4.601359e+01	-1.338002e+03
3.030000e-06	-6.399859e-06	-2.051939e-08	-4.651276e+01	-1.342647e+03
3.040000e-06	-6.466262e-06	-2.058847e-08	-4.699536e+01	-1.347138e+03
3.050000e-06	-6.530470e-06	-2.065253e-08	-4.746201e+01	-1.351463e+03
3.060000e-06	-6.592352e-06	-2.071250e-08	-4.791175e+01	-1.355593e+03
3.070000e-06	-6.651767e-06	-2.077126e-08	-4.834357e+01	-1.359493e+03
3.080000e-06	-6.708827e-06	-2.082800e-08	-4.875827e+01	-1.363133e+03
3.090000e-06	-6.763535e-06	-2.087998e-08	-4.915587e+01	-1.366498e+03
3.100000e-06	-6.815592e-06	-2.092826e-08	-4.953421e+01	-1.369591e+03
3.110000e-06	-6.864785e-06	-2.097180e-08	-4.989173e+01	-1.372431e+03
3.120000e-06	-6.911285e-06	-2.101208e-08	-5.022969e+01	-1.375049e+03
3.130000e-06	-6.955508e-06	-2.104871e-08	-5.055109e+01	-1.377476e+03
3.140000e-06	-6.997561e-06	-2.108155e-08	-5.085672e+01	-1.379736e+03
3.150000e-06	-7.037186e-06	-2.111286e-08	-5.114471e+01	-1.381842e+03
3.160000e-06	-7.074266e-06	-2.114239e-08	-5.141420e+01	-1.383792e+03
3.170000e-06	-7.108906e-06	-2.116999e-08	-5.166595e+01	-1.385575e+03
3.180000e-06	-7.141037e-06	-2.119402e-08	-5.189948e+01	-1.387174e+03
3.190000e-06	-7.170526e-06	-2.121492e-08	-5.211379e+01	-1.388575e+03
3.200000e-06	-7.197393e-06	-2.123375e-08	-5.230905e+01	-1.389775e+03
3.210000e-06	-7.221663e-06	-2.124802e-08	-5.248545e+01	-1.390780e+03
3.220000e-06	-7.243290e-06	-2.125997e-08	-5.264263e+01	-1.391609e+03
3.230000e-06	-7.262338e-06	-2.127035e-08	-5.278106e+01	-1.392286e+03
3.240000e-06	-7.278833e-06	-2.127805e-08	-5.290094e+01	-1.392837e+03
3.250000e-06	-7.292495e-06	-2.128409e-08	-5.300023e+01	-1.393280e+03
3.260000e-06	-7.303276e-06	-2.128851e-08	-5.307859e+01	-1.393625e+03
3.270000e-06	-7.311396e-06	-2.129066e-08	-5.313761e+01	-1.393869e+03
3.280000e-06	-7.316890e-06	-2.129021e-08	-5.317753e+01	-1.394003e+03
3.290000e-06	-7.319833e-06	-2.128800e-08	-5.319892e+01	-1.394013e+03
3.300000e-06	-7.320296e-06	-2.128593e-08	-5.320229e+01	-1.393885e+03
