# Temperatura_=_47.04
# Concentracion g/m^3_=_28200.0
# C_Vs_to_Am_M_A/Vsm_=_65563218390.804596
# pendiente_HvsI_1/m_=_3716.3
# ordenada_HvsI_A/m_=_1297.0
# frecuencia_Hz_=_301919.9333404235

Tiempo_(s)	Campo_(V.s)	Magnetizacion_(V.s)	Campo_(kA/m)	Magnetizacion_(A/m)
0.000000e+00	-5.866346e-06	-2.195650e-08	-4.195272e+01	-1.438632e+03
1.000000e-08	-5.864471e-06	-2.195918e-08	-4.193931e+01	-1.438346e+03
2.000000e-08	-5.860542e-06	-2.195354e-08	-4.191121e+01	-1.437914e+03
3.000000e-08	-5.854759e-06	-2.194210e-08	-4.186986e+01	-1.437339e+03
4.000000e-08	-5.847189e-06	-2.193129e-08	-4.181572e+01	-1.436620e+03
5.000000e-08	-5.837622e-06	-2.191459e-08	-4.174730e+01	-1.435753e+03
6.000000e-08	-5.825808e-06	-2.189357e-08	-4.166282e+01	-1.434736e+03
7.000000e-08	-5.811837e-06	-2.186572e-08	-4.156290e+01	-1.433566e+03
8.000000e-08	-5.795678e-06	-2.183341e-08	-4.144734e+01	-1.432241e+03
9.000000e-08	-5.777423e-06	-2.187086e-08	-4.131680e+01	-1.430761e+03
1.000000e-07	-5.757116e-06	-2.190357e-08	-4.117157e+01	-1.429129e+03
1.100000e-07	-5.734630e-06	-2.181756e-08	-4.101076e+01	-1.427351e+03
1.200000e-07	-5.709886e-06	-2.175883e-08	-4.083381e+01	-1.425434e+03
1.300000e-07	-5.683034e-06	-2.172777e-08	-4.064177e+01	-1.423386e+03
1.400000e-07	-5.654652e-06	-2.156809e-08	-4.043881e+01	-1.421213e+03
1.500000e-07	-5.624918e-06	-2.160661e-08	-4.022617e+01	-1.418915e+03
1.600000e-07	-5.593486e-06	-2.172094e-08	-4.000138e+01	-1.416489e+03
1.700000e-07	-5.560186e-06	-2.151399e-08	-3.976324e+01	-1.413924e+03
1.800000e-07	-5.524951e-06	-2.156782e-08	-3.951126e+01	-1.411205e+03
1.900000e-07	-5.487667e-06	-2.157244e-08	-3.924462e+01	-1.408312e+03
2.000000e-07	-5.448527e-06	-2.135400e-08	-3.896472e+01	-1.405225e+03
2.100000e-07	-5.407514e-06	-2.143434e-08	-3.867142e+01	-1.401927e+03
2.200000e-07	-5.364345e-06	-2.137611e-08	-3.836270e+01	-1.398407e+03
2.300000e-07	-5.319151e-06	-2.125397e-08	-3.803950e+01	-1.394661e+03
2.400000e-07	-5.271905e-06	-2.124724e-08	-3.770162e+01	-1.390691e+03
2.500000e-07	-5.222335e-06	-2.115155e-08	-3.734713e+01	-1.386505e+03
2.600000e-07	-5.170419e-06	-2.111162e-08	-3.697585e+01	-1.382111e+03
2.700000e-07	-5.116373e-06	-2.103954e-08	-3.658935e+01	-1.377519e+03
2.800000e-07	-5.060572e-06	-2.092839e-08	-3.619029e+01	-1.372731e+03
2.900000e-07	-5.003012e-06	-2.085880e-08	-3.577865e+01	-1.367744e+03
3.000000e-07	-4.943460e-06	-2.076580e-08	-3.535277e+01	-1.362548e+03
3.100000e-07	-4.882043e-06	-2.070998e-08	-3.491355e+01	-1.357126e+03
3.200000e-07	-4.818916e-06	-2.063475e-08	-3.446211e+01	-1.351462e+03
3.300000e-07	-4.754060e-06	-2.055447e-08	-3.399829e+01	-1.345536e+03
3.400000e-07	-4.687345e-06	-2.043827e-08	-3.352119e+01	-1.339334e+03
3.500000e-07	-4.618853e-06	-2.030818e-08	-3.303137e+01	-1.332848e+03
3.600000e-07	-4.548723e-06	-2.022736e-08	-3.252984e+01	-1.326074e+03
3.700000e-07	-4.477054e-06	-2.011225e-08	-3.201730e+01	-1.319013e+03
3.800000e-07	-4.403778e-06	-2.002748e-08	-3.149328e+01	-1.311667e+03
3.900000e-07	-4.328574e-06	-1.991795e-08	-3.095546e+01	-1.304036e+03
4.000000e-07	-4.251529e-06	-1.976387e-08	-3.040448e+01	-1.296117e+03
4.100000e-07	-4.172842e-06	-1.963519e-08	-2.984176e+01	-1.287899e+03
4.200000e-07	-4.092501e-06	-1.950627e-08	-2.926720e+01	-1.279367e+03
4.300000e-07	-4.010733e-06	-1.938415e-08	-2.868244e+01	-1.270503e+03
4.400000e-07	-3.927744e-06	-1.923871e-08	-2.808896e+01	-1.261287e+03
4.500000e-07	-3.843578e-06	-1.909594e-08	-2.748705e+01	-1.251701e+03
4.600000e-07	-3.758218e-06	-1.893826e-08	-2.687660e+01	-1.241729e+03
4.700000e-07	-3.671645e-06	-1.876837e-08	-2.625749e+01	-1.231358e+03
4.800000e-07	-3.583896e-06	-1.860975e-08	-2.562995e+01	-1.220579e+03
4.900000e-07	-3.494823e-06	-1.844213e-08	-2.499296e+01	-1.209380e+03
5.000000e-07	-3.404258e-06	-1.826709e-08	-2.434528e+01	-1.197747e+03
5.100000e-07	-3.312331e-06	-1.807642e-08	-2.368788e+01	-1.185657e+03
5.200000e-07	-3.219289e-06	-1.788128e-08	-2.302250e+01	-1.173084e+03
5.300000e-07	-3.125182e-06	-1.767494e-08	-2.234950e+01	-1.159992e+03
5.400000e-07	-3.029998e-06	-1.746352e-08	-2.166880e+01	-1.146341e+03
5.500000e-07	-2.933741e-06	-1.724583e-08	-2.098042e+01	-1.132089e+03
5.600000e-07	-2.836248e-06	-1.701767e-08	-2.028320e+01	-1.117198e+03
5.700000e-07	-2.737450e-06	-1.677888e-08	-1.957666e+01	-1.101630e+03
5.800000e-07	-2.637573e-06	-1.653054e-08	-1.886240e+01	-1.085351e+03
5.900000e-07	-2.536847e-06	-1.627098e-08	-1.814207e+01	-1.068330e+03
6.000000e-07	-2.435291e-06	-1.599525e-08	-1.741580e+01	-1.050533e+03
6.100000e-07	-2.332852e-06	-1.570867e-08	-1.668321e+01	-1.031923e+03
6.200000e-07	-2.229566e-06	-1.541143e-08	-1.594457e+01	-1.012450e+03
6.300000e-07	-2.125456e-06	-1.510120e-08	-1.520003e+01	-9.920554e+02
6.400000e-07	-2.020531e-06	-1.477412e-08	-1.444967e+01	-9.706682e+02
6.500000e-07	-1.914780e-06	-1.443000e-08	-1.369340e+01	-9.482066e+02
6.600000e-07	-1.808202e-06	-1.406485e-08	-1.293122e+01	-9.245812e+02
6.700000e-07	-1.700964e-06	-1.367744e-08	-1.216431e+01	-8.996979e+02
6.800000e-07	-1.593150e-06	-1.327189e-08	-1.139329e+01	-8.734594e+02
6.900000e-07	-1.484789e-06	-1.284983e-08	-1.061835e+01	-8.457671e+02
7.000000e-07	-1.375996e-06	-1.240717e-08	-9.840332e+00	-8.165200e+02
7.100000e-07	-1.266813e-06	-1.193583e-08	-9.059516e+00	-7.856157e+02
7.200000e-07	-1.157204e-06	-1.143414e-08	-8.275655e+00	-7.529517e+02
7.300000e-07	-1.047221e-06	-1.090218e-08	-7.489118e+00	-7.184307e+02
7.400000e-07	-9.369722e-07	-1.034320e-08	-6.700684e+00	-6.819701e+02
7.500000e-07	-8.264408e-07	-9.757760e-09	-5.910227e+00	-6.435160e+02
7.600000e-07	-7.156458e-07	-9.143948e-09	-5.117886e+00	-6.030597e+02
7.700000e-07	-6.046524e-07	-8.497412e-09	-4.324125e+00	-5.606541e+02
7.800000e-07	-4.935093e-07	-7.819734e-09	-3.529293e+00	-5.164254e+02
7.900000e-07	-3.822443e-07	-7.116821e-09	-2.733590e+00	-4.705770e+02
8.000000e-07	-2.707871e-07	-6.395376e-09	-1.936513e+00	-4.233803e+02
8.100000e-07	-1.591722e-07	-5.662949e-09	-1.138308e+00	-3.751541e+02
8.200000e-07	-4.748407e-08	-4.922933e-09	-3.395786e-01	-3.262309e+02
8.300000e-07	6.424535e-08	-4.177495e-09	4.594457e-01	-2.769169e+02
8.400000e-07	1.759241e-07	-3.426049e-09	1.258108e+00	-2.274502e+02
8.500000e-07	2.875329e-07	-2.671576e-09	2.056269e+00	-1.779667e+02
8.600000e-07	3.990601e-07	-1.915946e-09	2.853848e+00	-1.284798e+02
8.700000e-07	5.104428e-07	-1.160489e-09	3.650392e+00	-7.887954e+01
8.800000e-07	6.217200e-07	-4.008618e-10	4.446182e+00	-2.895367e+01
8.900000e-07	7.328928e-07	3.676235e-10	5.241226e+00	2.157133e+01
9.000000e-07	8.438727e-07	1.150376e-09	6.034890e+00	7.297539e+01
9.100000e-07	9.546327e-07	1.950611e-09	6.826982e+00	1.254848e+02
9.200000e-07	1.065147e-06	2.766883e-09	7.617313e+00	1.792167e+02
9.300000e-07	1.175327e-06	3.601036e-09	8.405256e+00	2.341391e+02
9.400000e-07	1.285019e-06	4.450938e-09	9.189715e+00	2.900513e+02
9.500000e-07	1.394226e-06	5.312123e-09	9.970700e+00	3.465903e+02
9.600000e-07	1.503008e-06	6.175943e-09	1.074865e+01	4.032613e+02
9.700000e-07	1.611273e-06	7.032629e-09	1.152290e+01	4.594863e+02
9.800000e-07	1.719048e-06	7.873349e-09	1.229364e+01	5.146634e+02
9.900000e-07	1.826316e-06	8.687869e-09	1.306075e+01	5.682261e+02
1.000000e-06	1.932925e-06	9.466264e-09	1.382316e+01	6.196949e+02
1.010000e-06	2.038660e-06	1.020538e-08	1.457932e+01	6.687118e+02
1.020000e-06	2.143338e-06	1.090641e-08	1.532791e+01	7.150563e+02
1.030000e-06	2.247052e-06	1.156775e-08	1.606962e+01	7.586418e+02
1.040000e-06	2.349978e-06	1.218868e-08	1.680569e+01	7.994959e+02
1.050000e-06	2.452100e-06	1.276997e-08	1.753600e+01	8.377309e+02
1.060000e-06	2.553370e-06	1.331417e-08	1.826023e+01	8.735108e+02
1.070000e-06	2.653807e-06	1.382144e-08	1.897849e+01	9.070208e+02
1.080000e-06	2.753419e-06	1.429630e-08	1.969086e+01	9.384439e+02
1.090000e-06	2.852136e-06	1.474384e-08	2.039683e+01	9.679473e+02
1.100000e-06	2.949663e-06	1.516553e-08	2.109429e+01	9.956766e+02
1.110000e-06	3.045844e-06	1.556238e-08	2.178212e+01	1.021758e+03
1.120000e-06	3.140899e-06	1.593661e-08	2.246189e+01	1.046304e+03
1.130000e-06	3.234912e-06	1.628911e-08	2.313422e+01	1.069420e+03
1.140000e-06	3.327873e-06	1.661976e-08	2.379902e+01	1.091205e+03
1.150000e-06	3.419817e-06	1.693188e-08	2.445656e+01	1.111761e+03
1.160000e-06	3.510736e-06	1.722709e-08	2.510676e+01	1.131184e+03
1.170000e-06	3.600319e-06	1.750776e-08	2.574740e+01	1.149563e+03
1.180000e-06	3.688360e-06	1.777398e-08	2.637702e+01	1.166980e+03
1.190000e-06	3.775134e-06	1.802614e-08	2.699758e+01	1.183502e+03
1.200000e-06	3.860706e-06	1.826490e-08	2.760954e+01	1.199188e+03
1.210000e-06	3.945053e-06	1.848939e-08	2.821274e+01	1.214082e+03
1.220000e-06	4.028170e-06	1.870247e-08	2.880715e+01	1.228224e+03
1.230000e-06	4.109834e-06	1.890567e-08	2.939116e+01	1.241653e+03
1.240000e-06	4.189907e-06	1.909892e-08	2.996379e+01	1.254403e+03
1.250000e-06	4.268389e-06	1.928355e-08	3.052506e+01	1.266513e+03
1.260000e-06	4.345324e-06	1.945930e-08	3.107524e+01	1.278023e+03
1.270000e-06	4.420696e-06	1.962648e-08	3.161427e+01	1.288967e+03
1.280000e-06	4.494235e-06	1.978528e-08	3.214018e+01	1.299379e+03
1.290000e-06	4.565891e-06	1.993665e-08	3.265261e+01	1.309283e+03
1.300000e-06	4.635876e-06	2.008113e-08	3.315311e+01	1.318695e+03
1.310000e-06	4.704311e-06	2.021873e-08	3.364251e+01	1.327625e+03
1.320000e-06	4.771122e-06	2.034870e-08	3.412031e+01	1.336077e+03
1.330000e-06	4.836081e-06	2.047076e-08	3.458486e+01	1.344055e+03
1.340000e-06	4.899216e-06	2.058545e-08	3.503636e+01	1.351568e+03
1.350000e-06	4.960697e-06	2.069403e-08	3.547604e+01	1.358632e+03
1.360000e-06	5.020619e-06	2.079636e-08	3.590457e+01	1.365270e+03
1.370000e-06	5.078798e-06	2.089253e-08	3.632063e+01	1.371515e+03
1.380000e-06	5.135017e-06	2.098311e-08	3.672268e+01	1.377406e+03
1.390000e-06	5.189353e-06	2.106685e-08	3.711126e+01	1.382981e+03
1.400000e-06	5.241794e-06	2.114535e-08	3.748628e+01	1.388275e+03
1.410000e-06	5.292051e-06	2.122032e-08	3.784569e+01	1.393315e+03
1.420000e-06	5.340060e-06	2.129346e-08	3.818903e+01	1.398120e+03
1.430000e-06	5.386107e-06	2.136589e-08	3.851832e+01	1.402695e+03
1.440000e-06	5.430408e-06	2.143495e-08	3.883514e+01	1.407040e+03
1.450000e-06	5.472887e-06	2.149991e-08	3.913892e+01	1.411146e+03
1.460000e-06	5.513326e-06	2.156006e-08	3.942812e+01	1.415006e+03
1.470000e-06	5.551835e-06	2.161377e-08	3.970352e+01	1.418610e+03
1.480000e-06	5.588586e-06	2.166209e-08	3.996634e+01	1.421954e+03
1.490000e-06	5.623415e-06	2.170619e-08	4.021541e+01	1.425038e+03
1.500000e-06	5.656071e-06	2.174708e-08	4.044895e+01	1.427870e+03
1.510000e-06	5.686654e-06	2.178540e-08	4.066766e+01	1.430457e+03
1.520000e-06	5.715420e-06	2.182119e-08	4.087339e+01	1.432811e+03
1.530000e-06	5.742263e-06	2.185424e-08	4.106535e+01	1.434944e+03
1.540000e-06	5.766845e-06	2.188436e-08	4.124114e+01	1.436865e+03
1.550000e-06	5.789206e-06	2.191061e-08	4.140106e+01	1.438582e+03
1.560000e-06	5.809684e-06	2.193295e-08	4.154751e+01	1.440103e+03
1.570000e-06	5.828309e-06	2.195266e-08	4.168070e+01	1.441431e+03
1.580000e-06	5.844772e-06	2.196944e-08	4.179843e+01	1.442570e+03
1.590000e-06	5.858980e-06	2.198343e-08	4.190004e+01	1.443525e+03
1.600000e-06	5.870966e-06	2.199539e-08	4.198575e+01	1.444299e+03
1.610000e-06	5.880542e-06	2.200512e-08	4.205424e+01	1.444897e+03
1.620000e-06	5.887820e-06	2.201300e-08	4.210628e+01	1.445324e+03
1.630000e-06	5.893084e-06	2.201906e-08	4.214393e+01	1.445586e+03
1.640000e-06	5.896413e-06	2.202293e-08	4.216774e+01	1.445690e+03
1.650000e-06	5.897610e-06	2.202638e-08	4.217630e+01	1.445640e+03
1.660000e-06	5.896672e-06	2.202409e-08	4.216960e+01	1.445441e+03
1.670000e-06	5.893843e-06	2.201202e-08	4.214936e+01	1.445096e+03
1.680000e-06	5.889128e-06	2.200484e-08	4.211564e+01	1.444607e+03
1.690000e-06	5.882389e-06	2.199667e-08	4.206745e+01	1.443975e+03
1.700000e-06	5.873719e-06	2.198435e-08	4.200544e+01	1.443197e+03
1.710000e-06	5.863294e-06	2.197265e-08	4.193089e+01	1.442271e+03
1.720000e-06	5.850919e-06	2.196623e-08	4.184239e+01	1.441193e+03
1.730000e-06	5.836323e-06	2.196997e-08	4.173801e+01	1.439961e+03
1.740000e-06	5.819715e-06	2.187489e-08	4.161924e+01	1.438574e+03
1.750000e-06	5.800994e-06	2.179069e-08	4.148536e+01	1.437033e+03
1.760000e-06	5.779438e-06	2.183820e-08	4.133120e+01	1.435342e+03
1.770000e-06	5.755114e-06	2.182036e-08	4.115725e+01	1.433507e+03
1.780000e-06	5.728812e-06	2.185217e-08	4.096915e+01	1.431537e+03
1.790000e-06	5.701347e-06	2.191528e-08	4.077274e+01	1.429439e+03
1.800000e-06	5.672994e-06	2.165597e-08	4.056998e+01	1.427216e+03
1.810000e-06	5.642706e-06	2.166385e-08	4.035337e+01	1.424867e+03
1.820000e-06	5.609975e-06	2.173656e-08	4.011930e+01	1.422387e+03
1.830000e-06	5.575544e-06	2.151775e-08	3.987307e+01	1.419763e+03
1.840000e-06	5.539196e-06	2.168608e-08	3.961313e+01	1.416977e+03
1.850000e-06	5.500563e-06	2.162335e-08	3.933685e+01	1.414009e+03
1.860000e-06	5.459971e-06	2.139306e-08	3.904656e+01	1.410840e+03
1.870000e-06	5.417474e-06	2.151951e-08	3.874265e+01	1.407455e+03
1.880000e-06	5.373369e-06	2.136300e-08	3.842723e+01	1.403846e+03
1.890000e-06	5.327402e-06	2.132326e-08	3.809850e+01	1.400010e+03
1.900000e-06	5.279091e-06	2.131593e-08	3.775301e+01	1.395953e+03
1.910000e-06	5.228722e-06	2.110783e-08	3.739280e+01	1.391683e+03
1.920000e-06	5.176134e-06	2.121430e-08	3.701672e+01	1.387210e+03
1.930000e-06	5.121416e-06	2.110518e-08	3.662541e+01	1.382539e+03
1.940000e-06	5.064891e-06	2.100880e-08	3.622117e+01	1.377673e+03
1.950000e-06	5.006510e-06	2.097869e-08	3.580367e+01	1.372604e+03
1.960000e-06	4.946394e-06	2.080680e-08	3.537376e+01	1.367321e+03
1.970000e-06	4.884365e-06	2.079553e-08	3.493016e+01	1.361805e+03
1.980000e-06	4.820388e-06	2.063257e-08	3.447263e+01	1.356039e+03
1.990000e-06	4.754679e-06	2.058357e-08	3.400272e+01	1.350005e+03
2.000000e-06	4.687357e-06	2.054808e-08	3.352127e+01	1.343692e+03
2.010000e-06	4.618433e-06	2.038818e-08	3.302836e+01	1.337092e+03
2.020000e-06	4.547579e-06	2.031300e-08	3.252166e+01	1.330204e+03
2.030000e-06	4.474974e-06	2.012494e-08	3.200243e+01	1.323030e+03
2.040000e-06	4.400867e-06	2.007029e-08	3.147246e+01	1.315571e+03
2.050000e-06	4.325121e-06	1.997334e-08	3.093077e+01	1.307827e+03
2.060000e-06	4.247563e-06	1.982942e-08	3.037612e+01	1.299790e+03
2.070000e-06	4.168277e-06	1.973194e-08	2.980911e+01	1.291450e+03
2.080000e-06	4.087606e-06	1.956057e-08	2.923220e+01	1.282789e+03
2.090000e-06	4.005529e-06	1.944102e-08	2.864523e+01	1.273789e+03
2.100000e-06	3.922118e-06	1.927371e-08	2.804872e+01	1.264428e+03
2.110000e-06	3.837421e-06	1.915059e-08	2.744302e+01	1.254691e+03
2.120000e-06	3.751224e-06	1.900902e-08	2.682659e+01	1.244563e+03
2.130000e-06	3.663589e-06	1.883882e-08	2.619988e+01	1.234032e+03
2.140000e-06	3.574716e-06	1.867712e-08	2.556430e+01	1.223089e+03
2.150000e-06	3.484665e-06	1.848576e-08	2.492031e+01	1.211720e+03
2.160000e-06	3.393444e-06	1.832219e-08	2.426795e+01	1.199909e+03
2.170000e-06	3.301122e-06	1.813387e-08	2.360772e+01	1.187633e+03
2.180000e-06	3.207519e-06	1.795037e-08	2.293832e+01	1.174859e+03
2.190000e-06	3.112566e-06	1.774421e-08	2.225928e+01	1.161551e+03
2.200000e-06	3.016430e-06	1.753439e-08	2.157177e+01	1.147668e+03
2.210000e-06	2.919258e-06	1.731669e-08	2.087684e+01	1.133169e+03
2.220000e-06	2.821105e-06	1.708582e-08	2.017491e+01	1.118015e+03
2.230000e-06	2.721973e-06	1.685085e-08	1.946598e+01	1.102171e+03
2.240000e-06	2.621934e-06	1.659868e-08	1.875056e+01	1.085603e+03
2.250000e-06	2.520952e-06	1.634328e-08	1.802839e+01	1.068281e+03
2.260000e-06	2.418949e-06	1.606322e-08	1.729892e+01	1.050168e+03
2.270000e-06	2.315901e-06	1.577045e-08	1.656199e+01	1.031224e+03
2.280000e-06	2.211891e-06	1.546336e-08	1.581816e+01	1.011396e+03
2.290000e-06	2.107099e-06	1.515070e-08	1.506875e+01	9.906202e+02
2.300000e-06	2.001537e-06	1.482303e-08	1.431384e+01	9.688202e+02
2.310000e-06	1.895251e-06	1.448017e-08	1.355374e+01	9.459114e+02
2.320000e-06	1.788485e-06	1.412031e-08	1.279021e+01	9.218023e+02
2.330000e-06	1.681306e-06	1.373475e-08	1.202373e+01	8.963974e+02
2.340000e-06	1.573594e-06	1.332307e-08	1.125344e+01	8.695987e+02
2.350000e-06	1.465384e-06	1.288619e-08	1.047958e+01	8.413068e+02
2.360000e-06	1.356737e-06	1.243398e-08	9.702596e+00	8.114200e+02
2.370000e-06	1.247673e-06	1.195943e-08	8.922635e+00	7.798356e+02
2.380000e-06	1.138219e-06	1.145615e-08	8.139887e+00	7.464521e+02
2.390000e-06	1.028388e-06	1.091615e-08	7.354435e+00	7.111768e+02
2.400000e-06	9.182319e-07	1.034332e-08	6.566664e+00	6.739364e+02
2.410000e-06	8.077595e-07	9.743369e-09	5.776629e+00	6.346927e+02
2.420000e-06	6.969347e-07	9.118498e-09	4.984075e+00	5.934595e+02
2.430000e-06	5.858137e-07	8.465735e-09	4.189402e+00	5.503174e+02
2.440000e-06	4.745515e-07	7.783316e-09	3.393718e+00	5.054231e+02
2.450000e-06	3.631993e-07	7.074905e-09	2.597392e+00	4.590084e+02
2.460000e-06	2.516968e-07	6.342431e-09	1.799990e+00	4.113667e+02
2.470000e-06	1.399987e-07	5.593619e-09	1.001190e+00	3.628266e+02
2.480000e-06	2.818805e-08	4.839499e-09	2.015846e-01	3.137153e+02
2.490000e-06	-8.359533e-08	4.086834e-09	-5.978255e-01	2.643170e+02
2.500000e-06	-1.952964e-07	3.333390e-09	-1.396647e+00	2.148331e+02
2.510000e-06	-3.069200e-07	2.578011e-09	-2.194914e+00	1.653528e+02
2.520000e-06	-4.184725e-07	1.820757e-09	-2.992674e+00	1.158399e+02
2.530000e-06	-5.298496e-07	1.057512e-09	-3.789178e+00	6.614053e+01
2.540000e-06	-6.409257e-07	2.878341e-10	-4.583530e+00	1.601264e+01
2.550000e-06	-7.517376e-07	-4.903105e-10	-5.375993e+00	-3.482689e+01
2.560000e-06	-8.623043e-07	-1.280877e-09	-6.166703e+00	-8.664406e+01
2.570000e-06	-9.725417e-07	-2.088294e-09	-6.955057e+00	-1.396283e+02
2.580000e-06	-1.082437e-06	-2.916612e-09	-7.740964e+00	-1.938419e+02
2.590000e-06	-1.192006e-06	-3.761744e-09	-8.524538e+00	-2.491874e+02
2.600000e-06	-1.301195e-06	-4.620553e-09	-9.305393e+00	-3.053982e+02
2.610000e-06	-1.409899e-06	-5.487305e-09	-1.008279e+01	-3.620549e+02
2.620000e-06	-1.518046e-06	-6.352426e-09	-1.085619e+01	-4.186233e+02
2.630000e-06	-1.625681e-06	-7.207313e-09	-1.162594e+01	-4.745086e+02
2.640000e-06	-1.732849e-06	-8.043895e-09	-1.239234e+01	-5.291161e+02
2.650000e-06	-1.839469e-06	-8.854651e-09	-1.315482e+01	-5.819082e+02
2.660000e-06	-1.945411e-06	-9.630977e-09	-1.391245e+01	-6.324499e+02
2.670000e-06	-2.050612e-06	-1.036743e-08	-1.466479e+01	-6.804365e+02
2.680000e-06	-2.155045e-06	-1.106123e-08	-1.541164e+01	-7.257015e+02
2.690000e-06	-2.258694e-06	-1.171106e-08	-1.615287e+01	-7.682061e+02
2.700000e-06	-2.361516e-06	-1.231917e-08	-1.688820e+01	-8.080153e+02
2.710000e-06	-2.463361e-06	-1.289128e-08	-1.761653e+01	-8.452654e+02
2.720000e-06	-2.564118e-06	-1.342872e-08	-1.833709e+01	-8.801321e+02
2.730000e-06	-2.663892e-06	-1.392998e-08	-1.905062e+01	-9.128020e+02
2.740000e-06	-2.762764e-06	-1.439929e-08	-1.975769e+01	-9.434532e+02
2.750000e-06	-2.860698e-06	-1.483918e-08	-2.045806e+01	-9.722443e+02
2.760000e-06	-2.957722e-06	-1.525123e-08	-2.115192e+01	-9.993131e+02
2.770000e-06	-3.053853e-06	-1.564162e-08	-2.183940e+01	-1.024780e+03
2.780000e-06	-3.149050e-06	-1.601214e-08	-2.252018e+01	-1.048752e+03
2.790000e-06	-3.243036e-06	-1.635931e-08	-2.319232e+01	-1.071334e+03
2.800000e-06	-3.335639e-06	-1.668396e-08	-2.385456e+01	-1.092626e+03
2.810000e-06	-3.427070e-06	-1.699039e-08	-2.450842e+01	-1.112726e+03
2.820000e-06	-3.517350e-06	-1.728034e-08	-2.515406e+01	-1.131730e+03
2.830000e-06	-3.606398e-06	-1.755482e-08	-2.579088e+01	-1.149723e+03
2.840000e-06	-3.694216e-06	-1.781590e-08	-2.641890e+01	-1.166782e+03
2.850000e-06	-3.780677e-06	-1.806469e-08	-2.703722e+01	-1.182970e+03
2.860000e-06	-3.865675e-06	-1.830182e-08	-2.764508e+01	-1.198340e+03
2.870000e-06	-3.949350e-06	-1.852808e-08	-2.824347e+01	-1.212936e+03
2.880000e-06	-4.031709e-06	-1.874166e-08	-2.883246e+01	-1.226794e+03
2.890000e-06	-4.112646e-06	-1.894204e-08	-2.941127e+01	-1.239953e+03
2.900000e-06	-4.192118e-06	-1.913149e-08	-2.997961e+01	-1.252448e+03
2.910000e-06	-4.269855e-06	-1.931311e-08	-3.053553e+01	-1.264319e+03
2.920000e-06	-4.345736e-06	-1.948758e-08	-3.107819e+01	-1.275603e+03
2.930000e-06	-4.419980e-06	-1.965295e-08	-3.160915e+01	-1.286336e+03
2.940000e-06	-4.492683e-06	-1.980869e-08	-3.212908e+01	-1.296546e+03
2.950000e-06	-4.563735e-06	-1.995535e-08	-3.263720e+01	-1.306257e+03
2.960000e-06	-4.632975e-06	-2.009385e-08	-3.313236e+01	-1.315480e+03
2.970000e-06	-4.700502e-06	-2.022637e-08	-3.361528e+01	-1.324222e+03
2.980000e-06	-4.766508e-06	-2.035220e-08	-3.408731e+01	-1.332488e+03
2.990000e-06	-4.830962e-06	-2.047183e-08	-3.454825e+01	-1.340283e+03
3.000000e-06	-4.893621e-06	-2.058410e-08	-3.499635e+01	-1.347618e+03
3.010000e-06	-4.954266e-06	-2.068793e-08	-3.543005e+01	-1.354512e+03
3.020000e-06	-5.013082e-06	-2.078645e-08	-3.585067e+01	-1.360993e+03
3.030000e-06	-5.070278e-06	-2.088012e-08	-3.625970e+01	-1.367095e+03
3.040000e-06	-5.125799e-06	-2.096726e-08	-3.665675e+01	-1.372858e+03
3.050000e-06	-5.179257e-06	-2.104911e-08	-3.703905e+01	-1.378320e+03
3.060000e-06	-5.230475e-06	-2.112793e-08	-3.740534e+01	-1.383512e+03
3.070000e-06	-5.279495e-06	-2.120552e-08	-3.775590e+01	-1.388460e+03
3.080000e-06	-5.326396e-06	-2.127953e-08	-3.809131e+01	-1.393175e+03
3.090000e-06	-5.371537e-06	-2.134819e-08	-3.841413e+01	-1.397661e+03
3.100000e-06	-5.415070e-06	-2.141003e-08	-3.872546e+01	-1.401914e+03
3.110000e-06	-5.456901e-06	-2.146868e-08	-3.902460e+01	-1.405926e+03
3.120000e-06	-5.496959e-06	-2.152594e-08	-3.931107e+01	-1.409686e+03
3.130000e-06	-5.534982e-06	-2.158050e-08	-3.958300e+01	-1.413189e+03
3.140000e-06	-5.570916e-06	-2.163163e-08	-3.983998e+01	-1.416432e+03
3.150000e-06	-5.604951e-06	-2.167896e-08	-4.008337e+01	-1.419417e+03
3.160000e-06	-5.637055e-06	-2.172330e-08	-4.031296e+01	-1.422153e+03
3.170000e-06	-5.667038e-06	-2.176170e-08	-4.052739e+01	-1.424648e+03
3.180000e-06	-5.694920e-06	-2.179697e-08	-4.072678e+01	-1.426914e+03
3.190000e-06	-5.720878e-06	-2.182838e-08	-4.091241e+01	-1.428964e+03
3.200000e-06	-5.744875e-06	-2.185581e-08	-4.108403e+01	-1.430805e+03
3.210000e-06	-5.766680e-06	-2.188040e-08	-4.123996e+01	-1.432445e+03
3.220000e-06	-5.786301e-06	-2.190353e-08	-4.138028e+01	-1.433891e+03
3.230000e-06	-5.803925e-06	-2.192279e-08	-4.150632e+01	-1.435145e+03
3.240000e-06	-5.819493e-06	-2.193795e-08	-4.161766e+01	-1.436212e+03
3.250000e-06	-5.832748e-06	-2.195025e-08	-4.171245e+01	-1.437096e+03
3.260000e-06	-5.843654e-06	-2.196098e-08	-4.179044e+01	-1.437802e+03
3.270000e-06	-5.852462e-06	-2.196738e-08	-4.185343e+01	-1.438333e+03
3.280000e-06	-5.859167e-06	-2.196930e-08	-4.190138e+01	-1.438695e+03
3.290000e-06	-5.863706e-06	-2.196849e-08	-4.193384e+01	-1.438896e+03
3.300000e-06	-5.866213e-06	-2.196501e-08	-4.195177e+01	-1.438939e+03
3.310000e-06	-5.866850e-06	-2.196075e-08	-4.195632e+01	-1.438831e+03
