# Temperatura_=_77.61
# Concentracion g/m^3_=_28200.0
# C_Vs_to_Am_M_A/Vsm_=_65563218390.804596
# pendiente_HvsI_1/m_=_3716.3
# ordenada_HvsI_A/m_=_1297.0
# frecuencia_Hz_=_302505.42839123897

Tiempo_(s)	Campo_(V.s)	Magnetizacion_(V.s)	Campo_(kA/m)	Magnetizacion_(A/m)
0.000000e+00	-7.869133e-06	-2.665560e-08	-5.683912e+01	-1.745081e+03
1.000000e-08	-7.864973e-06	-2.665591e-08	-5.680906e+01	-1.744429e+03
2.000000e-08	-7.858361e-06	-2.664553e-08	-5.676131e+01	-1.743639e+03
3.000000e-08	-7.849044e-06	-2.663519e-08	-5.669401e+01	-1.742765e+03
4.000000e-08	-7.836885e-06	-2.662343e-08	-5.660618e+01	-1.741838e+03
5.000000e-08	-7.821768e-06	-2.660477e-08	-5.649700e+01	-1.740856e+03
6.000000e-08	-7.803925e-06	-2.657680e-08	-5.636811e+01	-1.739787e+03
7.000000e-08	-7.783931e-06	-2.653812e-08	-5.622370e+01	-1.738578e+03
8.000000e-08	-7.761686e-06	-2.651459e-08	-5.606302e+01	-1.737175e+03
9.000000e-08	-7.736528e-06	-2.659257e-08	-5.588130e+01	-1.735545e+03
1.000000e-07	-7.708080e-06	-2.654861e-08	-5.567582e+01	-1.733686e+03
1.100000e-07	-7.676711e-06	-2.643928e-08	-5.544924e+01	-1.731633e+03
1.200000e-07	-7.642570e-06	-2.641524e-08	-5.520264e+01	-1.729448e+03
1.300000e-07	-7.605826e-06	-2.639684e-08	-5.493724e+01	-1.727201e+03
1.400000e-07	-7.566899e-06	-2.631372e-08	-5.465606e+01	-1.724948e+03
1.500000e-07	-7.525676e-06	-2.620015e-08	-5.435831e+01	-1.722709e+03
1.600000e-07	-7.482018e-06	-2.630063e-08	-5.404296e+01	-1.720461e+03
1.700000e-07	-7.435877e-06	-2.624472e-08	-5.370969e+01	-1.718138e+03
1.800000e-07	-7.386998e-06	-2.606955e-08	-5.335663e+01	-1.715646e+03
1.900000e-07	-7.335112e-06	-2.614983e-08	-5.298185e+01	-1.712884e+03
2.000000e-07	-7.280366e-06	-2.606721e-08	-5.258642e+01	-1.709773e+03
2.100000e-07	-7.222948e-06	-2.599620e-08	-5.217169e+01	-1.706271e+03
2.200000e-07	-7.162881e-06	-2.595982e-08	-5.173783e+01	-1.702385e+03
2.300000e-07	-7.100332e-06	-2.584691e-08	-5.128603e+01	-1.698164e+03
2.400000e-07	-7.035064e-06	-2.583393e-08	-5.081459e+01	-1.693680e+03
2.500000e-07	-6.967050e-06	-2.572382e-08	-5.032333e+01	-1.689008e+03
2.600000e-07	-6.896471e-06	-2.567888e-08	-4.981353e+01	-1.684197e+03
2.700000e-07	-6.823115e-06	-2.558608e-08	-4.928368e+01	-1.679262e+03
2.800000e-07	-6.747035e-06	-2.549903e-08	-4.873415e+01	-1.674174e+03
2.900000e-07	-6.668215e-06	-2.541343e-08	-4.816482e+01	-1.668872e+03
3.000000e-07	-6.586700e-06	-2.529453e-08	-4.757604e+01	-1.663283e+03
3.100000e-07	-6.502958e-06	-2.524462e-08	-4.697116e+01	-1.657346e+03
3.200000e-07	-6.417093e-06	-2.514203e-08	-4.635096e+01	-1.651028e+03
3.300000e-07	-6.328898e-06	-2.507306e-08	-4.571392e+01	-1.644333e+03
3.400000e-07	-6.238294e-06	-2.493984e-08	-4.505949e+01	-1.637301e+03
3.500000e-07	-6.145500e-06	-2.482191e-08	-4.438923e+01	-1.629991e+03
3.600000e-07	-6.050612e-06	-2.472903e-08	-4.370385e+01	-1.622455e+03
3.700000e-07	-5.953403e-06	-2.460042e-08	-4.300170e+01	-1.614722e+03
3.800000e-07	-5.853900e-06	-2.447634e-08	-4.228299e+01	-1.606780e+03
3.900000e-07	-5.752357e-06	-2.434795e-08	-4.154954e+01	-1.598576e+03
4.000000e-07	-5.648798e-06	-2.422778e-08	-4.080153e+01	-1.590026e+03
4.100000e-07	-5.543194e-06	-2.406848e-08	-4.003875e+01	-1.581041e+03
4.200000e-07	-5.435673e-06	-2.393357e-08	-3.926212e+01	-1.571545e+03
4.300000e-07	-5.326340e-06	-2.378859e-08	-3.847240e+01	-1.561500e+03
4.400000e-07	-5.215125e-06	-2.362581e-08	-3.766909e+01	-1.550911e+03
4.500000e-07	-5.101943e-06	-2.344901e-08	-3.685157e+01	-1.539824e+03
4.600000e-07	-4.986678e-06	-2.327811e-08	-3.601901e+01	-1.528301e+03
4.700000e-07	-4.869454e-06	-2.309908e-08	-3.517229e+01	-1.516398e+03
4.800000e-07	-4.750505e-06	-2.290547e-08	-3.431312e+01	-1.504138e+03
4.900000e-07	-4.629824e-06	-2.271758e-08	-3.344144e+01	-1.491493e+03
5.000000e-07	-4.507410e-06	-2.251667e-08	-3.255723e+01	-1.478384e+03
5.100000e-07	-4.383344e-06	-2.230352e-08	-3.166110e+01	-1.464697e+03
5.200000e-07	-4.257740e-06	-2.207180e-08	-3.075385e+01	-1.450308e+03
5.300000e-07	-4.130645e-06	-2.184124e-08	-2.983584e+01	-1.435111e+03
5.400000e-07	-4.001936e-06	-2.159207e-08	-2.890617e+01	-1.419045e+03
5.500000e-07	-3.871645e-06	-2.133309e-08	-2.796507e+01	-1.402103e+03
5.600000e-07	-3.739887e-06	-2.106075e-08	-2.701337e+01	-1.384322e+03
5.700000e-07	-3.606738e-06	-2.078080e-08	-2.605164e+01	-1.365759e+03
5.800000e-07	-3.472279e-06	-2.048743e-08	-2.508043e+01	-1.346458e+03
5.900000e-07	-3.336479e-06	-2.018026e-08	-2.409954e+01	-1.326412e+03
6.000000e-07	-3.199366e-06	-1.986279e-08	-2.310917e+01	-1.305547e+03
6.100000e-07	-3.060996e-06	-1.952622e-08	-2.210971e+01	-1.283713e+03
6.200000e-07	-2.921311e-06	-1.917256e-08	-2.110076e+01	-1.260707e+03
6.300000e-07	-2.780323e-06	-1.879195e-08	-2.008240e+01	-1.236309e+03
6.400000e-07	-2.638204e-06	-1.839146e-08	-1.905587e+01	-1.210313e+03
6.500000e-07	-2.495054e-06	-1.796395e-08	-1.802189e+01	-1.182570e+03
6.600000e-07	-2.350928e-06	-1.751705e-08	-1.698087e+01	-1.152989e+03
6.700000e-07	-2.205968e-06	-1.704282e-08	-1.593381e+01	-1.121528e+03
6.800000e-07	-2.060357e-06	-1.653740e-08	-1.488205e+01	-1.088154e+03
6.900000e-07	-1.914071e-06	-1.600324e-08	-1.382542e+01	-1.052788e+03
7.000000e-07	-1.767131e-06	-1.542891e-08	-1.276407e+01	-1.015262e+03
7.100000e-07	-1.619713e-06	-1.481380e-08	-1.169926e+01	-9.752819e+02
7.200000e-07	-1.471835e-06	-1.415075e-08	-1.063113e+01	-9.324399e+02
7.300000e-07	-1.323493e-06	-1.343744e-08	-9.559651e+00	-8.862591e+02
7.400000e-07	-1.174719e-06	-1.266625e-08	-8.485051e+00	-8.362759e+02
7.500000e-07	-1.025566e-06	-1.183928e-08	-7.407709e+00	-7.821397e+02
7.600000e-07	-8.760971e-07	-1.095643e-08	-6.328090e+00	-7.237074e+02
7.700000e-07	-7.263542e-07	-1.001455e-08	-5.246490e+00	-6.611052e+02
7.800000e-07	-5.764214e-07	-9.014035e-09	-4.163518e+00	-5.947392e+02
7.900000e-07	-4.262689e-07	-7.960440e-09	-3.078960e+00	-5.252450e+02
8.000000e-07	-2.759501e-07	-6.863517e-09	-1.993200e+00	-4.533832e+02
8.100000e-07	-1.255248e-07	-5.731450e-09	-9.066713e-01	-3.799007e+02
8.200000e-07	2.501410e-08	-4.581572e-09	1.806780e-01	-3.053907e+02
8.300000e-07	1.755734e-07	-3.425231e-09	1.268175e+00	-2.301840e+02
8.400000e-07	3.261572e-07	-2.268062e-09	2.355848e+00	-1.543012e+02
8.500000e-07	4.766975e-07	-1.102129e-09	3.443208e+00	-7.748187e+01
8.600000e-07	6.270335e-07	7.777094e-11	4.529092e+00	7.123176e-01
8.700000e-07	7.771055e-07	1.279826e-09	5.613069e+00	8.073930e+01
8.800000e-07	9.269278e-07	2.517011e-09	6.695242e+00	1.628986e+02
8.900000e-07	1.076494e-06	3.795882e-09	7.775569e+00	2.471732e+02
9.000000e-07	1.225767e-06	5.110264e-09	8.853772e+00	3.331296e+02
9.100000e-07	1.374670e-06	6.444288e-09	9.929305e+00	4.198995e+02
9.200000e-07	1.523115e-06	7.778747e-09	1.100153e+01	5.062521e+02
9.300000e-07	1.671036e-06	9.076867e-09	1.206997e+01	5.907425e+02
9.400000e-07	1.818317e-06	1.031003e-08	1.313379e+01	6.719058e+02
9.500000e-07	1.964880e-06	1.145771e-08	1.419242e+01	7.484580e+02
9.600000e-07	2.110811e-06	1.251394e-08	1.524649e+01	8.194624e+02
9.700000e-07	2.256027e-06	1.348436e-08	1.629538e+01	8.844293e+02
9.800000e-07	2.400337e-06	1.437075e-08	1.733774e+01	9.433333e+02
9.900000e-07	2.543696e-06	1.518175e-08	1.837324e+01	9.965510e+02
1.000000e-06	2.686040e-06	1.591983e-08	1.940139e+01	1.044737e+03
1.010000e-06	2.827276e-06	1.659494e-08	2.042155e+01	1.088673e+03
1.020000e-06	2.967369e-06	1.721460e-08	2.143344e+01	1.129119e+03
1.030000e-06	3.106236e-06	1.778754e-08	2.243649e+01	1.166701e+03
1.040000e-06	3.243874e-06	1.832129e-08	2.343065e+01	1.201856e+03
1.050000e-06	3.380248e-06	1.881816e-08	2.441569e+01	1.234827e+03
1.060000e-06	3.515319e-06	1.928191e-08	2.539131e+01	1.265713e+03
1.070000e-06	3.649153e-06	1.971226e-08	2.635800e+01	1.294539e+03
1.080000e-06	3.781722e-06	2.011493e-08	2.731556e+01	1.321329e+03
1.090000e-06	3.912901e-06	2.049020e-08	2.826307e+01	1.346167e+03
1.100000e-06	4.042665e-06	2.084267e-08	2.920036e+01	1.369215e+03
1.110000e-06	4.171019e-06	2.117458e-08	3.012747e+01	1.390706e+03
1.120000e-06	4.297877e-06	2.149027e-08	3.104376e+01	1.410902e+03
1.130000e-06	4.423302e-06	2.178743e-08	3.194971e+01	1.430052e+03
1.140000e-06	4.547274e-06	2.206774e-08	3.284517e+01	1.448341e+03
1.150000e-06	4.669597e-06	2.233285e-08	3.372872e+01	1.465870e+03
1.160000e-06	4.790228e-06	2.258196e-08	3.460004e+01	1.482653e+03
1.170000e-06	4.909129e-06	2.281724e-08	3.545887e+01	1.498643e+03
1.180000e-06	5.026260e-06	2.304010e-08	3.630491e+01	1.513772e+03
1.190000e-06	5.141504e-06	2.325221e-08	3.713732e+01	1.527991e+03
1.200000e-06	5.254745e-06	2.345329e-08	3.795527e+01	1.541300e+03
1.210000e-06	5.365981e-06	2.364505e-08	3.875873e+01	1.553764e+03
1.220000e-06	5.475312e-06	2.382697e-08	3.954844e+01	1.565500e+03
1.230000e-06	5.582770e-06	2.400034e-08	4.032461e+01	1.576648e+03
1.240000e-06	5.688190e-06	2.416564e-08	4.108606e+01	1.587340e+03
1.250000e-06	5.791513e-06	2.432409e-08	4.183236e+01	1.597665e+03
1.260000e-06	5.892735e-06	2.447605e-08	4.256350e+01	1.607649e+03
1.270000e-06	5.991756e-06	2.462025e-08	4.327873e+01	1.617260e+03
1.280000e-06	6.088457e-06	2.475574e-08	4.397721e+01	1.626422e+03
1.290000e-06	6.182956e-06	2.488307e-08	4.465978e+01	1.635050e+03
1.300000e-06	6.275332e-06	2.500385e-08	4.532701e+01	1.643080e+03
1.310000e-06	6.365461e-06	2.511761e-08	4.597802e+01	1.650497e+03
1.320000e-06	6.453252e-06	2.522487e-08	4.661214e+01	1.657341e+03
1.330000e-06	6.538775e-06	2.532658e-08	4.722988e+01	1.663708e+03
1.340000e-06	6.622023e-06	2.542293e-08	4.783118e+01	1.669718e+03
1.350000e-06	6.702878e-06	2.551461e-08	4.841520e+01	1.675493e+03
1.360000e-06	6.781250e-06	2.560131e-08	4.898128e+01	1.681120e+03
1.370000e-06	6.857071e-06	2.568495e-08	4.952894e+01	1.686640e+03
1.380000e-06	6.930276e-06	2.576396e-08	5.005770e+01	1.692037e+03
1.390000e-06	7.000918e-06	2.583876e-08	5.056796e+01	1.697254e+03
1.400000e-06	7.069159e-06	2.591057e-08	5.106087e+01	1.702217e+03
1.410000e-06	7.134859e-06	2.597992e-08	5.153542e+01	1.706857e+03
1.420000e-06	7.197942e-06	2.604648e-08	5.199107e+01	1.711138e+03
1.430000e-06	7.258584e-06	2.610897e-08	5.242909e+01	1.715064e+03
1.440000e-06	7.316748e-06	2.616751e-08	5.284921e+01	1.718680e+03
1.450000e-06	7.372324e-06	2.622214e-08	5.325064e+01	1.722053e+03
1.460000e-06	7.425140e-06	2.627405e-08	5.363213e+01	1.725251e+03
1.470000e-06	7.474879e-06	2.632318e-08	5.399140e+01	1.728324e+03
1.480000e-06	7.521676e-06	2.636770e-08	5.432942e+01	1.731282e+03
1.490000e-06	7.565945e-06	2.640721e-08	5.464917e+01	1.734099e+03
1.500000e-06	7.607531e-06	2.644245e-08	5.494955e+01	1.736720e+03
1.510000e-06	7.646315e-06	2.647550e-08	5.522969e+01	1.739078e+03
1.520000e-06	7.682492e-06	2.650806e-08	5.549099e+01	1.741124e+03
1.530000e-06	7.715941e-06	2.653549e-08	5.573260e+01	1.742835e+03
1.540000e-06	7.746593e-06	2.655821e-08	5.595400e+01	1.744231e+03
1.550000e-06	7.774598e-06	2.657707e-08	5.615629e+01	1.745365e+03
1.560000e-06	7.799768e-06	2.659317e-08	5.633809e+01	1.746314e+03
1.570000e-06	7.822018e-06	2.660804e-08	5.649880e+01	1.747151e+03
1.580000e-06	7.841558e-06	2.662188e-08	5.663994e+01	1.747928e+03
1.590000e-06	7.858248e-06	2.663620e-08	5.676049e+01	1.748661e+03
1.600000e-06	7.872022e-06	2.664785e-08	5.685998e+01	1.749329e+03
1.610000e-06	7.882739e-06	2.665458e-08	5.693739e+01	1.749880e+03
1.620000e-06	7.890345e-06	2.665771e-08	5.699233e+01	1.750249e+03
1.630000e-06	7.895148e-06	2.666016e-08	5.702702e+01	1.750382e+03
1.640000e-06	7.897153e-06	2.666106e-08	5.704150e+01	1.750252e+03
1.650000e-06	7.896358e-06	2.666021e-08	5.703576e+01	1.749867e+03
1.660000e-06	7.893052e-06	2.664330e-08	5.701188e+01	1.749265e+03
1.670000e-06	7.887122e-06	2.663611e-08	5.696905e+01	1.748507e+03
1.680000e-06	7.878457e-06	2.663006e-08	5.690646e+01	1.747651e+03
1.690000e-06	7.867189e-06	2.661702e-08	5.682507e+01	1.746736e+03
1.700000e-06	7.853059e-06	2.660484e-08	5.672301e+01	1.745771e+03
1.710000e-06	7.836267e-06	2.660019e-08	5.660172e+01	1.744731e+03
1.720000e-06	7.817287e-06	2.660421e-08	5.646463e+01	1.743566e+03
1.730000e-06	7.795922e-06	2.653160e-08	5.631031e+01	1.742222e+03
1.740000e-06	7.771557e-06	2.639901e-08	5.613432e+01	1.740657e+03
1.750000e-06	7.743576e-06	2.644780e-08	5.593221e+01	1.738860e+03
1.760000e-06	7.712053e-06	2.646634e-08	5.570452e+01	1.736856e+03
1.770000e-06	7.677843e-06	2.639468e-08	5.545742e+01	1.734700e+03
1.780000e-06	7.641496e-06	2.639599e-08	5.519488e+01	1.732463e+03
1.790000e-06	7.602901e-06	2.650330e-08	5.491610e+01	1.730206e+03
1.800000e-06	7.562296e-06	2.632526e-08	5.462281e+01	1.727962e+03
1.810000e-06	7.519573e-06	2.626441e-08	5.431423e+01	1.725721e+03
1.820000e-06	7.474166e-06	2.639518e-08	5.398625e+01	1.723427e+03
1.830000e-06	7.426190e-06	2.616756e-08	5.363972e+01	1.720992e+03
1.840000e-06	7.375306e-06	2.626872e-08	5.327218e+01	1.718315e+03
1.850000e-06	7.321259e-06	2.615769e-08	5.288180e+01	1.715309e+03
1.860000e-06	7.264481e-06	2.608470e-08	5.247168e+01	1.711919e+03
1.870000e-06	7.205234e-06	2.615573e-08	5.204374e+01	1.708138e+03
1.880000e-06	7.143449e-06	2.593191e-08	5.159747e+01	1.704004e+03
1.890000e-06	7.078752e-06	2.600213e-08	5.113015e+01	1.699586e+03
1.900000e-06	7.011355e-06	2.587089e-08	5.064334e+01	1.694960e+03
1.910000e-06	6.941327e-06	2.579988e-08	5.013753e+01	1.690184e+03
1.920000e-06	6.868510e-06	2.576586e-08	4.961157e+01	1.685285e+03
1.930000e-06	6.793125e-06	2.563112e-08	4.906705e+01	1.680244e+03
1.940000e-06	6.715022e-06	2.565510e-08	4.850292e+01	1.675009e+03
1.950000e-06	6.634269e-06	2.547269e-08	4.791963e+01	1.669508e+03
1.960000e-06	6.551133e-06	2.541397e-08	4.731914e+01	1.663674e+03
1.970000e-06	6.465542e-06	2.528346e-08	4.670091e+01	1.657464e+03
1.980000e-06	6.377423e-06	2.519739e-08	4.606442e+01	1.650873e+03
1.990000e-06	6.287104e-06	2.514029e-08	4.541204e+01	1.643931e+03
2.000000e-06	6.194716e-06	2.498730e-08	4.474472e+01	1.636693e+03
2.010000e-06	6.099989e-06	2.492059e-08	4.406050e+01	1.629216e+03
2.020000e-06	6.003025e-06	2.476309e-08	4.336013e+01	1.621537e+03
2.030000e-06	5.904035e-06	2.465420e-08	4.264512e+01	1.613657e+03
2.040000e-06	5.802971e-06	2.449832e-08	4.191513e+01	1.605534e+03
2.050000e-06	5.699743e-06	2.439578e-08	4.116951e+01	1.597091e+03
2.060000e-06	5.594502e-06	2.425737e-08	4.040935e+01	1.588238e+03
2.070000e-06	5.487409e-06	2.409970e-08	3.963581e+01	1.578892e+03
2.080000e-06	5.378435e-06	2.396101e-08	3.884869e+01	1.569004e+03
2.090000e-06	5.267513e-06	2.380297e-08	3.804749e+01	1.558566e+03
2.100000e-06	5.154632e-06	2.365613e-08	3.723214e+01	1.547614e+03
2.110000e-06	5.039923e-06	2.347208e-08	3.640360e+01	1.536208e+03
2.120000e-06	4.923246e-06	2.330596e-08	3.556084e+01	1.524408e+03
2.130000e-06	4.804535e-06	2.310147e-08	3.470338e+01	1.512249e+03
2.140000e-06	4.683983e-06	2.290385e-08	3.383263e+01	1.499718e+03
2.150000e-06	4.561761e-06	2.269730e-08	3.294982e+01	1.486751e+03
2.160000e-06	4.437911e-06	2.250305e-08	3.205524e+01	1.473241e+03
2.170000e-06	4.312390e-06	2.228782e-08	3.114860e+01	1.459064e+03
2.180000e-06	4.185327e-06	2.206368e-08	3.023081e+01	1.444105e+03
2.190000e-06	4.056723e-06	2.182855e-08	2.930190e+01	1.428289e+03
2.200000e-06	3.926623e-06	2.157830e-08	2.836218e+01	1.411593e+03
2.210000e-06	3.795107e-06	2.131391e-08	2.741223e+01	1.394045e+03
2.220000e-06	3.662128e-06	2.103530e-08	2.645172e+01	1.375698e+03
2.230000e-06	3.527787e-06	2.075105e-08	2.548137e+01	1.356605e+03
2.240000e-06	3.392130e-06	2.044332e-08	2.450152e+01	1.336775e+03
2.250000e-06	3.255173e-06	2.012734e-08	2.351227e+01	1.316155e+03
2.260000e-06	3.117047e-06	1.979335e-08	2.251457e+01	1.294615e+03
2.270000e-06	2.977733e-06	1.945076e-08	2.150830e+01	1.271965e+03
2.280000e-06	2.837126e-06	1.908371e-08	2.049269e+01	1.247986e+03
2.290000e-06	2.695386e-06	1.869670e-08	1.946890e+01	1.222464e+03
2.300000e-06	2.552661e-06	1.828378e-08	1.843799e+01	1.195230e+03
2.310000e-06	2.408961e-06	1.784862e-08	1.740004e+01	1.166179e+03
2.320000e-06	2.264399e-06	1.738521e-08	1.635586e+01	1.135257e+03
2.330000e-06	2.119084e-06	1.688815e-08	1.530624e+01	1.102432e+03
2.340000e-06	1.973118e-06	1.635707e-08	1.425192e+01	1.067647e+03
2.350000e-06	1.826579e-06	1.578973e-08	1.319346e+01	1.030761e+03
2.360000e-06	1.679485e-06	1.518786e-08	1.213100e+01	9.915180e+02
2.370000e-06	1.531829e-06	1.454466e-08	1.106447e+01	9.495393e+02
2.380000e-06	1.383683e-06	1.385309e-08	9.994408e+00	9.043608e+02
2.390000e-06	1.235054e-06	1.310664e-08	8.920854e+00	8.555053e+02
2.400000e-06	1.085929e-06	1.229900e-08	7.843712e+00	8.025796e+02
2.410000e-06	9.363868e-07	1.142904e-08	6.763566e+00	7.453730e+02
2.420000e-06	7.865085e-07	1.050095e-08	5.680988e+00	6.839313e+02
2.430000e-06	6.364487e-07	9.513010e-09	4.597098e+00	6.185829e+02
2.440000e-06	4.862210e-07	8.469276e-09	3.511997e+00	5.499067e+02
2.450000e-06	3.358026e-07	7.379624e-09	2.425518e+00	4.786404e+02
2.460000e-06	1.852502e-07	6.258260e-09	1.338071e+00	4.055500e+02
2.470000e-06	3.456294e-08	5.114163e-09	2.496497e-01	3.312855e+02
2.480000e-06	-1.161429e-07	3.956775e-09	-8.389053e-01	2.562607e+02
2.490000e-06	-2.668082e-07	2.795587e-09	-1.927168e+00	1.805855e+02
2.500000e-06	-4.173945e-07	1.626202e-09	-3.014860e+00	1.040719e+02
2.510000e-06	-5.678397e-07	4.424117e-10	-4.101533e+00	2.631844e+01
2.520000e-06	-7.181459e-07	-7.629892e-10	-5.187201e+00	-5.314543e+01
2.530000e-06	-8.682571e-07	-1.996842e-09	-6.271461e+00	-1.346822e+02
2.540000e-06	-1.018062e-06	-3.266509e-09	-7.353509e+00	-2.183787e+02
2.550000e-06	-1.167515e-06	-4.573967e-09	-8.433016e+00	-3.039261e+02
2.560000e-06	-1.316582e-06	-5.906441e-09	-9.509733e+00	-3.905768e+02
2.570000e-06	-1.465138e-06	-7.244730e-09	-1.058276e+01	-4.771914e+02
2.580000e-06	-1.613152e-06	-8.563257e-09	-1.165187e+01	-5.623677e+02
2.590000e-06	-1.760568e-06	-9.830906e-09	-1.271666e+01	-6.446254e+02
2.600000e-06	-1.907267e-06	-1.102240e-08	-1.377628e+01	-7.226096e+02
2.610000e-06	-2.053272e-06	-1.212494e-08	-1.483088e+01	-7.952710e+02
2.620000e-06	-2.198572e-06	-1.313363e-08	-1.588039e+01	-8.619866e+02
2.630000e-06	-2.343061e-06	-1.405397e-08	-1.692404e+01	-9.226014e+02
2.640000e-06	-2.486579e-06	-1.489369e-08	-1.796068e+01	-9.773877e+02
2.650000e-06	-2.629051e-06	-1.566123e-08	-1.898976e+01	-1.026936e+03
2.660000e-06	-2.770495e-06	-1.636443e-08	-2.001141e+01	-1.072006e+03
2.670000e-06	-2.910799e-06	-1.701113e-08	-2.102483e+01	-1.113379e+03
2.680000e-06	-3.049853e-06	-1.760904e-08	-2.202923e+01	-1.151727e+03
2.690000e-06	-3.187736e-06	-1.815930e-08	-2.302516e+01	-1.187544e+03
2.700000e-06	-3.324465e-06	-1.866596e-08	-2.401276e+01	-1.221126e+03
2.710000e-06	-3.459979e-06	-1.913799e-08	-2.499159e+01	-1.252605e+03
2.720000e-06	-3.594200e-06	-1.958085e-08	-2.596107e+01	-1.282019e+03
2.730000e-06	-3.727073e-06	-1.999523e-08	-2.692082e+01	-1.309387e+03
2.740000e-06	-3.858622e-06	-2.038377e-08	-2.787101e+01	-1.334771e+03
2.750000e-06	-3.988854e-06	-2.074660e-08	-2.881168e+01	-1.358311e+03
2.760000e-06	-4.117730e-06	-2.108440e-08	-2.974255e+01	-1.380221e+03
2.770000e-06	-4.245124e-06	-2.140391e-08	-3.066272e+01	-1.400762e+03
2.780000e-06	-4.371074e-06	-2.170804e-08	-3.157247e+01	-1.420189e+03
2.790000e-06	-4.495597e-06	-2.199570e-08	-3.247191e+01	-1.438712e+03
2.800000e-06	-4.618552e-06	-2.226660e-08	-3.336001e+01	-1.456454e+03
2.810000e-06	-4.739789e-06	-2.252245e-08	-3.423571e+01	-1.473454e+03
2.820000e-06	-4.859204e-06	-2.276604e-08	-3.509826e+01	-1.489679e+03
2.830000e-06	-4.976745e-06	-2.299753e-08	-3.594726e+01	-1.505062e+03
2.840000e-06	-5.092301e-06	-2.321728e-08	-3.678193e+01	-1.519545e+03
2.850000e-06	-5.205804e-06	-2.342756e-08	-3.760176e+01	-1.533111e+03
2.860000e-06	-5.317263e-06	-2.362895e-08	-3.840684e+01	-1.545808e+03
2.870000e-06	-5.426752e-06	-2.381752e-08	-3.919768e+01	-1.557739e+03
2.880000e-06	-5.534373e-06	-2.399435e-08	-3.997503e+01	-1.569042e+03
2.890000e-06	-5.640102e-06	-2.416092e-08	-4.073872e+01	-1.579855e+03
2.900000e-06	-5.743774e-06	-2.431936e-08	-4.148755e+01	-1.590280e+03
2.910000e-06	-5.845327e-06	-2.447103e-08	-4.222107e+01	-1.600363e+03
2.920000e-06	-5.944728e-06	-2.461584e-08	-4.293905e+01	-1.610089e+03
2.930000e-06	-6.041964e-06	-2.475617e-08	-4.364139e+01	-1.619389e+03
2.940000e-06	-6.136981e-06	-2.488968e-08	-4.432770e+01	-1.628180e+03
2.950000e-06	-6.229700e-06	-2.501460e-08	-4.499742e+01	-1.636386e+03
2.960000e-06	-6.320252e-06	-2.512967e-08	-4.565147e+01	-1.643977e+03
2.970000e-06	-6.408593e-06	-2.523771e-08	-4.628957e+01	-1.650979e+03
2.980000e-06	-6.494594e-06	-2.533858e-08	-4.691075e+01	-1.657472e+03
2.990000e-06	-6.578247e-06	-2.543194e-08	-4.751499e+01	-1.663572e+03
3.000000e-06	-6.659595e-06	-2.552199e-08	-4.810257e+01	-1.669404e+03
3.010000e-06	-6.738477e-06	-2.560963e-08	-4.867233e+01	-1.675069e+03
3.020000e-06	-6.814673e-06	-2.569563e-08	-4.922270e+01	-1.680620e+03
3.030000e-06	-6.888267e-06	-2.577855e-08	-4.975427e+01	-1.686057e+03
3.040000e-06	-6.959366e-06	-2.585707e-08	-5.026783e+01	-1.691335e+03
3.050000e-06	-7.028016e-06	-2.593108e-08	-5.076369e+01	-1.696379e+03
3.060000e-06	-7.094286e-06	-2.600153e-08	-5.124236e+01	-1.701118e+03
3.070000e-06	-7.158088e-06	-2.606795e-08	-5.170320e+01	-1.705504e+03
3.080000e-06	-7.219301e-06	-2.613060e-08	-5.214535e+01	-1.709530e+03
3.090000e-06	-7.277904e-06	-2.618898e-08	-5.256864e+01	-1.713230e+03
3.100000e-06	-7.333879e-06	-2.624266e-08	-5.297295e+01	-1.716666e+03
3.110000e-06	-7.387111e-06	-2.629260e-08	-5.335744e+01	-1.719910e+03
3.120000e-06	-7.437309e-06	-2.634160e-08	-5.372003e+01	-1.723017e+03
3.130000e-06	-7.484489e-06	-2.638958e-08	-5.406081e+01	-1.726010e+03
3.140000e-06	-7.529093e-06	-2.643220e-08	-5.438299e+01	-1.728873e+03
3.150000e-06	-7.571308e-06	-2.646818e-08	-5.468791e+01	-1.731558e+03
3.160000e-06	-7.610932e-06	-2.650245e-08	-5.497412e+01	-1.733999e+03
3.170000e-06	-7.647798e-06	-2.653444e-08	-5.524040e+01	-1.736139e+03
3.180000e-06	-7.681915e-06	-2.656271e-08	-5.548683e+01	-1.737947e+03
3.190000e-06	-7.713229e-06	-2.658526e-08	-5.571301e+01	-1.739430e+03
3.200000e-06	-7.741728e-06	-2.660385e-08	-5.591886e+01	-1.740633e+03
3.210000e-06	-7.767558e-06	-2.661853e-08	-5.610543e+01	-1.741628e+03
3.220000e-06	-7.790591e-06	-2.663315e-08	-5.627180e+01	-1.742492e+03
3.230000e-06	-7.810807e-06	-2.664801e-08	-5.641782e+01	-1.743284e+03
3.240000e-06	-7.828307e-06	-2.666130e-08	-5.654423e+01	-1.744031e+03
3.250000e-06	-7.842787e-06	-2.667025e-08	-5.664881e+01	-1.744724e+03
3.260000e-06	-7.854163e-06	-2.667347e-08	-5.673098e+01	-1.745316e+03
3.270000e-06	-7.862649e-06	-2.667491e-08	-5.679228e+01	-1.745744e+03
3.280000e-06	-7.868249e-06	-2.667235e-08	-5.683273e+01	-1.745951e+03
3.290000e-06	-7.871053e-06	-2.666600e-08	-5.685298e+01	-1.745898e+03
3.300000e-06	-7.871191e-06	-2.665596e-08	-5.685398e+01	-1.745584e+03
