# Temperatura_=_96.2
# Concentracion g/m^3_=_26700.0
# C_Vs_to_Am_M_A/Vsm_=_65563218390.804596
# pendiente_HvsI_1/m_=_3716.3
# ordenada_HvsI_A/m_=_1297.0
# frecuencia_Hz_=_302527.90091668296

Tiempo_(s)	Campo_(V.s)	Magnetizacion_(V.s)	Campo_(kA/m)	Magnetizacion_(A/m)
0.000000e+00	-8.073346e-06	-2.726737e-08	-5.685141e+01	-1.784731e+03
1.000000e-08	-8.069527e-06	-2.726342e-08	-5.682452e+01	-1.784181e+03
2.000000e-08	-8.063094e-06	-2.725155e-08	-5.677922e+01	-1.783560e+03
3.000000e-08	-8.054002e-06	-2.724039e-08	-5.671519e+01	-1.782894e+03
4.000000e-08	-8.042053e-06	-2.723037e-08	-5.663105e+01	-1.782184e+03
5.000000e-08	-8.027122e-06	-2.721671e-08	-5.652591e+01	-1.781402e+03
6.000000e-08	-8.009394e-06	-2.719651e-08	-5.640107e+01	-1.780505e+03
7.000000e-08	-7.989281e-06	-2.716885e-08	-5.625943e+01	-1.779449e+03
8.000000e-08	-7.966635e-06	-2.717313e-08	-5.609997e+01	-1.778206e+03
9.000000e-08	-7.940909e-06	-2.720877e-08	-5.591881e+01	-1.776776e+03
1.000000e-07	-7.911913e-06	-2.716784e-08	-5.571462e+01	-1.775190e+03
1.100000e-07	-7.879965e-06	-2.710762e-08	-5.548965e+01	-1.773500e+03
1.200000e-07	-7.845231e-06	-2.707682e-08	-5.524505e+01	-1.771771e+03
1.300000e-07	-7.807872e-06	-2.702355e-08	-5.498198e+01	-1.770055e+03
1.400000e-07	-7.768322e-06	-2.693950e-08	-5.470347e+01	-1.768378e+03
1.500000e-07	-7.726478e-06	-2.691936e-08	-5.440881e+01	-1.766730e+03
1.600000e-07	-7.682012e-06	-2.698443e-08	-5.409569e+01	-1.765063e+03
1.700000e-07	-7.634846e-06	-2.688673e-08	-5.376355e+01	-1.763301e+03
1.800000e-07	-7.584767e-06	-2.684773e-08	-5.341091e+01	-1.761362e+03
1.900000e-07	-7.531610e-06	-2.684129e-08	-5.303658e+01	-1.759171e+03
2.000000e-07	-7.475586e-06	-2.673525e-08	-5.264207e+01	-1.756682e+03
2.100000e-07	-7.416907e-06	-2.672592e-08	-5.222886e+01	-1.753887e+03
2.200000e-07	-7.355519e-06	-2.670178e-08	-5.179657e+01	-1.750810e+03
2.300000e-07	-7.291445e-06	-2.666698e-08	-5.134537e+01	-1.747501e+03
2.400000e-07	-7.224658e-06	-2.657453e-08	-5.087506e+01	-1.744014e+03
2.500000e-07	-7.155132e-06	-2.649046e-08	-5.038547e+01	-1.740396e+03
2.600000e-07	-7.082801e-06	-2.647082e-08	-4.987613e+01	-1.736670e+03
2.700000e-07	-7.007629e-06	-2.640825e-08	-4.934677e+01	-1.732831e+03
2.800000e-07	-6.929690e-06	-2.633790e-08	-4.879794e+01	-1.728850e+03
2.900000e-07	-6.848973e-06	-2.627074e-08	-4.822954e+01	-1.724688e+03
3.000000e-07	-6.765746e-06	-2.621594e-08	-4.764347e+01	-1.720310e+03
3.100000e-07	-6.680224e-06	-2.612402e-08	-4.704123e+01	-1.715698e+03
3.200000e-07	-6.592329e-06	-2.603794e-08	-4.642229e+01	-1.710857e+03
3.300000e-07	-6.501997e-06	-2.600730e-08	-4.578618e+01	-1.705817e+03
3.400000e-07	-6.409315e-06	-2.592689e-08	-4.513353e+01	-1.700618e+03
3.500000e-07	-6.314313e-06	-2.582860e-08	-4.446454e+01	-1.695300e+03
3.600000e-07	-6.216931e-06	-2.574185e-08	-4.377879e+01	-1.689889e+03
3.700000e-07	-6.117290e-06	-2.566712e-08	-4.307713e+01	-1.684385e+03
3.800000e-07	-6.015529e-06	-2.558520e-08	-4.236054e+01	-1.678759e+03
3.900000e-07	-5.911642e-06	-2.550013e-08	-4.162899e+01	-1.672966e+03
4.000000e-07	-5.805592e-06	-2.541500e-08	-4.088219e+01	-1.666952e+03
4.100000e-07	-5.697524e-06	-2.530401e-08	-4.012119e+01	-1.660674e+03
4.200000e-07	-5.587547e-06	-2.519558e-08	-3.934675e+01	-1.654112e+03
4.300000e-07	-5.475479e-06	-2.509049e-08	-3.855759e+01	-1.647275e+03
4.400000e-07	-5.361177e-06	-2.499204e-08	-3.775268e+01	-1.640195e+03
4.500000e-07	-5.244845e-06	-2.488190e-08	-3.693349e+01	-1.632919e+03
4.600000e-07	-5.126639e-06	-2.476737e-08	-3.610110e+01	-1.625488e+03
4.700000e-07	-5.006628e-06	-2.465081e-08	-3.525600e+01	-1.617928e+03
4.800000e-07	-4.884772e-06	-2.452887e-08	-3.439790e+01	-1.610230e+03
4.900000e-07	-4.761083e-06	-2.440752e-08	-3.352690e+01	-1.602357e+03
5.000000e-07	-4.635731e-06	-2.428719e-08	-3.264419e+01	-1.594248e+03
5.100000e-07	-4.508757e-06	-2.416319e-08	-3.175006e+01	-1.585838e+03
5.200000e-07	-4.380154e-06	-2.402276e-08	-3.084445e+01	-1.577072e+03
5.300000e-07	-4.249837e-06	-2.387717e-08	-2.992678e+01	-1.567926e+03
5.400000e-07	-4.117922e-06	-2.373223e-08	-2.899785e+01	-1.558408e+03
5.500000e-07	-3.984520e-06	-2.358759e-08	-2.805845e+01	-1.548555e+03
5.600000e-07	-3.849653e-06	-2.343482e-08	-2.710874e+01	-1.538422e+03
5.700000e-07	-3.713314e-06	-2.327322e-08	-2.614865e+01	-1.528058e+03
5.800000e-07	-3.575427e-06	-2.310884e-08	-2.517767e+01	-1.517489e+03
5.900000e-07	-3.436022e-06	-2.294122e-08	-2.419600e+01	-1.506701e+03
6.000000e-07	-3.295223e-06	-2.276875e-08	-2.320451e+01	-1.495645e+03
6.100000e-07	-3.153073e-06	-2.259006e-08	-2.220352e+01	-1.484242e+03
6.200000e-07	-3.009563e-06	-2.240950e-08	-2.119294e+01	-1.472402e+03
6.300000e-07	-2.864882e-06	-2.222228e-08	-2.017411e+01	-1.460052e+03
6.400000e-07	-2.719198e-06	-2.202300e-08	-1.914822e+01	-1.447152e+03
6.500000e-07	-2.572571e-06	-2.181544e-08	-1.811570e+01	-1.433704e+03
6.600000e-07	-2.425126e-06	-2.160428e-08	-1.707741e+01	-1.419746e+03
6.700000e-07	-2.276952e-06	-2.138808e-08	-1.603399e+01	-1.405340e+03
6.800000e-07	-2.128086e-06	-2.116159e-08	-1.498569e+01	-1.390540e+03
6.900000e-07	-1.978547e-06	-2.092736e-08	-1.393266e+01	-1.375374e+03
7.000000e-07	-1.828294e-06	-2.068750e-08	-1.287460e+01	-1.359823e+03
7.100000e-07	-1.677335e-06	-2.044140e-08	-1.181156e+01	-1.343817e+03
7.200000e-07	-1.525824e-06	-2.018561e-08	-1.074465e+01	-1.327248e+03
7.300000e-07	-1.373856e-06	-1.992117e-08	-9.674511e+00	-1.309994e+03
7.400000e-07	-1.221466e-06	-1.964742e-08	-8.601401e+00	-1.291946e+03
7.500000e-07	-1.068643e-06	-1.935936e-08	-7.525240e+00	-1.273032e+03
7.600000e-07	-9.153626e-07	-1.905762e-08	-6.445860e+00	-1.253228e+03
7.700000e-07	-7.617036e-07	-1.874494e-08	-5.363814e+00	-1.232551e+03
7.800000e-07	-6.077136e-07	-1.842265e-08	-4.279437e+00	-1.211037e+03
7.900000e-07	-4.534934e-07	-1.808550e-08	-3.193439e+00	-1.188702e+03
8.000000e-07	-2.991045e-07	-1.773046e-08	-2.106254e+00	-1.165513e+03
8.100000e-07	-1.445341e-07	-1.735665e-08	-1.017790e+00	-1.141362e+03
8.200000e-07	1.018540e-08	-1.696373e-08	7.172418e-02	-1.116057e+03
8.300000e-07	1.649180e-07	-1.655083e-08	1.161330e+00	-1.089345e+03
8.400000e-07	3.195663e-07	-1.611410e-08	2.250343e+00	-1.060941e+03
8.500000e-07	4.741547e-07	-1.565182e-08	3.338933e+00	-1.030567e+03
8.600000e-07	6.285908e-07	-1.516030e-08	4.426451e+00	-9.979800e+02
8.700000e-07	7.827842e-07	-1.463420e-08	5.512260e+00	-9.629783e+02
8.800000e-07	9.367222e-07	-1.406724e-08	6.596271e+00	-9.253735e+02
8.900000e-07	1.090320e-06	-1.345559e-08	7.677887e+00	-8.849323e+02
9.000000e-07	1.243494e-06	-1.279290e-08	8.756516e+00	-8.412995e+02
9.100000e-07	1.396190e-06	-1.206803e-08	9.831781e+00	-7.939217e+02
9.200000e-07	1.548356e-06	-1.126742e-08	1.090331e+01	-7.419981e+02
9.300000e-07	1.699981e-06	-1.037932e-08	1.197104e+01	-6.844831e+02
9.400000e-07	1.850971e-06	-9.391509e-09	1.303429e+01	-6.201544e+02
9.500000e-07	2.001248e-06	-8.284491e-09	1.409252e+01	-5.477497e+02
9.600000e-07	2.150742e-06	-7.040997e-09	1.514523e+01	-4.661580e+02
9.700000e-07	2.299388e-06	-5.649085e-09	1.619198e+01	-3.746336e+02
9.800000e-07	2.447298e-06	-4.104995e-09	1.723354e+01	-2.729979e+02
9.900000e-07	2.594398e-06	-2.413045e-09	1.826940e+01	-1.617835e+02
1.000000e-06	2.740490e-06	-5.876081e-10	1.929816e+01	-4.229202e+01
1.010000e-06	2.885558e-06	1.339436e-09	2.031971e+01	8.345708e+01
1.020000e-06	3.029569e-06	3.324914e-09	2.133381e+01	2.128823e+02
1.030000e-06	3.172381e-06	5.317706e-09	2.233948e+01	3.430806e+02
1.040000e-06	3.313920e-06	7.270384e-09	2.333617e+01	4.711136e+02
1.050000e-06	3.454153e-06	9.139983e-09	2.432368e+01	5.942936e+02
1.060000e-06	3.593059e-06	1.089402e-08	2.530184e+01	7.104227e+02
1.070000e-06	3.730532e-06	1.251438e-08	2.626990e+01	8.179501e+02
1.080000e-06	3.866542e-06	1.399327e-08	2.722767e+01	9.160277e+02
1.090000e-06	4.001154e-06	1.533114e-08	2.817559e+01	1.004466e+03
1.100000e-06	4.134364e-06	1.653395e-08	2.911363e+01	1.083611e+03
1.110000e-06	4.266149e-06	1.760986e-08	3.004165e+01	1.154168e+03
1.120000e-06	4.396427e-06	1.856852e-08	3.095905e+01	1.217024e+03
1.130000e-06	4.525125e-06	1.942288e-08	3.186532e+01	1.273083e+03
1.140000e-06	4.652233e-06	2.018271e-08	3.276040e+01	1.323161e+03
1.150000e-06	4.777785e-06	2.085813e-08	3.364451e+01	1.367932e+03
1.160000e-06	4.901725e-06	2.145858e-08	3.451728e+01	1.407926e+03
1.170000e-06	5.023934e-06	2.199197e-08	3.537786e+01	1.443572e+03
1.180000e-06	5.144285e-06	2.246312e-08	3.622536e+01	1.475250e+03
1.190000e-06	5.262726e-06	2.288255e-08	3.705941e+01	1.503341e+03
1.200000e-06	5.379236e-06	2.326014e-08	3.787985e+01	1.528255e+03
1.210000e-06	5.493715e-06	2.360090e-08	3.868600e+01	1.550431e+03
1.220000e-06	5.606040e-06	2.390780e-08	3.947698e+01	1.570314e+03
1.230000e-06	5.716246e-06	2.418498e-08	4.025303e+01	1.588317e+03
1.240000e-06	5.824462e-06	2.443704e-08	4.101507e+01	1.604784e+03
1.250000e-06	5.930633e-06	2.466637e-08	4.176272e+01	1.619967e+03
1.260000e-06	6.034621e-06	2.487542e-08	4.249499e+01	1.634016e+03
1.270000e-06	6.136408e-06	2.506583e-08	4.321176e+01	1.647003e+03
1.280000e-06	6.235960e-06	2.523972e-08	4.391279e+01	1.658946e+03
1.290000e-06	6.333103e-06	2.540029e-08	4.459685e+01	1.669854e+03
1.300000e-06	6.427869e-06	2.555146e-08	4.526418e+01	1.679758e+03
1.310000e-06	6.520386e-06	2.569306e-08	4.591568e+01	1.688728e+03
1.320000e-06	6.610617e-06	2.582303e-08	4.655107e+01	1.696877e+03
1.330000e-06	6.698479e-06	2.594166e-08	4.716979e+01	1.704347e+03
1.340000e-06	6.783995e-06	2.605189e-08	4.777198e+01	1.711282e+03
1.350000e-06	6.867118e-06	2.615481e-08	4.835732e+01	1.717802e+03
1.360000e-06	6.947685e-06	2.624836e-08	4.892466e+01	1.723985e+03
1.370000e-06	7.025729e-06	2.633210e-08	4.947424e+01	1.729861e+03
1.380000e-06	7.101205e-06	2.640930e-08	5.000573e+01	1.735417e+03
1.390000e-06	7.173956e-06	2.648337e-08	5.051803e+01	1.740618e+03
1.400000e-06	7.244124e-06	2.655459e-08	5.101214e+01	1.745430e+03
1.410000e-06	7.311752e-06	2.662215e-08	5.148837e+01	1.749840e+03
1.420000e-06	7.376686e-06	2.668622e-08	5.194563e+01	1.753866e+03
1.430000e-06	7.439056e-06	2.674680e-08	5.238483e+01	1.757558e+03
1.440000e-06	7.498983e-06	2.680408e-08	5.280682e+01	1.760984e+03
1.450000e-06	7.556290e-06	2.685729e-08	5.321037e+01	1.764214e+03
1.460000e-06	7.610827e-06	2.690623e-08	5.359441e+01	1.767299e+03
1.470000e-06	7.662331e-06	2.695094e-08	5.395710e+01	1.770255e+03
1.480000e-06	7.710711e-06	2.699107e-08	5.429778e+01	1.773066e+03
1.490000e-06	7.756298e-06	2.702726e-08	5.461880e+01	1.775690e+03
1.500000e-06	7.799196e-06	2.706141e-08	5.492089e+01	1.778071e+03
1.510000e-06	7.839261e-06	2.709403e-08	5.520302e+01	1.780165e+03
1.520000e-06	7.876535e-06	2.712397e-08	5.546549e+01	1.781951e+03
1.530000e-06	7.911039e-06	2.714974e-08	5.570847e+01	1.783441e+03
1.540000e-06	7.942680e-06	2.717155e-08	5.593128e+01	1.784679e+03
1.550000e-06	7.971580e-06	2.719107e-08	5.613479e+01	1.785725e+03
1.560000e-06	7.997643e-06	2.720682e-08	5.631832e+01	1.786645e+03
1.570000e-06	8.020755e-06	2.721939e-08	5.648108e+01	1.787483e+03
1.580000e-06	8.041077e-06	2.723047e-08	5.662418e+01	1.788259e+03
1.590000e-06	8.058552e-06	2.724024e-08	5.674724e+01	1.788960e+03
1.600000e-06	8.073052e-06	2.724887e-08	5.684934e+01	1.789548e+03
1.610000e-06	8.084411e-06	2.725560e-08	5.692933e+01	1.789975e+03
1.620000e-06	8.092620e-06	2.726001e-08	5.698714e+01	1.790200e+03
1.630000e-06	8.097927e-06	2.726328e-08	5.702451e+01	1.790202e+03
1.640000e-06	8.100340e-06	2.726496e-08	5.704150e+01	1.789991e+03
1.650000e-06	8.099878e-06	2.726299e-08	5.703824e+01	1.789598e+03
1.660000e-06	8.096726e-06	2.725125e-08	5.701605e+01	1.789075e+03
1.670000e-06	8.090857e-06	2.724150e-08	5.697472e+01	1.788469e+03
1.680000e-06	8.082307e-06	2.723104e-08	5.691452e+01	1.787814e+03
1.690000e-06	8.071092e-06	2.721732e-08	5.683554e+01	1.787117e+03
1.700000e-06	8.056998e-06	2.720758e-08	5.673629e+01	1.786358e+03
1.710000e-06	8.040227e-06	2.720491e-08	5.661819e+01	1.785498e+03
1.720000e-06	8.021133e-06	2.720396e-08	5.648373e+01	1.784489e+03
1.730000e-06	7.999507e-06	2.713073e-08	5.633145e+01	1.783300e+03
1.740000e-06	7.974727e-06	2.706599e-08	5.615695e+01	1.781921e+03
1.750000e-06	7.946298e-06	2.708647e-08	5.595675e+01	1.780373e+03
1.760000e-06	7.914374e-06	2.707163e-08	5.573195e+01	1.778706e+03
1.770000e-06	7.879768e-06	2.703956e-08	5.548826e+01	1.776980e+03
1.780000e-06	7.842852e-06	2.708009e-08	5.522831e+01	1.775255e+03
1.790000e-06	7.803703e-06	2.709953e-08	5.495262e+01	1.773565e+03
1.800000e-06	7.762561e-06	2.698322e-08	5.466290e+01	1.771911e+03
1.810000e-06	7.718970e-06	2.699538e-08	5.435594e+01	1.770255e+03
1.820000e-06	7.672601e-06	2.696318e-08	5.402942e+01	1.768528e+03
1.830000e-06	7.623504e-06	2.690671e-08	5.368369e+01	1.766646e+03
1.840000e-06	7.571292e-06	2.696401e-08	5.331602e+01	1.764532e+03
1.850000e-06	7.516031e-06	2.687474e-08	5.292688e+01	1.762130e+03
1.860000e-06	7.458074e-06	2.686897e-08	5.251875e+01	1.759420e+03
1.870000e-06	7.397510e-06	2.676974e-08	5.209227e+01	1.756418e+03
1.880000e-06	7.334217e-06	2.671410e-08	5.164657e+01	1.753168e+03
1.890000e-06	7.268073e-06	2.675009e-08	5.118078e+01	1.749725e+03
1.900000e-06	7.199144e-06	2.663420e-08	5.069540e+01	1.746140e+03
1.910000e-06	7.127348e-06	2.662112e-08	5.018982e+01	1.742443e+03
1.920000e-06	7.052766e-06	2.653806e-08	4.966463e+01	1.738637e+03
1.930000e-06	6.975396e-06	2.647116e-08	4.911979e+01	1.734699e+03
1.940000e-06	6.895376e-06	2.640661e-08	4.855631e+01	1.730592e+03
1.950000e-06	6.812934e-06	2.633924e-08	4.797576e+01	1.726277e+03
1.960000e-06	6.727829e-06	2.632351e-08	4.737646e+01	1.721731e+03
1.970000e-06	6.640131e-06	2.618367e-08	4.675890e+01	1.716952e+03
1.980000e-06	6.550096e-06	2.612042e-08	4.612489e+01	1.711964e+03
1.990000e-06	6.457814e-06	2.603968e-08	4.547505e+01	1.706804e+03
2.000000e-06	6.363184e-06	2.597485e-08	4.480869e+01	1.701516e+03
2.010000e-06	6.266247e-06	2.590073e-08	4.412607e+01	1.696130e+03
2.020000e-06	6.167245e-06	2.580816e-08	4.342891e+01	1.690652e+03
2.030000e-06	6.066051e-06	2.572298e-08	4.271631e+01	1.685064e+03
2.040000e-06	5.962550e-06	2.559836e-08	4.198747e+01	1.679323e+03
2.050000e-06	5.856896e-06	2.551663e-08	4.124347e+01	1.673376e+03
2.060000e-06	5.749369e-06	2.542528e-08	4.048628e+01	1.667176e+03
2.070000e-06	5.639860e-06	2.534503e-08	3.971513e+01	1.660694e+03
2.080000e-06	5.528227e-06	2.523407e-08	3.892903e+01	1.653932e+03
2.090000e-06	5.414529e-06	2.513319e-08	3.812838e+01	1.646916e+03
2.100000e-06	5.298720e-06	2.502778e-08	3.731287e+01	1.639689e+03
2.110000e-06	5.180840e-06	2.491953e-08	3.648277e+01	1.632298e+03
2.120000e-06	5.061024e-06	2.480952e-08	3.563905e+01	1.624773e+03
2.130000e-06	4.939417e-06	2.469228e-08	3.478270e+01	1.617116e+03
2.140000e-06	4.816090e-06	2.456666e-08	3.391425e+01	1.609297e+03
2.150000e-06	4.691025e-06	2.442734e-08	3.303356e+01	1.601261e+03
2.160000e-06	4.564129e-06	2.429971e-08	3.213998e+01	1.592942e+03
2.170000e-06	4.435555e-06	2.417026e-08	3.123458e+01	1.584281e+03
2.180000e-06	4.305412e-06	2.404285e-08	3.031813e+01	1.575243e+03
2.190000e-06	4.173755e-06	2.390065e-08	2.939102e+01	1.565827e+03
2.200000e-06	4.040495e-06	2.375843e-08	2.845262e+01	1.556063e+03
2.210000e-06	3.905623e-06	2.360540e-08	2.750287e+01	1.546003e+03
2.220000e-06	3.769291e-06	2.345202e-08	2.654283e+01	1.535701e+03
2.230000e-06	3.631568e-06	2.329311e-08	2.557301e+01	1.525188e+03
2.240000e-06	3.492479e-06	2.313116e-08	2.459356e+01	1.514465e+03
2.250000e-06	3.351972e-06	2.296299e-08	2.360413e+01	1.503492e+03
2.260000e-06	3.210066e-06	2.278422e-08	2.260485e+01	1.492195e+03
2.270000e-06	3.066880e-06	2.260121e-08	2.159656e+01	1.480487e+03
2.280000e-06	2.922646e-06	2.241585e-08	2.058088e+01	1.468288e+03
2.290000e-06	2.777393e-06	2.223020e-08	1.955802e+01	1.455546e+03
2.300000e-06	2.631134e-06	2.203393e-08	1.852809e+01	1.442250e+03
2.310000e-06	2.484030e-06	2.182734e-08	1.749221e+01	1.428431e+03
2.320000e-06	2.336141e-06	2.161234e-08	1.645079e+01	1.414145e+03
2.330000e-06	2.187489e-06	2.139285e-08	1.540400e+01	1.399452e+03
2.340000e-06	2.037990e-06	2.116465e-08	1.435125e+01	1.384390e+03
2.350000e-06	1.887639e-06	2.092588e-08	1.329250e+01	1.368952e+03
2.360000e-06	1.736675e-06	2.067883e-08	1.222943e+01	1.353085e+03
2.370000e-06	1.585232e-06	2.042329e-08	1.116299e+01	1.336688e+03
2.380000e-06	1.433357e-06	2.015960e-08	1.009350e+01	1.319641e+03
2.390000e-06	1.281118e-06	1.988987e-08	9.021457e+00	1.301828e+03
2.400000e-06	1.128497e-06	1.961145e-08	7.946727e+00	1.283164e+03
2.410000e-06	9.754191e-07	1.931762e-08	6.868770e+00	1.263613e+03
2.420000e-06	8.219381e-07	1.900855e-08	5.787977e+00	1.243181e+03
2.430000e-06	6.681727e-07	1.868591e-08	4.705182e+00	1.221901e+03
2.440000e-06	5.141470e-07	1.834874e-08	3.620554e+00	1.199800e+03
2.450000e-06	3.599167e-07	1.799681e-08	2.534485e+00	1.176862e+03
2.460000e-06	2.055132e-07	1.762908e-08	1.447196e+00	1.153000e+03
2.470000e-06	5.097845e-08	1.724670e-08	3.589833e-01	1.128047e+03
2.480000e-06	-1.036110e-07	1.684381e-08	-7.296148e-01	1.101765e+03
2.490000e-06	-2.581744e-07	1.641592e-08	-1.818029e+00	1.073872e+03
2.500000e-06	-4.125893e-07	1.596246e-08	-2.905398e+00	1.044087e+03
2.510000e-06	-5.668263e-07	1.548028e-08	-3.991514e+00	1.012153e+03
2.520000e-06	-7.208886e-07	1.496187e-08	-5.076400e+00	9.778589e+02
2.530000e-06	-8.747161e-07	1.440165e-08	-6.159633e+00	9.410171e+02
2.540000e-06	-1.028191e-06	1.379886e-08	-7.240379e+00	9.014144e+02
2.550000e-06	-1.181263e-06	1.314754e-08	-8.318296e+00	8.587389e+02
2.560000e-06	-1.333926e-06	1.243947e-08	-9.393328e+00	8.125002e+02
2.570000e-06	-1.486144e-06	1.166465e-08	-1.046523e+01	7.619709e+02
2.580000e-06	-1.637932e-06	1.080894e-08	-1.153410e+01	7.061713e+02
2.590000e-06	-1.789226e-06	9.856010e-09	-1.259948e+01	6.439183e+02
2.600000e-06	-1.939790e-06	8.789455e-09	-1.365974e+01	5.739438e+02
2.610000e-06	-2.089482e-06	7.592599e-09	-1.471385e+01	4.950718e+02
2.620000e-06	-2.238335e-06	6.252719e-09	-1.576205e+01	4.064305e+02
2.630000e-06	-2.386366e-06	4.760766e-09	-1.680447e+01	3.076612e+02
2.640000e-06	-2.533530e-06	3.117590e-09	-1.784077e+01	1.990832e+02
2.650000e-06	-2.679802e-06	1.333632e-09	-1.887080e+01	8.177859e+01
2.660000e-06	-2.825109e-06	-5.669309e-10	-1.989403e+01	-4.242658e+01
2.670000e-06	-2.969304e-06	-2.542576e-09	-2.090944e+01	-1.710900e+02
2.680000e-06	-3.112340e-06	-4.544329e-09	-2.191668e+01	-3.013725e+02
2.690000e-06	-3.254141e-06	-6.520081e-09	-2.291522e+01	-4.303156e+02
2.700000e-06	-3.394648e-06	-8.426956e-09	-2.390466e+01	-5.551329e+02
2.710000e-06	-3.533848e-06	-1.023171e-08	-2.488488e+01	-6.734662e+02
2.720000e-06	-3.671670e-06	-1.191003e-08	-2.585541e+01	-7.835697e+02
2.730000e-06	-3.808114e-06	-1.344911e-08	-2.681622e+01	-8.843949e+02
2.740000e-06	-3.943196e-06	-1.484501e-08	-2.776745e+01	-9.755739e+02
2.750000e-06	-4.076855e-06	-1.610232e-08	-2.870866e+01	-1.057315e+03
2.760000e-06	-4.209083e-06	-1.722875e-08	-2.963979e+01	-1.130242e+03
2.770000e-06	-4.339818e-06	-1.823486e-08	-3.056041e+01	-1.195205e+03
2.780000e-06	-4.468994e-06	-1.913190e-08	-3.147005e+01	-1.253118e+03
2.790000e-06	-4.596671e-06	-1.993095e-08	-3.236914e+01	-1.304832e+03
2.800000e-06	-4.722808e-06	-2.064256e-08	-3.325738e+01	-1.351060e+03
2.810000e-06	-4.847279e-06	-2.127543e-08	-3.413388e+01	-1.392373e+03
2.820000e-06	-4.970037e-06	-2.183618e-08	-3.499833e+01	-1.429222e+03
2.830000e-06	-5.091055e-06	-2.233041e-08	-3.585052e+01	-1.461997e+03
2.840000e-06	-5.210181e-06	-2.277027e-08	-3.668939e+01	-1.491074e+03
2.850000e-06	-5.327251e-06	-2.316758e-08	-3.751378e+01	-1.516853e+03
2.860000e-06	-5.442160e-06	-2.352678e-08	-3.832295e+01	-1.539767e+03
2.870000e-06	-5.554849e-06	-2.384970e-08	-3.911649e+01	-1.560262e+03
2.880000e-06	-5.665327e-06	-2.414110e-08	-3.989447e+01	-1.578764e+03
2.890000e-06	-5.773704e-06	-2.440448e-08	-4.065764e+01	-1.595642e+03
2.900000e-06	-5.880124e-06	-2.464409e-08	-4.140704e+01	-1.611173e+03
2.910000e-06	-5.984545e-06	-2.486407e-08	-4.214236e+01	-1.625537e+03
2.920000e-06	-6.086715e-06	-2.506398e-08	-4.286182e+01	-1.638825e+03
2.930000e-06	-6.186489e-06	-2.524446e-08	-4.356442e+01	-1.651067e+03
2.940000e-06	-6.284046e-06	-2.541051e-08	-4.425141e+01	-1.662270e+03
2.950000e-06	-6.379453e-06	-2.556526e-08	-4.492324e+01	-1.672457e+03
2.960000e-06	-6.472529e-06	-2.570838e-08	-4.557867e+01	-1.681685e+03
2.970000e-06	-6.563265e-06	-2.583996e-08	-4.621762e+01	-1.690056e+03
2.980000e-06	-6.651706e-06	-2.596011e-08	-4.684041e+01	-1.697707e+03
2.990000e-06	-6.737815e-06	-2.606950e-08	-4.744678e+01	-1.704782e+03
3.000000e-06	-6.821488e-06	-2.616994e-08	-4.803599e+01	-1.711412e+03
3.010000e-06	-6.902682e-06	-2.626458e-08	-4.860776e+01	-1.717687e+03
3.020000e-06	-6.981329e-06	-2.635539e-08	-4.916158e+01	-1.723652e+03
3.030000e-06	-7.057258e-06	-2.643994e-08	-4.969626e+01	-1.729303e+03
3.040000e-06	-7.130552e-06	-2.651899e-08	-5.021238e+01	-1.734611e+03
3.050000e-06	-7.201289e-06	-2.659372e-08	-5.071051e+01	-1.739538e+03
3.060000e-06	-7.269399e-06	-2.666226e-08	-5.119013e+01	-1.744064e+03
3.070000e-06	-7.335001e-06	-2.672675e-08	-5.165209e+01	-1.748197e+03
3.080000e-06	-7.398110e-06	-2.678673e-08	-5.209649e+01	-1.751979e+03
3.090000e-06	-7.458519e-06	-2.684244e-08	-5.252188e+01	-1.755475e+03
3.100000e-06	-7.516257e-06	-2.689204e-08	-5.292847e+01	-1.758756e+03
3.110000e-06	-7.571339e-06	-2.693814e-08	-5.331635e+01	-1.761880e+03
3.120000e-06	-7.623495e-06	-2.698320e-08	-5.368362e+01	-1.764874e+03
3.130000e-06	-7.672556e-06	-2.702520e-08	-5.402910e+01	-1.767732e+03
3.140000e-06	-7.718617e-06	-2.706369e-08	-5.435346e+01	-1.770416e+03
3.150000e-06	-7.762057e-06	-2.709913e-08	-5.465935e+01	-1.772873e+03
3.160000e-06	-7.802979e-06	-2.713126e-08	-5.494752e+01	-1.775053e+03
3.170000e-06	-7.841086e-06	-2.715826e-08	-5.521587e+01	-1.776929e+03
3.180000e-06	-7.876356e-06	-2.718064e-08	-5.546423e+01	-1.778501e+03
3.190000e-06	-7.908917e-06	-2.720234e-08	-5.569352e+01	-1.779806e+03
3.200000e-06	-7.938613e-06	-2.722144e-08	-5.590264e+01	-1.780902e+03
3.210000e-06	-7.965391e-06	-2.723526e-08	-5.609121e+01	-1.781853e+03
3.220000e-06	-7.989337e-06	-2.724841e-08	-5.625983e+01	-1.782713e+03
3.230000e-06	-8.010391e-06	-2.726078e-08	-5.640809e+01	-1.783508e+03
3.240000e-06	-8.028614e-06	-2.727096e-08	-5.653642e+01	-1.784235e+03
3.250000e-06	-8.043950e-06	-2.727832e-08	-5.664441e+01	-1.784861e+03
3.260000e-06	-8.056115e-06	-2.728321e-08	-5.673007e+01	-1.785340e+03
3.270000e-06	-8.065149e-06	-2.728523e-08	-5.679369e+01	-1.785627e+03
3.280000e-06	-8.071218e-06	-2.728257e-08	-5.683642e+01	-1.785694e+03
3.290000e-06	-8.074457e-06	-2.727698e-08	-5.685923e+01	-1.785543e+03
3.300000e-06	-8.074992e-06	-2.727025e-08	-5.686300e+01	-1.785199e+03
