# Temperatura_=_27.34
# Concentracion g/m^3_=_28200.0
# C_Vs_to_Am_M_A/Vsm_=_65563218390.804596
# pendiente_HvsI_1/m_=_3716.3
# ordenada_HvsI_A/m_=_1297.0
# frecuencia_Hz_=_302303.32824958186

Tiempo_(s)	Campo_(V.s)	Magnetizacion_(V.s)	Campo_(kA/m)	Magnetizacion_(A/m)
0.000000e+00	-6.855074e-06	-2.395012e-08	-4.951945e+01	-1.567826e+03
1.000000e-08	-6.852391e-06	-2.394217e-08	-4.950007e+01	-1.567495e+03
2.000000e-08	-6.847374e-06	-2.393444e-08	-4.946383e+01	-1.567021e+03
3.000000e-08	-6.840231e-06	-2.392407e-08	-4.941223e+01	-1.566392e+03
4.000000e-08	-6.830803e-06	-2.391297e-08	-4.934412e+01	-1.565599e+03
5.000000e-08	-6.818872e-06	-2.390232e-08	-4.925794e+01	-1.564631e+03
6.000000e-08	-6.804389e-06	-2.388957e-08	-4.915332e+01	-1.563482e+03
7.000000e-08	-6.787511e-06	-2.386844e-08	-4.903140e+01	-1.562153e+03
8.000000e-08	-6.768591e-06	-2.384340e-08	-4.889472e+01	-1.560655e+03
9.000000e-08	-6.747555e-06	-2.382985e-08	-4.874276e+01	-1.559005e+03
1.000000e-07	-6.723911e-06	-2.382455e-08	-4.857196e+01	-1.557233e+03
1.100000e-07	-6.697459e-06	-2.378192e-08	-4.838088e+01	-1.555367e+03
1.200000e-07	-6.668460e-06	-2.372962e-08	-4.817140e+01	-1.553435e+03
1.300000e-07	-6.637242e-06	-2.369087e-08	-4.794589e+01	-1.551456e+03
1.400000e-07	-6.603893e-06	-2.363837e-08	-4.770498e+01	-1.549435e+03
1.500000e-07	-6.568645e-06	-2.360097e-08	-4.745035e+01	-1.547356e+03
1.600000e-07	-6.531604e-06	-2.358662e-08	-4.718278e+01	-1.545187e+03
1.700000e-07	-6.492532e-06	-2.354962e-08	-4.690054e+01	-1.542879e+03
1.800000e-07	-6.451266e-06	-2.347776e-08	-4.660244e+01	-1.540375e+03
1.900000e-07	-6.407538e-06	-2.344655e-08	-4.628656e+01	-1.537622e+03
2.000000e-07	-6.361329e-06	-2.339655e-08	-4.595275e+01	-1.534574e+03
2.100000e-07	-6.312711e-06	-2.332803e-08	-4.560155e+01	-1.531206e+03
2.200000e-07	-6.261420e-06	-2.329730e-08	-4.523103e+01	-1.527513e+03
2.300000e-07	-6.207563e-06	-2.324057e-08	-4.484198e+01	-1.523512e+03
2.400000e-07	-6.151384e-06	-2.316271e-08	-4.443616e+01	-1.519236e+03
2.500000e-07	-6.092858e-06	-2.308530e-08	-4.401338e+01	-1.514723e+03
2.600000e-07	-6.032075e-06	-2.302399e-08	-4.357430e+01	-1.510010e+03
2.700000e-07	-5.969134e-06	-2.295084e-08	-4.311963e+01	-1.505122e+03
2.800000e-07	-5.903978e-06	-2.285525e-08	-4.264896e+01	-1.500066e+03
2.900000e-07	-5.836565e-06	-2.278022e-08	-4.216198e+01	-1.494830e+03
3.000000e-07	-5.766959e-06	-2.269649e-08	-4.165916e+01	-1.489390e+03
3.100000e-07	-5.695178e-06	-2.260208e-08	-4.114063e+01	-1.483710e+03
3.200000e-07	-5.621115e-06	-2.252296e-08	-4.060562e+01	-1.477757e+03
3.300000e-07	-5.544738e-06	-2.243289e-08	-4.005389e+01	-1.471503e+03
3.400000e-07	-5.466113e-06	-2.233229e-08	-3.948593e+01	-1.464933e+03
3.500000e-07	-5.385380e-06	-2.222137e-08	-3.890273e+01	-1.458045e+03
3.600000e-07	-5.302754e-06	-2.211346e-08	-3.830586e+01	-1.450845e+03
3.700000e-07	-5.218365e-06	-2.199855e-08	-3.769625e+01	-1.443345e+03
3.800000e-07	-5.132303e-06	-2.188074e-08	-3.707456e+01	-1.435550e+03
3.900000e-07	-5.044524e-06	-2.176094e-08	-3.644046e+01	-1.427459e+03
4.000000e-07	-4.954926e-06	-2.162225e-08	-3.579323e+01	-1.419059e+03
4.100000e-07	-4.863521e-06	-2.148310e-08	-3.513294e+01	-1.410328e+03
4.200000e-07	-4.770456e-06	-2.134263e-08	-3.446066e+01	-1.401233e+03
4.300000e-07	-4.675842e-06	-2.120294e-08	-3.377719e+01	-1.391745e+03
4.400000e-07	-4.579574e-06	-2.105046e-08	-3.308177e+01	-1.381838e+03
4.500000e-07	-4.481590e-06	-2.089113e-08	-3.237396e+01	-1.371493e+03
4.600000e-07	-4.381940e-06	-2.073010e-08	-3.165411e+01	-1.360703e+03
4.700000e-07	-4.280694e-06	-2.055968e-08	-3.092274e+01	-1.349464e+03
4.800000e-07	-4.178003e-06	-2.038285e-08	-3.018092e+01	-1.337774e+03
4.900000e-07	-4.073847e-06	-2.020184e-08	-2.942852e+01	-1.325624e+03
5.000000e-07	-3.968129e-06	-2.001272e-08	-2.866484e+01	-1.312996e+03
5.100000e-07	-3.860888e-06	-1.980622e-08	-2.789015e+01	-1.299857e+03
5.200000e-07	-3.752217e-06	-1.959052e-08	-2.710514e+01	-1.286162e+03
5.300000e-07	-3.642299e-06	-1.936635e-08	-2.631112e+01	-1.271862e+03
5.400000e-07	-3.531155e-06	-1.913301e-08	-2.550824e+01	-1.256903e+03
5.500000e-07	-3.418596e-06	-1.888962e-08	-2.469514e+01	-1.241241e+03
5.600000e-07	-3.304558e-06	-1.863795e-08	-2.387135e+01	-1.224837e+03
5.700000e-07	-3.189081e-06	-1.837904e-08	-2.303718e+01	-1.207662e+03
5.800000e-07	-3.072227e-06	-1.810869e-08	-2.219305e+01	-1.189692e+03
5.900000e-07	-2.954244e-06	-1.782495e-08	-2.134077e+01	-1.170897e+03
6.000000e-07	-2.835306e-06	-1.752689e-08	-2.048159e+01	-1.151238e+03
6.100000e-07	-2.715321e-06	-1.721269e-08	-1.961484e+01	-1.130656e+03
6.200000e-07	-2.594254e-06	-1.687650e-08	-1.874029e+01	-1.109069e+03
6.300000e-07	-2.472209e-06	-1.652290e-08	-1.785866e+01	-1.086378e+03
6.400000e-07	-2.349194e-06	-1.615276e-08	-1.697003e+01	-1.062466e+03
6.500000e-07	-2.225232e-06	-1.576503e-08	-1.607455e+01	-1.037212e+03
6.600000e-07	-2.100492e-06	-1.535847e-08	-1.517346e+01	-1.010496e+03
6.700000e-07	-1.975098e-06	-1.492928e-08	-1.426765e+01	-9.822020e+02
6.800000e-07	-1.849104e-06	-1.447383e-08	-1.335749e+01	-9.522221e+02
6.900000e-07	-1.722592e-06	-1.399051e-08	-1.244360e+01	-9.204480e+02
7.000000e-07	-1.595519e-06	-1.347990e-08	-1.152566e+01	-8.867665e+02
7.100000e-07	-1.467831e-06	-1.293609e-08	-1.060327e+01	-8.510537e+02
7.200000e-07	-1.339568e-06	-1.235622e-08	-9.676726e+00	-8.131748e+02
7.300000e-07	-1.210835e-06	-1.173902e-08	-8.746791e+00	-7.729943e+02
7.400000e-07	-1.081713e-06	-1.108618e-08	-7.814039e+00	-7.303945e+02
7.500000e-07	-9.522400e-07	-1.039745e-08	-6.878759e+00	-6.853047e+02
7.600000e-07	-8.225174e-07	-9.672365e-09	-5.941673e+00	-6.377322e+02
7.700000e-07	-6.925778e-07	-8.913410e-09	-5.003020e+00	-5.877911e+02
7.800000e-07	-5.623728e-07	-8.120769e-09	-4.062450e+00	-5.357182e+02
7.900000e-07	-4.319097e-07	-7.298859e-09	-3.120015e+00	-4.818703e+02
8.000000e-07	-3.012442e-07	-6.455665e-09	-2.176118e+00	-4.266990e+02
8.100000e-07	-1.704217e-07	-5.601086e-09	-1.231087e+00	-3.707032e+02
8.200000e-07	-3.944078e-08	-4.743219e-09	-2.849110e-01	-3.143656e+02
8.300000e-07	9.159591e-08	-3.884940e-09	6.616675e-01	-2.580840e+02
8.400000e-07	2.225547e-07	-3.030950e-09	1.607683e+00	-2.021103e+02
8.500000e-07	3.533589e-07	-2.185433e-09	2.552582e+00	-1.465098e+02
8.600000e-07	4.840562e-07	-1.345653e-09	3.496709e+00	-9.115088e+01
8.700000e-07	6.146513e-07	-5.047217e-10	4.440098e+00	-3.573082e+01
8.800000e-07	7.450248e-07	3.455974e-10	5.381885e+00	2.016646e+01
8.900000e-07	8.751472e-07	1.212403e-09	6.321859e+00	7.698755e+01
9.000000e-07	1.004931e-06	2.100698e-09	7.259386e+00	1.351169e+02
9.100000e-07	1.134359e-06	3.013092e-09	8.194347e+00	1.947903e+02
9.200000e-07	1.263430e-06	3.949372e-09	9.126726e+00	2.560305e+02
9.300000e-07	1.392034e-06	4.905676e-09	1.005573e+01	3.186160e+02
9.400000e-07	1.520123e-06	5.873290e-09	1.098101e+01	3.820900e+02
9.500000e-07	1.647686e-06	6.842191e-09	1.190250e+01	4.458050e+02
9.600000e-07	1.774622e-06	7.803094e-09	1.281946e+01	5.089968e+02
9.700000e-07	1.900855e-06	8.743628e-09	1.373133e+01	5.708727e+02
9.800000e-07	2.026464e-06	9.651107e-09	1.463870e+01	6.306992e+02
9.900000e-07	2.151427e-06	1.051655e-08	1.554140e+01	6.878744e+02
1.000000e-06	2.275639e-06	1.133625e-08	1.643869e+01	7.419744e+02
1.010000e-06	2.399025e-06	1.210716e-08	1.733000e+01	7.927701e+02
1.020000e-06	2.521468e-06	1.282812e-08	1.821450e+01	8.402143e+02
1.030000e-06	2.642888e-06	1.349797e-08	1.909160e+01	8.844068e+02
1.040000e-06	2.763276e-06	1.411998e-08	1.996126e+01	9.255468e+02
1.050000e-06	2.882568e-06	1.469883e-08	2.082299e+01	9.638833e+02
1.060000e-06	3.000760e-06	1.524105e-08	2.167679e+01	9.996729e+02
1.070000e-06	3.117929e-06	1.574993e-08	2.252319e+01	1.033151e+03
1.080000e-06	3.233952e-06	1.622434e-08	2.336131e+01	1.064517e+03
1.090000e-06	3.348650e-06	1.666894e-08	2.418987e+01	1.093937e+03
1.100000e-06	3.461923e-06	1.708840e-08	2.500813e+01	1.121549e+03
1.110000e-06	3.573815e-06	1.748272e-08	2.581641e+01	1.147478e+03
1.120000e-06	3.684415e-06	1.785166e-08	2.661535e+01	1.171847e+03
1.130000e-06	3.793810e-06	1.819893e-08	2.740559e+01	1.194778e+03
1.140000e-06	3.902083e-06	1.852740e-08	2.818773e+01	1.216397e+03
1.150000e-06	4.009050e-06	1.883900e-08	2.896044e+01	1.236828e+03
1.160000e-06	4.114435e-06	1.913324e-08	2.972172e+01	1.256178e+03
1.170000e-06	4.218262e-06	1.941291e-08	3.047174e+01	1.274541e+03
1.180000e-06	4.320622e-06	1.967967e-08	3.121117e+01	1.291984e+03
1.190000e-06	4.421558e-06	1.993201e-08	3.194030e+01	1.308556e+03
1.200000e-06	4.520984e-06	2.017090e-08	3.265853e+01	1.324289e+03
1.210000e-06	4.618644e-06	2.039793e-08	3.336401e+01	1.339208e+03
1.220000e-06	4.714511e-06	2.061317e-08	3.405653e+01	1.353339e+03
1.230000e-06	4.808715e-06	2.081703e-08	3.473703e+01	1.366718e+03
1.240000e-06	4.901371e-06	2.100772e-08	3.540636e+01	1.379389e+03
1.250000e-06	4.992309e-06	2.118711e-08	3.606327e+01	1.391409e+03
1.260000e-06	5.081304e-06	2.135900e-08	3.670616e+01	1.402836e+03
1.270000e-06	5.168418e-06	2.152422e-08	3.733545e+01	1.413726e+03
1.280000e-06	5.253749e-06	2.168382e-08	3.795186e+01	1.424125e+03
1.290000e-06	5.337253e-06	2.183709e-08	3.855507e+01	1.434064e+03
1.300000e-06	5.418777e-06	2.198393e-08	3.914398e+01	1.443557e+03
1.310000e-06	5.498246e-06	2.212411e-08	3.971804e+01	1.452605e+03
1.320000e-06	5.575698e-06	2.225616e-08	4.027754e+01	1.461200e+03
1.330000e-06	5.651061e-06	2.237936e-08	4.082194e+01	1.469335e+03
1.340000e-06	5.724203e-06	2.249590e-08	4.135031e+01	1.477004e+03
1.350000e-06	5.795188e-06	2.260675e-08	4.186308e+01	1.484214e+03
1.360000e-06	5.864166e-06	2.271016e-08	4.236137e+01	1.490982e+03
1.370000e-06	5.931066e-06	2.280633e-08	4.284464e+01	1.497335e+03
1.380000e-06	5.995801e-06	2.289740e-08	4.331227e+01	1.503308e+03
1.390000e-06	6.058440e-06	2.298404e-08	4.376476e+01	1.508938e+03
1.400000e-06	6.119070e-06	2.306537e-08	4.420273e+01	1.514258e+03
1.410000e-06	6.177532e-06	2.314097e-08	4.462505e+01	1.519298e+03
1.420000e-06	6.233682e-06	2.321298e-08	4.503067e+01	1.524078e+03
1.430000e-06	6.287589e-06	2.328280e-08	4.542008e+01	1.528612e+03
1.440000e-06	6.339011e-06	2.334911e-08	4.579154e+01	1.532907e+03
1.450000e-06	6.387817e-06	2.341175e-08	4.614410e+01	1.536966e+03
1.460000e-06	6.434237e-06	2.347070e-08	4.647942e+01	1.540789e+03
1.470000e-06	6.478505e-06	2.352535e-08	4.679920e+01	1.544375e+03
1.480000e-06	6.520478e-06	2.357447e-08	4.710241e+01	1.547724e+03
1.490000e-06	6.560045e-06	2.362056e-08	4.738824e+01	1.550834e+03
1.500000e-06	6.597394e-06	2.366522e-08	4.765804e+01	1.553704e+03
1.510000e-06	6.632525e-06	2.370665e-08	4.791181e+01	1.556330e+03
1.520000e-06	6.665252e-06	2.374421e-08	4.814822e+01	1.558710e+03
1.530000e-06	6.695591e-06	2.377632e-08	4.836738e+01	1.560845e+03
1.540000e-06	6.723636e-06	2.380421e-08	4.856997e+01	1.562733e+03
1.550000e-06	6.749181e-06	2.382849e-08	4.875450e+01	1.564379e+03
1.560000e-06	6.772151e-06	2.384919e-08	4.892044e+01	1.565789e+03
1.570000e-06	6.792786e-06	2.386570e-08	4.906950e+01	1.566972e+03
1.580000e-06	6.811111e-06	2.387791e-08	4.920187e+01	1.567942e+03
1.590000e-06	6.826930e-06	2.388859e-08	4.931615e+01	1.568715e+03
1.600000e-06	6.840118e-06	2.389756e-08	4.941142e+01	1.569305e+03
1.610000e-06	6.850587e-06	2.390565e-08	4.948704e+01	1.569728e+03
1.620000e-06	6.858398e-06	2.391285e-08	4.954346e+01	1.569998e+03
1.630000e-06	6.863793e-06	2.391873e-08	4.958243e+01	1.570124e+03
1.640000e-06	6.866844e-06	2.392266e-08	4.960447e+01	1.570115e+03
1.650000e-06	6.867456e-06	2.392106e-08	4.960890e+01	1.569972e+03
1.660000e-06	6.865709e-06	2.391430e-08	4.959628e+01	1.569695e+03
1.670000e-06	6.861758e-06	2.390194e-08	4.956773e+01	1.569278e+03
1.680000e-06	6.855464e-06	2.388900e-08	4.952227e+01	1.568711e+03
1.690000e-06	6.846839e-06	2.387692e-08	4.945996e+01	1.567984e+03
1.700000e-06	6.835987e-06	2.386585e-08	4.938157e+01	1.567085e+03
1.710000e-06	6.822722e-06	2.385564e-08	4.928575e+01	1.566008e+03
1.720000e-06	6.807093e-06	2.384463e-08	4.917285e+01	1.564748e+03
1.730000e-06	6.789439e-06	2.382295e-08	4.904532e+01	1.563314e+03
1.740000e-06	6.769623e-06	2.377770e-08	4.890218e+01	1.561721e+03
1.750000e-06	6.746882e-06	2.372789e-08	4.873790e+01	1.559993e+03
1.760000e-06	6.720951e-06	2.371733e-08	4.855058e+01	1.558160e+03
1.770000e-06	6.692273e-06	2.369680e-08	4.834342e+01	1.556251e+03
1.780000e-06	6.661273e-06	2.367632e-08	4.811948e+01	1.554289e+03
1.790000e-06	6.628487e-06	2.366308e-08	4.788264e+01	1.552285e+03
1.800000e-06	6.594294e-06	2.362274e-08	4.763564e+01	1.550231e+03
1.810000e-06	6.558178e-06	2.358703e-08	4.737474e+01	1.548102e+03
1.820000e-06	6.519569e-06	2.359999e-08	4.709585e+01	1.545855e+03
1.830000e-06	6.478727e-06	2.357423e-08	4.680081e+01	1.543435e+03
1.840000e-06	6.435724e-06	2.352468e-08	4.649017e+01	1.540785e+03
1.850000e-06	6.390394e-06	2.348963e-08	4.616272e+01	1.537857e+03
1.860000e-06	6.342704e-06	2.339201e-08	4.581821e+01	1.534617e+03
1.870000e-06	6.292590e-06	2.333825e-08	4.545620e+01	1.531050e+03
1.880000e-06	6.240144e-06	2.328642e-08	4.507734e+01	1.527167e+03
1.890000e-06	6.185126e-06	2.322881e-08	4.467990e+01	1.522994e+03
1.900000e-06	6.127524e-06	2.318495e-08	4.426380e+01	1.518569e+03
1.910000e-06	6.067670e-06	2.309173e-08	4.383143e+01	1.513930e+03
1.920000e-06	6.005493e-06	2.304061e-08	4.338228e+01	1.509109e+03
1.930000e-06	5.941108e-06	2.296470e-08	4.291718e+01	1.504119e+03
1.940000e-06	5.874644e-06	2.287738e-08	4.243706e+01	1.498956e+03
1.950000e-06	5.806022e-06	2.281620e-08	4.194134e+01	1.493600e+03
1.960000e-06	5.735060e-06	2.270421e-08	4.142874e+01	1.488018e+03
1.970000e-06	5.661762e-06	2.261727e-08	4.089924e+01	1.482176e+03
1.980000e-06	5.586359e-06	2.250863e-08	4.035455e+01	1.476042e+03
1.990000e-06	5.508673e-06	2.241787e-08	3.979337e+01	1.469597e+03
2.000000e-06	5.428847e-06	2.233266e-08	3.921672e+01	1.462833e+03
2.010000e-06	5.347170e-06	2.222299e-08	3.862671e+01	1.455754e+03
2.020000e-06	5.263664e-06	2.212364e-08	3.802348e+01	1.448370e+03
2.030000e-06	5.178215e-06	2.198712e-08	3.740622e+01	1.440690e+03
2.040000e-06	5.090707e-06	2.186699e-08	3.677408e+01	1.432717e+03
2.050000e-06	5.001443e-06	2.173885e-08	3.612925e+01	1.424440e+03
2.060000e-06	4.910612e-06	2.161150e-08	3.547312e+01	1.415842e+03
2.070000e-06	4.818131e-06	2.147915e-08	3.480506e+01	1.406894e+03
2.080000e-06	4.723845e-06	2.133284e-08	3.412395e+01	1.397563e+03
2.090000e-06	4.627814e-06	2.119087e-08	3.343025e+01	1.387823e+03
2.100000e-06	4.530284e-06	2.103152e-08	3.272572e+01	1.377652e+03
2.110000e-06	4.431303e-06	2.087790e-08	3.201069e+01	1.367037e+03
2.120000e-06	4.330798e-06	2.070872e-08	3.128468e+01	1.355974e+03
2.130000e-06	4.228664e-06	2.052837e-08	3.054688e+01	1.344461e+03
2.140000e-06	4.124905e-06	2.033513e-08	2.979735e+01	1.332493e+03
2.150000e-06	4.019633e-06	2.014172e-08	2.903689e+01	1.320056e+03
2.160000e-06	3.913010e-06	1.994903e-08	2.826667e+01	1.307122e+03
2.170000e-06	3.805084e-06	1.974881e-08	2.748704e+01	1.293651e+03
2.180000e-06	3.695729e-06	1.954369e-08	2.669708e+01	1.279595e+03
2.190000e-06	3.584924e-06	1.932459e-08	2.589666e+01	1.264901e+03
2.200000e-06	3.472755e-06	1.909419e-08	2.508637e+01	1.249520e+03
2.210000e-06	3.359221e-06	1.884764e-08	2.426623e+01	1.233410e+03
2.220000e-06	3.244274e-06	1.859276e-08	2.343588e+01	1.216541e+03
2.230000e-06	3.127959e-06	1.832226e-08	2.259565e+01	1.198886e+03
2.240000e-06	3.010342e-06	1.803794e-08	2.174601e+01	1.180419e+03
2.250000e-06	2.891501e-06	1.774012e-08	2.088753e+01	1.161106e+03
2.260000e-06	2.771500e-06	1.743295e-08	2.002067e+01	1.140894e+03
2.270000e-06	2.650471e-06	1.711266e-08	1.914638e+01	1.119713e+03
2.280000e-06	2.528570e-06	1.677702e-08	1.826580e+01	1.097468e+03
2.290000e-06	2.405862e-06	1.642353e-08	1.737939e+01	1.074050e+03
2.300000e-06	2.282326e-06	1.604825e-08	1.648699e+01	1.049337e+03
2.310000e-06	2.157923e-06	1.565141e-08	1.558833e+01	1.023209e+03
2.320000e-06	2.032721e-06	1.523026e-08	1.468390e+01	9.955483e+02
2.330000e-06	1.906874e-06	1.478503e-08	1.377482e+01	9.662433e+02
2.340000e-06	1.780373e-06	1.431017e-08	1.286100e+01	9.351868e+02
2.350000e-06	1.653126e-06	1.380672e-08	1.194179e+01	9.022685e+02
2.360000e-06	1.525291e-06	1.327047e-08	1.101835e+01	8.673690e+02
2.370000e-06	1.396996e-06	1.270335e-08	1.009157e+01	8.303573e+02
2.380000e-06	1.268215e-06	1.210433e-08	9.161287e+00	7.910963e+02
2.390000e-06	1.139018e-06	1.147051e-08	8.227998e+00	7.494584e+02
2.400000e-06	1.009469e-06	1.080112e-08	7.292171e+00	7.053507e+02
2.410000e-06	8.795909e-07	1.009349e-08	6.353959e+00	6.587461e+02
2.420000e-06	7.494704e-07	9.347114e-09	5.413999e+00	6.097140e+02
2.430000e-06	6.191815e-07	8.563715e-09	4.472822e+00	5.584420e+02
2.440000e-06	4.887291e-07	7.750110e-09	3.530465e+00	5.052417e+02
2.450000e-06	3.581828e-07	6.913801e-09	2.587429e+00	4.505320e+02
2.460000e-06	2.275127e-07	6.063677e-09	1.643499e+00	3.947998e+02
2.470000e-06	9.666915e-08	5.206393e-09	6.983154e-01	3.385425e+02
2.480000e-06	-3.425211e-08	4.346525e-09	-2.474292e-01	2.821994e+02
2.490000e-06	-1.651526e-07	3.489323e-09	-1.193024e+00	2.260858e+02
2.500000e-06	-2.959704e-07	2.636759e-09	-2.138021e+00	1.703433e+02
2.510000e-06	-4.267359e-07	1.788578e-09	-3.082640e+00	1.149168e+02
2.520000e-06	-5.573874e-07	9.414393e-10	-4.026436e+00	5.956551e+01
2.530000e-06	-6.878449e-07	8.859972e-11	-4.968831e+00	3.909041e+00
2.540000e-06	-8.180885e-07	-7.744066e-10	-5.909681e+00	-5.249803e+01
2.550000e-06	-9.481363e-07	-1.652699e-09	-6.849115e+00	-1.100756e+02
2.560000e-06	-1.077922e-06	-2.548262e-09	-7.786654e+00	-1.691271e+02
2.570000e-06	-1.207337e-06	-3.466587e-09	-8.721524e+00	-2.297647e+02
2.580000e-06	-1.336379e-06	-4.411767e-09	-9.653689e+00	-2.918640e+02
2.590000e-06	-1.464967e-06	-5.377225e-09	-1.058258e+01	-3.550574e+02
2.600000e-06	-1.593019e-06	-6.352695e-09	-1.150760e+01	-4.187645e+02
2.610000e-06	-1.720502e-06	-7.325273e-09	-1.242851e+01	-4.822570e+02
2.620000e-06	-1.847336e-06	-8.284132e-09	-1.334472e+01	-5.447427e+02
2.630000e-06	-1.973407e-06	-9.216017e-09	-1.425543e+01	-6.054551e+02
2.640000e-06	-2.098656e-06	-1.010761e-08	-1.516020e+01	-6.637332e+02
2.650000e-06	-2.223127e-06	-1.095339e-08	-1.605935e+01	-7.190797e+02
2.660000e-06	-2.346781e-06	-1.174962e-08	-1.695260e+01	-7.711890e+02
2.670000e-06	-2.469508e-06	-1.249441e-08	-1.783915e+01	-8.199454e+02
2.680000e-06	-2.591312e-06	-1.319218e-08	-1.871904e+01	-8.653962e+02
2.690000e-06	-2.712191e-06	-1.384516e-08	-1.959223e+01	-9.077077e+02
2.700000e-06	-2.832027e-06	-1.445396e-08	-2.045790e+01	-9.471149e+02
2.710000e-06	-2.950723e-06	-1.501981e-08	-2.131534e+01	-9.838756e+02
2.720000e-06	-3.068261e-06	-1.554732e-08	-2.216440e+01	-1.018236e+03
2.730000e-06	-3.184590e-06	-1.604097e-08	-2.300473e+01	-1.050410e+03
2.740000e-06	-3.299579e-06	-1.650352e-08	-2.383539e+01	-1.080577e+03
2.750000e-06	-3.413170e-06	-1.693746e-08	-2.465594e+01	-1.108885e+03
2.760000e-06	-3.525339e-06	-1.734185e-08	-2.546622e+01	-1.135461e+03
2.770000e-06	-3.636146e-06	-1.772196e-08	-2.626667e+01	-1.160428e+03
2.780000e-06	-3.745699e-06	-1.808282e-08	-2.705806e+01	-1.183909e+03
2.790000e-06	-3.854073e-06	-1.842390e-08	-2.784092e+01	-1.206029e+03
2.800000e-06	-3.961273e-06	-1.874337e-08	-2.861531e+01	-1.226913e+03
2.810000e-06	-4.067140e-06	-1.904451e-08	-2.938007e+01	-1.246676e+03
2.820000e-06	-4.171563e-06	-1.933225e-08	-3.013440e+01	-1.265418e+03
2.830000e-06	-4.274414e-06	-1.960615e-08	-3.087737e+01	-1.283216e+03
2.840000e-06	-4.375652e-06	-1.986553e-08	-3.160869e+01	-1.300126e+03
2.850000e-06	-4.475321e-06	-2.010989e-08	-3.232867e+01	-1.316186e+03
2.860000e-06	-4.573439e-06	-2.034051e-08	-3.303745e+01	-1.331422e+03
2.870000e-06	-4.670039e-06	-2.055860e-08	-3.373527e+01	-1.345859e+03
2.880000e-06	-4.764970e-06	-2.076655e-08	-3.442103e+01	-1.359528e+03
2.890000e-06	-4.858140e-06	-2.096671e-08	-3.509407e+01	-1.372472e+03
2.900000e-06	-4.949587e-06	-2.115784e-08	-3.575466e+01	-1.384741e+03
2.910000e-06	-5.039267e-06	-2.134007e-08	-3.640249e+01	-1.396394e+03
2.920000e-06	-5.127106e-06	-2.151214e-08	-3.703702e+01	-1.407489e+03
2.930000e-06	-5.213012e-06	-2.167438e-08	-3.765758e+01	-1.418077e+03
2.940000e-06	-5.296996e-06	-2.182709e-08	-3.826426e+01	-1.428194e+03
2.950000e-06	-5.379144e-06	-2.197167e-08	-3.885768e+01	-1.437862e+03
2.960000e-06	-5.459382e-06	-2.211016e-08	-3.943730e+01	-1.447085e+03
2.970000e-06	-5.537443e-06	-2.224298e-08	-4.000119e+01	-1.455860e+03
2.980000e-06	-5.613256e-06	-2.236898e-08	-4.054885e+01	-1.464177e+03
2.990000e-06	-5.686976e-06	-2.248668e-08	-4.108138e+01	-1.472029e+03
3.000000e-06	-5.758673e-06	-2.259971e-08	-4.159931e+01	-1.479418e+03
3.010000e-06	-5.828220e-06	-2.270697e-08	-4.210170e+01	-1.486357e+03
3.020000e-06	-5.895608e-06	-2.280870e-08	-4.258849e+01	-1.492869e+03
3.030000e-06	-5.961051e-06	-2.290521e-08	-4.306124e+01	-1.498988e+03
3.040000e-06	-6.024508e-06	-2.299355e-08	-4.351964e+01	-1.504749e+03
3.050000e-06	-6.085727e-06	-2.307506e-08	-4.396187e+01	-1.510187e+03
3.060000e-06	-6.144662e-06	-2.315193e-08	-4.438760e+01	-1.515334e+03
3.070000e-06	-6.201467e-06	-2.322579e-08	-4.479795e+01	-1.520215e+03
3.080000e-06	-6.256096e-06	-2.329600e-08	-4.519257e+01	-1.524844e+03
3.090000e-06	-6.308292e-06	-2.336400e-08	-4.556963e+01	-1.529233e+03
3.100000e-06	-6.357867e-06	-2.342850e-08	-4.592774e+01	-1.533384e+03
3.110000e-06	-6.404905e-06	-2.348815e-08	-4.626754e+01	-1.537301e+03
3.120000e-06	-6.449820e-06	-2.354476e-08	-4.659199e+01	-1.540981e+03
3.130000e-06	-6.492697e-06	-2.359699e-08	-4.690172e+01	-1.544423e+03
3.140000e-06	-6.533346e-06	-2.364345e-08	-4.719537e+01	-1.547628e+03
3.150000e-06	-6.571667e-06	-2.368659e-08	-4.747219e+01	-1.550592e+03
3.160000e-06	-6.607605e-06	-2.372814e-08	-4.773179e+01	-1.553314e+03
3.170000e-06	-6.641195e-06	-2.376812e-08	-4.797444e+01	-1.555792e+03
3.180000e-06	-6.672426e-06	-2.380395e-08	-4.820004e+01	-1.558023e+03
3.190000e-06	-6.701221e-06	-2.383522e-08	-4.840805e+01	-1.560008e+03
3.200000e-06	-6.727643e-06	-2.386321e-08	-4.859892e+01	-1.561749e+03
3.210000e-06	-6.751730e-06	-2.388571e-08	-4.877292e+01	-1.563251e+03
3.220000e-06	-6.773311e-06	-2.390445e-08	-4.892881e+01	-1.564522e+03
3.230000e-06	-6.792449e-06	-2.392026e-08	-4.906707e+01	-1.565575e+03
3.240000e-06	-6.809255e-06	-2.393287e-08	-4.918846e+01	-1.566423e+03
3.250000e-06	-6.823423e-06	-2.394349e-08	-4.929082e+01	-1.567083e+03
3.260000e-06	-6.834830e-06	-2.395086e-08	-4.937321e+01	-1.567571e+03
3.270000e-06	-6.843689e-06	-2.395668e-08	-4.943721e+01	-1.567899e+03
3.280000e-06	-6.850049e-06	-2.396091e-08	-4.948316e+01	-1.568081e+03
3.290000e-06	-6.853956e-06	-2.396100e-08	-4.951138e+01	-1.568125e+03
3.300000e-06	-6.855555e-06	-2.395745e-08	-4.952293e+01	-1.568035e+03
