# Temperatura_=_26.89
# Concentracion g/m^3_=_28200.0
# C_Vs_to_Am_M_A/Vsm_=_65563218390.804596
# pendiente_HvsI_1/m_=_3716.3
# ordenada_HvsI_A/m_=_1297.0
# frecuencia_Hz_=_302301.975106166

Tiempo_(s)	Campo_(V.s)	Magnetizacion_(V.s)	Campo_(kA/m)	Magnetizacion_(A/m)
0.000000e+00	-6.830875e-06	-2.389202e-08	-4.951771e+01	-1.564146e+03
1.000000e-08	-6.828235e-06	-2.388793e-08	-4.949857e+01	-1.563793e+03
2.000000e-08	-6.823306e-06	-2.387857e-08	-4.946284e+01	-1.563302e+03
3.000000e-08	-6.816339e-06	-2.386741e-08	-4.941233e+01	-1.562665e+03
4.000000e-08	-6.807165e-06	-2.385669e-08	-4.934583e+01	-1.561868e+03
5.000000e-08	-6.795466e-06	-2.384053e-08	-4.926103e+01	-1.560896e+03
6.000000e-08	-6.781146e-06	-2.382239e-08	-4.915722e+01	-1.559739e+03
7.000000e-08	-6.764402e-06	-2.379807e-08	-4.903584e+01	-1.558396e+03
8.000000e-08	-6.745616e-06	-2.376153e-08	-4.889966e+01	-1.556876e+03
9.000000e-08	-6.724741e-06	-2.377809e-08	-4.874833e+01	-1.555202e+03
1.000000e-07	-6.701319e-06	-2.379946e-08	-4.857855e+01	-1.553405e+03
1.100000e-07	-6.675089e-06	-2.372571e-08	-4.838840e+01	-1.551519e+03
1.200000e-07	-6.646275e-06	-2.366076e-08	-4.817953e+01	-1.549576e+03
1.300000e-07	-6.615320e-06	-2.363686e-08	-4.795513e+01	-1.547593e+03
1.400000e-07	-6.582267e-06	-2.356130e-08	-4.771553e+01	-1.545567e+03
1.500000e-07	-6.547262e-06	-2.348468e-08	-4.746177e+01	-1.543477e+03
1.600000e-07	-6.510450e-06	-2.358617e-08	-4.719492e+01	-1.541281e+03
1.700000e-07	-6.471593e-06	-2.352579e-08	-4.691324e+01	-1.538922e+03
1.800000e-07	-6.430583e-06	-2.341470e-08	-4.661595e+01	-1.536344e+03
1.900000e-07	-6.387140e-06	-2.346282e-08	-4.630103e+01	-1.533494e+03
2.000000e-07	-6.341204e-06	-2.330558e-08	-4.596804e+01	-1.530340e+03
2.100000e-07	-6.292924e-06	-2.323707e-08	-4.561805e+01	-1.526871e+03
2.200000e-07	-6.241961e-06	-2.322349e-08	-4.524861e+01	-1.523098e+03
2.300000e-07	-6.188357e-06	-2.312624e-08	-4.486003e+01	-1.519052e+03
2.400000e-07	-6.132460e-06	-2.311395e-08	-4.445483e+01	-1.514774e+03
2.500000e-07	-6.074211e-06	-2.304110e-08	-4.403257e+01	-1.510301e+03
2.600000e-07	-6.013708e-06	-2.296964e-08	-4.359398e+01	-1.505661e+03
2.700000e-07	-5.951051e-06	-2.290219e-08	-4.313977e+01	-1.500861e+03
2.800000e-07	-5.886177e-06	-2.280940e-08	-4.266949e+01	-1.495889e+03
2.900000e-07	-5.819077e-06	-2.273028e-08	-4.218309e+01	-1.490715e+03
3.000000e-07	-5.749783e-06	-2.263913e-08	-4.168077e+01	-1.485297e+03
3.100000e-07	-5.678415e-06	-2.258069e-08	-4.116341e+01	-1.479598e+03
3.200000e-07	-5.604826e-06	-2.246932e-08	-4.062996e+01	-1.473587e+03
3.300000e-07	-5.528878e-06	-2.236530e-08	-4.007940e+01	-1.467249e+03
3.400000e-07	-5.450635e-06	-2.226546e-08	-3.951221e+01	-1.460588e+03
3.500000e-07	-5.370209e-06	-2.214560e-08	-3.892919e+01	-1.453621e+03
3.600000e-07	-5.287879e-06	-2.205980e-08	-3.833237e+01	-1.446371e+03
3.700000e-07	-5.203854e-06	-2.194175e-08	-3.772327e+01	-1.438857e+03
3.800000e-07	-5.118160e-06	-2.182017e-08	-3.710206e+01	-1.431087e+03
3.900000e-07	-5.030765e-06	-2.169032e-08	-3.646853e+01	-1.423053e+03
4.000000e-07	-4.941602e-06	-2.155241e-08	-3.582217e+01	-1.414728e+03
4.100000e-07	-4.850603e-06	-2.141474e-08	-3.516252e+01	-1.406074e+03
4.200000e-07	-4.757943e-06	-2.128310e-08	-3.449082e+01	-1.397044e+03
4.300000e-07	-4.663761e-06	-2.115425e-08	-3.380808e+01	-1.387600e+03
4.400000e-07	-4.567955e-06	-2.099914e-08	-3.311357e+01	-1.377710e+03
4.500000e-07	-4.470473e-06	-2.083851e-08	-3.240691e+01	-1.367362e+03
4.600000e-07	-4.371252e-06	-2.067591e-08	-3.168765e+01	-1.356554e+03
4.700000e-07	-4.270412e-06	-2.050424e-08	-3.095665e+01	-1.345294e+03
4.800000e-07	-4.168108e-06	-2.032393e-08	-3.021504e+01	-1.333592e+03
4.900000e-07	-4.064406e-06	-2.013612e-08	-2.946329e+01	-1.321448e+03
5.000000e-07	-3.959257e-06	-1.994236e-08	-2.870106e+01	-1.308846e+03
5.100000e-07	-3.852490e-06	-1.973946e-08	-2.792709e+01	-1.295755e+03
5.200000e-07	-3.744243e-06	-1.952983e-08	-2.714240e+01	-1.282125e+03
5.300000e-07	-3.634753e-06	-1.931160e-08	-2.634869e+01	-1.267899e+03
5.400000e-07	-3.523986e-06	-1.908202e-08	-2.554573e+01	-1.253019e+03
5.500000e-07	-3.411889e-06	-1.884053e-08	-2.473313e+01	-1.237431e+03
5.600000e-07	-3.298480e-06	-1.858951e-08	-2.391102e+01	-1.221094e+03
5.700000e-07	-3.183615e-06	-1.832913e-08	-2.307835e+01	-1.203977e+03
5.800000e-07	-3.067308e-06	-1.805354e-08	-2.223523e+01	-1.186057e+03
5.900000e-07	-2.949839e-06	-1.776336e-08	-2.138368e+01	-1.167306e+03
6.000000e-07	-2.831305e-06	-1.746183e-08	-2.052442e+01	-1.147687e+03
6.100000e-07	-2.711710e-06	-1.714860e-08	-1.965746e+01	-1.127145e+03
6.200000e-07	-2.591167e-06	-1.682128e-08	-1.878364e+01	-1.105601e+03
6.300000e-07	-2.469685e-06	-1.647647e-08	-1.790300e+01	-1.082958e+03
6.400000e-07	-2.347168e-06	-1.611141e-08	-1.701486e+01	-1.059102e+03
6.500000e-07	-2.223682e-06	-1.572334e-08	-1.611970e+01	-1.033915e+03
6.600000e-07	-2.099382e-06	-1.531349e-08	-1.521863e+01	-1.007280e+03
6.700000e-07	-1.974453e-06	-1.488180e-08	-1.431301e+01	-9.790866e+02
6.800000e-07	-1.848982e-06	-1.442903e-08	-1.340346e+01	-9.492295e+02
6.900000e-07	-1.722868e-06	-1.395239e-08	-1.248924e+01	-9.176057e+02
7.000000e-07	-1.596057e-06	-1.344487e-08	-1.156998e+01	-8.841061e+02
7.100000e-07	-1.468686e-06	-1.290306e-08	-1.064665e+01	-8.486097e+02
7.200000e-07	-1.340887e-06	-1.232616e-08	-9.720225e+00	-8.109843e+02
7.300000e-07	-1.212683e-06	-1.171491e-08	-8.790863e+00	-7.710949e+02
7.400000e-07	-1.084149e-06	-1.106925e-08	-7.859107e+00	-7.288234e+02
7.500000e-07	-9.553294e-07	-1.038766e-08	-6.925280e+00	-6.840968e+02
7.600000e-07	-8.261866e-07	-9.667966e-09	-5.989111e+00	-6.369188e+02
7.700000e-07	-6.967427e-07	-8.912006e-09	-5.050759e+00	-5.873982e+02
7.800000e-07	-5.670227e-07	-8.122559e-09	-4.110406e+00	-5.357649e+02
7.900000e-07	-4.370767e-07	-7.308406e-09	-3.168413e+00	-4.823687e+02
8.000000e-07	-3.070015e-07	-6.475606e-09	-2.225485e+00	-4.276542e+02
8.100000e-07	-1.767885e-07	-5.630698e-09	-1.281558e+00	-3.721152e+02
8.200000e-07	-4.642228e-08	-4.780457e-09	-3.365199e-01	-3.162330e+02
8.300000e-07	8.400602e-08	-3.928934e-09	6.089682e-01	-2.604088e+02
8.400000e-07	2.144277e-07	-3.083642e-09	1.554408e+00	-2.049036e+02
8.500000e-07	3.448217e-07	-2.244996e-09	2.499648e+00	-1.497966e+02
8.600000e-07	4.750712e-07	-1.413241e-09	3.443840e+00	-9.497379e+01
8.700000e-07	6.050860e-07	-5.814313e-10	4.386330e+00	-4.014973e+01
8.800000e-07	7.348997e-07	2.606917e-10	5.327363e+00	1.507836e+01
8.900000e-07	8.644437e-07	1.118647e-09	6.266441e+00	7.115232e+01
9.000000e-07	9.936709e-07	1.994555e-09	7.203222e+00	1.284638e+02
9.100000e-07	1.122559e-06	2.891081e-09	8.137548e+00	1.872695e+02
9.200000e-07	1.251092e-06	3.812366e-09	9.069290e+00	2.476261e+02
9.300000e-07	1.379294e-06	4.754346e-09	9.998645e+00	3.093561e+02
9.400000e-07	1.507070e-06	5.710465e-09	1.092491e+01	3.720504e+02
9.500000e-07	1.634286e-06	6.671400e-09	1.184711e+01	4.351069e+02
9.600000e-07	1.760838e-06	7.626489e-09	1.276449e+01	4.977971e+02
9.700000e-07	1.886678e-06	8.564431e-09	1.367672e+01	5.593487e+02
9.800000e-07	2.011878e-06	9.471702e-09	1.458431e+01	6.190306e+02
9.900000e-07	2.136495e-06	1.033972e-08	1.548767e+01	6.762251e+02
1.000000e-06	2.260436e-06	1.116266e-08	1.638613e+01	7.304782e+02
1.010000e-06	2.383447e-06	1.193490e-08	1.727785e+01	7.815221e+02
1.020000e-06	2.505333e-06	1.265862e-08	1.816142e+01	8.292690e+02
1.030000e-06	2.626213e-06	1.333364e-08	1.903769e+01	8.737834e+02
1.040000e-06	2.746167e-06	1.396063e-08	1.990724e+01	9.152393e+02
1.050000e-06	2.865116e-06	1.454421e-08	2.076952e+01	9.538724e+02
1.060000e-06	2.983016e-06	1.508992e-08	2.162419e+01	9.899376e+02
1.070000e-06	3.099807e-06	1.560204e-08	2.247081e+01	1.023677e+03
1.080000e-06	3.215360e-06	1.608056e-08	2.330847e+01	1.055300e+03
1.090000e-06	3.329589e-06	1.653039e-08	2.413653e+01	1.084981e+03
1.100000e-06	3.442518e-06	1.695514e-08	2.495516e+01	1.112861e+03
1.110000e-06	3.554139e-06	1.735324e-08	2.576432e+01	1.139062e+03
1.120000e-06	3.664439e-06	1.772509e-08	2.656390e+01	1.163696e+03
1.130000e-06	3.773576e-06	1.807705e-08	2.735504e+01	1.186874e+03
1.140000e-06	3.881611e-06	1.841015e-08	2.813819e+01	1.208709e+03
1.150000e-06	3.988272e-06	1.872543e-08	2.891139e+01	1.229316e+03
1.160000e-06	4.093431e-06	1.902385e-08	2.967370e+01	1.248804e+03
1.170000e-06	4.197095e-06	1.930721e-08	3.042517e+01	1.267272e+03
1.180000e-06	4.299271e-06	1.957477e-08	3.116586e+01	1.284802e+03
1.190000e-06	4.400019e-06	1.982650e-08	3.189618e+01	1.301459e+03
1.200000e-06	4.499175e-06	2.006565e-08	3.261498e+01	1.317289e+03
1.210000e-06	4.596605e-06	2.029428e-08	3.332126e+01	1.332329e+03
1.220000e-06	4.692288e-06	2.051179e-08	3.401488e+01	1.346608e+03
1.230000e-06	4.786286e-06	2.071743e-08	3.469627e+01	1.360155e+03
1.240000e-06	4.878713e-06	2.091167e-08	3.536629e+01	1.373005e+03
1.250000e-06	4.969385e-06	2.109553e-08	3.602358e+01	1.385199e+03
1.260000e-06	5.058129e-06	2.127059e-08	3.666689e+01	1.396785e+03
1.270000e-06	5.145007e-06	2.143541e-08	3.729668e+01	1.407808e+03
1.280000e-06	5.230097e-06	2.159345e-08	3.791351e+01	1.418313e+03
1.290000e-06	5.313466e-06	2.174581e-08	3.851786e+01	1.428335e+03
1.300000e-06	5.394913e-06	2.189290e-08	3.910827e+01	1.437898e+03
1.310000e-06	5.474248e-06	2.203323e-08	3.968338e+01	1.447016e+03
1.320000e-06	5.551604e-06	2.216637e-08	4.024414e+01	1.455690e+03
1.330000e-06	5.626911e-06	2.229294e-08	4.079005e+01	1.463917e+03
1.340000e-06	5.699935e-06	2.241273e-08	4.131941e+01	1.471694e+03
1.350000e-06	5.770800e-06	2.252453e-08	4.183312e+01	1.479019e+03
1.360000e-06	5.839707e-06	2.262866e-08	4.233263e+01	1.485901e+03
1.370000e-06	5.906518e-06	2.272760e-08	4.281696e+01	1.492357e+03
1.380000e-06	5.971098e-06	2.282021e-08	4.328510e+01	1.498413e+03
1.390000e-06	6.033566e-06	2.290551e-08	4.373794e+01	1.504102e+03
1.400000e-06	6.094080e-06	2.298557e-08	4.417661e+01	1.509462e+03
1.410000e-06	6.152473e-06	2.306230e-08	4.459990e+01	1.514528e+03
1.420000e-06	6.208567e-06	2.313594e-08	4.500653e+01	1.519332e+03
1.430000e-06	6.262427e-06	2.320549e-08	4.539697e+01	1.523898e+03
1.440000e-06	6.313809e-06	2.327022e-08	4.576945e+01	1.528239e+03
1.450000e-06	6.362552e-06	2.333194e-08	4.612279e+01	1.532360e+03
1.460000e-06	6.408972e-06	2.339241e-08	4.645929e+01	1.536259e+03
1.470000e-06	6.453314e-06	2.345005e-08	4.678073e+01	1.539926e+03
1.480000e-06	6.495336e-06	2.350211e-08	4.708535e+01	1.543352e+03
1.490000e-06	6.534863e-06	2.354925e-08	4.737189e+01	1.546526e+03
1.500000e-06	6.572185e-06	2.359203e-08	4.764244e+01	1.549441e+03
1.510000e-06	6.607326e-06	2.363151e-08	4.789718e+01	1.552097e+03
1.520000e-06	6.640044e-06	2.366886e-08	4.813436e+01	1.554498e+03
1.530000e-06	6.670403e-06	2.370249e-08	4.835443e+01	1.556650e+03
1.540000e-06	6.698595e-06	2.373194e-08	4.855880e+01	1.558564e+03
1.550000e-06	6.724276e-06	2.375765e-08	4.874497e+01	1.560251e+03
1.560000e-06	6.747295e-06	2.377979e-08	4.891183e+01	1.561722e+03
1.570000e-06	6.768018e-06	2.379767e-08	4.906205e+01	1.562983e+03
1.580000e-06	6.786431e-06	2.381162e-08	4.919553e+01	1.564042e+03
1.590000e-06	6.802280e-06	2.382343e-08	4.931042e+01	1.564902e+03
1.600000e-06	6.815533e-06	2.383207e-08	4.940650e+01	1.565568e+03
1.610000e-06	6.826114e-06	2.383904e-08	4.948320e+01	1.566047e+03
1.620000e-06	6.834065e-06	2.384597e-08	4.954083e+01	1.566348e+03
1.630000e-06	6.839650e-06	2.385215e-08	4.958132e+01	1.566482e+03
1.640000e-06	6.842835e-06	2.385585e-08	4.960441e+01	1.566462e+03
1.650000e-06	6.843454e-06	2.385753e-08	4.960890e+01	1.566299e+03
1.660000e-06	6.841689e-06	2.385204e-08	4.959611e+01	1.565999e+03
1.670000e-06	6.837849e-06	2.383861e-08	4.956827e+01	1.565563e+03
1.680000e-06	6.831745e-06	2.382754e-08	4.952402e+01	1.564984e+03
1.690000e-06	6.823264e-06	2.381422e-08	4.946253e+01	1.564251e+03
1.700000e-06	6.812589e-06	2.380135e-08	4.938515e+01	1.563349e+03
1.710000e-06	6.799594e-06	2.379018e-08	4.929095e+01	1.562266e+03
1.720000e-06	6.784209e-06	2.378612e-08	4.917943e+01	1.560995e+03
1.730000e-06	6.766723e-06	2.378680e-08	4.905267e+01	1.559542e+03
1.740000e-06	6.747150e-06	2.369464e-08	4.891078e+01	1.557925e+03
1.750000e-06	6.724741e-06	2.363205e-08	4.874833e+01	1.556172e+03
1.760000e-06	6.699034e-06	2.366121e-08	4.856198e+01	1.554317e+03
1.770000e-06	6.670524e-06	2.363697e-08	4.835531e+01	1.552393e+03
1.780000e-06	6.639719e-06	2.360670e-08	4.813200e+01	1.550424e+03
1.790000e-06	6.607099e-06	2.366823e-08	4.789554e+01	1.548416e+03
1.800000e-06	6.573138e-06	2.354323e-08	4.764935e+01	1.546355e+03
1.810000e-06	6.537288e-06	2.345255e-08	4.738947e+01	1.544206e+03
1.820000e-06	6.498841e-06	2.355300e-08	4.711076e+01	1.541918e+03
1.830000e-06	6.458193e-06	2.340663e-08	4.681610e+01	1.539433e+03
1.840000e-06	6.415428e-06	2.346706e-08	4.650609e+01	1.536695e+03
1.850000e-06	6.370368e-06	2.348597e-08	4.617945e+01	1.533663e+03
1.860000e-06	6.323075e-06	2.331546e-08	4.583662e+01	1.530316e+03
1.870000e-06	6.273337e-06	2.337211e-08	4.547606e+01	1.526660e+03
1.880000e-06	6.221249e-06	2.320897e-08	4.509847e+01	1.522716e+03
1.890000e-06	6.166624e-06	2.314981e-08	4.470249e+01	1.518524e+03
1.900000e-06	6.109417e-06	2.313276e-08	4.428779e+01	1.514123e+03
1.910000e-06	6.050005e-06	2.298306e-08	4.385711e+01	1.509547e+03
1.920000e-06	5.988211e-06	2.302110e-08	4.340915e+01	1.504810e+03
1.930000e-06	5.924156e-06	2.290125e-08	4.294481e+01	1.499908e+03
1.940000e-06	5.858046e-06	2.283399e-08	4.246558e+01	1.494817e+03
1.950000e-06	5.789717e-06	2.273543e-08	4.197025e+01	1.489500e+03
1.960000e-06	5.719046e-06	2.260076e-08	4.145795e+01	1.483915e+03
1.970000e-06	5.646097e-06	2.257833e-08	4.092913e+01	1.478029e+03
1.980000e-06	5.571059e-06	2.242812e-08	4.038518e+01	1.471819e+03
1.990000e-06	5.493738e-06	2.238543e-08	3.982467e+01	1.465284e+03
2.000000e-06	5.414215e-06	2.226876e-08	3.924820e+01	1.458434e+03
2.010000e-06	5.332852e-06	2.215009e-08	3.865839e+01	1.451292e+03
2.020000e-06	5.249726e-06	2.205472e-08	3.805580e+01	1.443880e+03
2.030000e-06	5.164747e-06	2.190418e-08	3.743978e+01	1.436210e+03
2.040000e-06	5.077716e-06	2.182917e-08	3.680888e+01	1.428282e+03
2.050000e-06	4.988841e-06	2.168893e-08	3.616462e+01	1.420075e+03
2.060000e-06	4.898349e-06	2.157003e-08	3.550863e+01	1.411555e+03
2.070000e-06	4.806272e-06	2.141013e-08	3.484116e+01	1.402678e+03
2.080000e-06	4.712528e-06	2.126642e-08	3.416159e+01	1.393401e+03
2.090000e-06	4.616966e-06	2.112590e-08	3.346886e+01	1.383688e+03
2.100000e-06	4.519782e-06	2.096316e-08	3.276436e+01	1.373520e+03
2.110000e-06	4.421133e-06	2.081923e-08	3.204924e+01	1.362892e+03
2.120000e-06	4.321032e-06	2.064374e-08	3.132360e+01	1.351808e+03
2.130000e-06	4.219356e-06	2.047485e-08	3.058654e+01	1.340279e+03
2.140000e-06	4.116010e-06	2.027947e-08	2.983738e+01	1.328309e+03
2.150000e-06	4.011110e-06	2.009753e-08	2.907695e+01	1.315890e+03
2.160000e-06	3.904844e-06	1.990319e-08	2.830662e+01	1.302995e+03
2.170000e-06	3.797289e-06	1.970327e-08	2.752694e+01	1.289583e+03
2.180000e-06	3.688483e-06	1.949043e-08	2.673819e+01	1.275599e+03
2.190000e-06	3.578304e-06	1.926633e-08	2.593949e+01	1.260982e+03
2.200000e-06	3.466667e-06	1.903657e-08	2.513023e+01	1.245677e+03
2.210000e-06	3.353675e-06	1.879264e-08	2.431113e+01	1.229638e+03
2.220000e-06	3.239252e-06	1.854261e-08	2.348167e+01	1.212831e+03
2.230000e-06	3.123453e-06	1.827598e-08	2.264223e+01	1.195229e+03
2.240000e-06	3.006422e-06	1.800111e-08	2.179386e+01	1.176807e+03
2.250000e-06	2.888132e-06	1.770491e-08	2.093636e+01	1.157535e+03
2.260000e-06	2.768567e-06	1.739646e-08	2.006962e+01	1.137363e+03
2.270000e-06	2.647931e-06	1.706885e-08	1.919512e+01	1.116223e+03
2.280000e-06	2.526443e-06	1.673120e-08	1.831444e+01	1.094024e+03
2.290000e-06	2.404079e-06	1.637766e-08	1.742741e+01	1.070658e+03
2.300000e-06	2.280830e-06	1.600556e-08	1.653397e+01	1.046008e+03
2.310000e-06	2.156838e-06	1.561159e-08	1.563514e+01	1.019956e+03
2.320000e-06	2.032212e-06	1.519251e-08	1.473171e+01	9.923868e+02
2.330000e-06	1.906952e-06	1.474547e-08	1.382369e+01	9.631951e+02
2.340000e-06	1.781017e-06	1.426922e-08	1.291077e+01	9.322776e+02
2.350000e-06	1.654342e-06	1.376936e-08	1.199250e+01	8.995283e+02
2.360000e-06	1.526977e-06	1.323981e-08	1.106921e+01	8.648313e+02
2.370000e-06	1.399038e-06	1.268056e-08	1.014177e+01	8.280583e+02
2.380000e-06	1.270636e-06	1.208600e-08	9.210972e+00	7.890736e+02
2.390000e-06	1.141867e-06	1.145444e-08	8.277508e+00	7.477495e+02
2.400000e-06	1.012776e-06	1.078587e-08	7.341717e+00	7.039916e+02
2.410000e-06	8.834452e-07	1.008319e-08	6.404184e+00	6.577698e+02
2.420000e-06	7.538497e-07	9.346272e-09	5.464734e+00	6.091486e+02
2.430000e-06	6.240147e-07	8.573080e-09	4.523546e+00	5.583096e+02
2.440000e-06	4.940195e-07	7.767377e-09	3.581197e+00	5.055571e+02
2.450000e-06	3.638822e-07	6.936523e-09	2.637819e+00	4.513028e+02
2.460000e-06	2.336059e-07	6.090297e-09	1.693433e+00	3.960279e+02
2.470000e-06	1.031708e-07	5.237734e-09	7.478955e-01	3.402264e+02
2.480000e-06	-2.735562e-08	4.384158e-09	-1.983037e-01	2.843391e+02
2.490000e-06	-1.578828e-07	3.533858e-09	-1.144509e+00	2.286881e+02
2.500000e-06	-2.883441e-07	2.688047e-09	-2.090236e+00	1.734274e+02
2.510000e-06	-4.186827e-07	1.847276e-09	-3.035074e+00	1.185180e+02
2.520000e-06	-5.488590e-07	1.009694e-09	-3.978735e+00	6.373726e+01
2.530000e-06	-6.789090e-07	1.684103e-10	-4.921481e+00	8.720058e+00
2.540000e-06	-8.088343e-07	-6.819021e-10	-5.863322e+00	-4.697040e+01
2.550000e-06	-9.385008e-07	-1.547921e-09	-6.803288e+00	-1.037562e+02
2.560000e-06	-1.067879e-06	-2.434131e-09	-7.741165e+00	-1.619562e+02
2.570000e-06	-1.196967e-06	-3.343577e-09	-8.676940e+00	-2.217117e+02
2.580000e-06	-1.325658e-06	-4.274900e-09	-9.609830e+00	-2.829389e+02
2.590000e-06	-1.453907e-06	-5.225317e-09	-1.053952e+01	-3.453170e+02
2.600000e-06	-1.581707e-06	-6.188883e-09	-1.146595e+01	-4.083132e+02
2.610000e-06	-1.708815e-06	-7.150320e-09	-1.238737e+01	-4.712392e+02
2.620000e-06	-1.835047e-06	-8.100375e-09	-1.330244e+01	-5.333296e+02
2.630000e-06	-1.960529e-06	-9.028202e-09	-1.421208e+01	-5.938277e+02
2.640000e-06	-2.085354e-06	-9.920158e-09	-1.511694e+01	-6.520637e+02
2.650000e-06	-2.209451e-06	-1.076906e-08	-1.601653e+01	-7.075151e+02
2.660000e-06	-2.332659e-06	-1.156923e-08	-1.690969e+01	-7.598401e+02
2.670000e-06	-2.454904e-06	-1.231877e-08	-1.779585e+01	-8.088824e+02
2.680000e-06	-2.576275e-06	-1.302193e-08	-1.867568e+01	-8.546513e+02
2.690000e-06	-2.696767e-06	-1.368065e-08	-1.954914e+01	-8.972833e+02
2.700000e-06	-2.816182e-06	-1.429577e-08	-2.041479e+01	-9.369954e+02
2.710000e-06	-2.934425e-06	-1.486848e-08	-2.127195e+01	-9.740397e+02
2.720000e-06	-3.051536e-06	-1.540141e-08	-2.212089e+01	-1.008666e+03
2.730000e-06	-3.167518e-06	-1.589753e-08	-2.296166e+01	-1.041098e+03
2.740000e-06	-3.282170e-06	-1.636154e-08	-2.379278e+01	-1.071524e+03
2.750000e-06	-3.395324e-06	-1.679809e-08	-2.461305e+01	-1.100096e+03
2.760000e-06	-3.507089e-06	-1.720631e-08	-2.542325e+01	-1.126944e+03
2.770000e-06	-3.617529e-06	-1.759147e-08	-2.622383e+01	-1.152181e+03
2.780000e-06	-3.726701e-06	-1.795832e-08	-2.701523e+01	-1.175918e+03
2.790000e-06	-3.834741e-06	-1.830351e-08	-2.779843e+01	-1.198267e+03
2.800000e-06	-3.941588e-06	-1.862478e-08	-2.857298e+01	-1.219343e+03
2.810000e-06	-4.047121e-06	-1.892636e-08	-2.933800e+01	-1.239258e+03
2.820000e-06	-4.151251e-06	-1.921352e-08	-3.009284e+01	-1.258116e+03
2.830000e-06	-4.253813e-06	-1.948724e-08	-3.083632e+01	-1.276007e+03
2.840000e-06	-4.354777e-06	-1.974819e-08	-3.156822e+01	-1.293000e+03
2.850000e-06	-4.454196e-06	-1.999520e-08	-3.228892e+01	-1.309151e+03
2.860000e-06	-4.552136e-06	-2.022827e-08	-3.299890e+01	-1.324498e+03
2.870000e-06	-4.648589e-06	-2.044919e-08	-3.369810e+01	-1.339072e+03
2.880000e-06	-4.743290e-06	-2.065906e-08	-3.438459e+01	-1.352903e+03
2.890000e-06	-4.836175e-06	-2.086234e-08	-3.505793e+01	-1.366023e+03
2.900000e-06	-4.927380e-06	-2.105778e-08	-3.571908e+01	-1.378470e+03
2.910000e-06	-5.016886e-06	-2.124240e-08	-3.636792e+01	-1.390289e+03
2.920000e-06	-5.104528e-06	-2.141674e-08	-3.700324e+01	-1.401528e+03
2.930000e-06	-5.190175e-06	-2.157974e-08	-3.762411e+01	-1.412232e+03
2.940000e-06	-5.273908e-06	-2.173271e-08	-3.823110e+01	-1.422441e+03
2.950000e-06	-5.355861e-06	-2.187927e-08	-3.882518e+01	-1.432183e+03
2.960000e-06	-5.435950e-06	-2.202078e-08	-3.940576e+01	-1.441475e+03
2.970000e-06	-5.513815e-06	-2.215577e-08	-3.997021e+01	-1.450323e+03
2.980000e-06	-5.589414e-06	-2.228254e-08	-4.051823e+01	-1.458727e+03
2.990000e-06	-5.662998e-06	-2.240306e-08	-4.105165e+01	-1.466681e+03
3.000000e-06	-5.734601e-06	-2.251838e-08	-4.157071e+01	-1.474184e+03
3.010000e-06	-5.804047e-06	-2.262622e-08	-4.207413e+01	-1.481239e+03
3.020000e-06	-5.871359e-06	-2.272706e-08	-4.256208e+01	-1.487860e+03
3.030000e-06	-5.936729e-06	-2.282109e-08	-4.303595e+01	-1.494069e+03
3.040000e-06	-6.000043e-06	-2.290826e-08	-4.349493e+01	-1.499899e+03
3.050000e-06	-6.061077e-06	-2.299071e-08	-4.393736e+01	-1.505384e+03
3.060000e-06	-6.119877e-06	-2.307069e-08	-4.436362e+01	-1.510562e+03
3.070000e-06	-6.176613e-06	-2.314859e-08	-4.477490e+01	-1.515466e+03
3.080000e-06	-6.231146e-06	-2.322331e-08	-4.517021e+01	-1.520123e+03
3.090000e-06	-6.283201e-06	-2.329358e-08	-4.554757e+01	-1.524551e+03
3.100000e-06	-6.332662e-06	-2.335763e-08	-4.590612e+01	-1.528759e+03
3.110000e-06	-6.379627e-06	-2.341491e-08	-4.624657e+01	-1.532747e+03
3.120000e-06	-6.424433e-06	-2.347023e-08	-4.657137e+01	-1.536506e+03
3.130000e-06	-6.467200e-06	-2.352342e-08	-4.688139e+01	-1.540029e+03
3.140000e-06	-6.507859e-06	-2.357224e-08	-4.717613e+01	-1.543302e+03
3.150000e-06	-6.546200e-06	-2.361843e-08	-4.745408e+01	-1.546320e+03
3.160000e-06	-6.582100e-06	-2.366291e-08	-4.771432e+01	-1.549079e+03
3.170000e-06	-6.615692e-06	-2.370354e-08	-4.795783e+01	-1.551579e+03
3.180000e-06	-6.646930e-06	-2.373731e-08	-4.818428e+01	-1.553828e+03
3.190000e-06	-6.675730e-06	-2.376773e-08	-4.839305e+01	-1.555834e+03
3.200000e-06	-6.702176e-06	-2.379579e-08	-4.858476e+01	-1.557610e+03
3.210000e-06	-6.726315e-06	-2.381994e-08	-4.875975e+01	-1.559165e+03
3.220000e-06	-6.747975e-06	-2.384203e-08	-4.891676e+01	-1.560508e+03
3.230000e-06	-6.767193e-06	-2.386086e-08	-4.905607e+01	-1.561646e+03
3.240000e-06	-6.784125e-06	-2.387466e-08	-4.917882e+01	-1.562583e+03
3.250000e-06	-6.798440e-06	-2.388416e-08	-4.928259e+01	-1.563325e+03
3.260000e-06	-6.809891e-06	-2.389160e-08	-4.936560e+01	-1.563877e+03
3.270000e-06	-6.818849e-06	-2.389990e-08	-4.943053e+01	-1.564247e+03
3.280000e-06	-6.825386e-06	-2.390516e-08	-4.947792e+01	-1.564446e+03
3.290000e-06	-6.829441e-06	-2.390638e-08	-4.950731e+01	-1.564486e+03
3.300000e-06	-6.831229e-06	-2.390192e-08	-4.952027e+01	-1.564378e+03
