# Temperatura_=_65.96
# Concentracion g/m^3_=_28200.0
# C_Vs_to_Am_M_A/Vsm_=_65563218390.804596
# pendiente_HvsI_1/m_=_3716.3
# ordenada_HvsI_A/m_=_1297.0
# frecuencia_Hz_=_302297.8744828634

Tiempo_(s)	Campo_(V.s)	Magnetizacion_(V.s)	Campo_(kA/m)	Magnetizacion_(A/m)
0.000000e+00	-6.861279e-06	-2.645528e-08	-4.951509e+01	-1.732574e+03
1.000000e-08	-6.858912e-06	-2.645106e-08	-4.949801e+01	-1.732150e+03
2.000000e-08	-6.854168e-06	-2.644206e-08	-4.946377e+01	-1.731557e+03
3.000000e-08	-6.847298e-06	-2.643116e-08	-4.941419e+01	-1.730806e+03
4.000000e-08	-6.838144e-06	-2.642214e-08	-4.934813e+01	-1.729903e+03
5.000000e-08	-6.826464e-06	-2.640828e-08	-4.926384e+01	-1.728845e+03
6.000000e-08	-6.812207e-06	-2.638975e-08	-4.916096e+01	-1.727621e+03
7.000000e-08	-6.795553e-06	-2.635928e-08	-4.904077e+01	-1.726212e+03
8.000000e-08	-6.776887e-06	-2.631297e-08	-4.890607e+01	-1.724604e+03
9.000000e-08	-6.756109e-06	-2.633844e-08	-4.875612e+01	-1.722790e+03
1.000000e-07	-6.732750e-06	-2.635953e-08	-4.858754e+01	-1.720783e+03
1.100000e-07	-6.706551e-06	-2.626551e-08	-4.839848e+01	-1.718610e+03
1.200000e-07	-6.677765e-06	-2.619468e-08	-4.819074e+01	-1.716315e+03
1.300000e-07	-6.646809e-06	-2.618562e-08	-4.796734e+01	-1.713945e+03
1.400000e-07	-6.613685e-06	-2.610905e-08	-4.772830e+01	-1.711541e+03
1.500000e-07	-6.578616e-06	-2.600653e-08	-4.747523e+01	-1.709120e+03
1.600000e-07	-6.541798e-06	-2.611986e-08	-4.720952e+01	-1.706671e+03
1.700000e-07	-6.502950e-06	-2.602037e-08	-4.692917e+01	-1.704149e+03
1.800000e-07	-6.461887e-06	-2.587578e-08	-4.663284e+01	-1.701482e+03
1.900000e-07	-6.418357e-06	-2.595158e-08	-4.631870e+01	-1.698583e+03
2.000000e-07	-6.372378e-06	-2.580105e-08	-4.598688e+01	-1.695368e+03
2.100000e-07	-6.324088e-06	-2.577893e-08	-4.563840e+01	-1.691774e+03
2.200000e-07	-6.273117e-06	-2.577750e-08	-4.527056e+01	-1.687768e+03
2.300000e-07	-6.219483e-06	-2.563992e-08	-4.488351e+01	-1.683357e+03
2.400000e-07	-6.163553e-06	-2.559843e-08	-4.447988e+01	-1.678581e+03
2.500000e-07	-6.105285e-06	-2.549564e-08	-4.405938e+01	-1.673502e+03
2.600000e-07	-6.044736e-06	-2.542199e-08	-4.362243e+01	-1.668186e+03
2.700000e-07	-5.982041e-06	-2.535154e-08	-4.316998e+01	-1.662685e+03
2.800000e-07	-5.917075e-06	-2.525454e-08	-4.270115e+01	-1.657026e+03
2.900000e-07	-5.849809e-06	-2.516244e-08	-4.221572e+01	-1.651203e+03
3.000000e-07	-5.780349e-06	-2.503410e-08	-4.171445e+01	-1.645181e+03
3.100000e-07	-5.708767e-06	-2.496295e-08	-4.119787e+01	-1.638907e+03
3.200000e-07	-5.634988e-06	-2.486274e-08	-4.066544e+01	-1.632324e+03
3.300000e-07	-5.558910e-06	-2.478387e-08	-4.011641e+01	-1.625390e+03
3.400000e-07	-5.480471e-06	-2.467083e-08	-3.955036e+01	-1.618079e+03
3.500000e-07	-5.399818e-06	-2.452178e-08	-3.896831e+01	-1.610395e+03
3.600000e-07	-5.317319e-06	-2.442269e-08	-3.837295e+01	-1.602360e+03
3.700000e-07	-5.233110e-06	-2.428688e-08	-3.776525e+01	-1.594002e+03
3.800000e-07	-5.147187e-06	-2.416258e-08	-3.714518e+01	-1.585347e+03
3.900000e-07	-5.059562e-06	-2.403688e-08	-3.651282e+01	-1.576404e+03
4.000000e-07	-4.970152e-06	-2.389087e-08	-3.586759e+01	-1.567158e+03
4.100000e-07	-4.878931e-06	-2.372160e-08	-3.520928e+01	-1.557572e+03
4.200000e-07	-4.786041e-06	-2.356369e-08	-3.453893e+01	-1.547595e+03
4.300000e-07	-4.691559e-06	-2.341986e-08	-3.385710e+01	-1.537176e+03
4.400000e-07	-4.595404e-06	-2.325033e-08	-3.316318e+01	-1.526271e+03
4.500000e-07	-4.497495e-06	-2.307770e-08	-3.245661e+01	-1.514859e+03
4.600000e-07	-4.397899e-06	-2.290002e-08	-3.173787e+01	-1.502940e+03
4.700000e-07	-4.296686e-06	-2.271095e-08	-3.100745e+01	-1.490528e+03
4.800000e-07	-4.194028e-06	-2.251251e-08	-3.026661e+01	-1.477644e+03
4.900000e-07	-4.089991e-06	-2.231298e-08	-2.951582e+01	-1.464299e+03
5.000000e-07	-3.984377e-06	-2.210667e-08	-2.875364e+01	-1.450483e+03
5.100000e-07	-3.877214e-06	-2.188267e-08	-2.798029e+01	-1.436161e+03
5.200000e-07	-3.768724e-06	-2.164819e-08	-2.719736e+01	-1.421272e+03
5.300000e-07	-3.658947e-06	-2.140697e-08	-2.640515e+01	-1.405740e+03
5.400000e-07	-3.547827e-06	-2.115450e-08	-2.560324e+01	-1.389486e+03
5.500000e-07	-3.435344e-06	-2.088911e-08	-2.479150e+01	-1.372446e+03
5.600000e-07	-3.321403e-06	-2.061451e-08	-2.396923e+01	-1.354574e+03
5.700000e-07	-3.205925e-06	-2.033043e-08	-2.313587e+01	-1.335848e+03
5.800000e-07	-3.089102e-06	-2.003377e-08	-2.229280e+01	-1.316262e+03
5.900000e-07	-2.971192e-06	-1.972460e-08	-2.144189e+01	-1.295813e+03
6.000000e-07	-2.852304e-06	-1.940352e-08	-2.058393e+01	-1.274480e+03
6.100000e-07	-2.732358e-06	-1.906305e-08	-1.971832e+01	-1.252214e+03
6.200000e-07	-2.611285e-06	-1.870202e-08	-1.884460e+01	-1.228928e+03
6.300000e-07	-2.489164e-06	-1.832114e-08	-1.796329e+01	-1.204497e+03
6.400000e-07	-2.366038e-06	-1.792265e-08	-1.707475e+01	-1.178773e+03
6.500000e-07	-2.242035e-06	-1.750463e-08	-1.617986e+01	-1.151597e+03
6.600000e-07	-2.117336e-06	-1.706661e-08	-1.527996e+01	-1.122820e+03
6.700000e-07	-1.992008e-06	-1.660434e-08	-1.437552e+01	-1.092309e+03
6.800000e-07	-1.866040e-06	-1.611180e-08	-1.346646e+01	-1.059955e+03
6.900000e-07	-1.739482e-06	-1.559018e-08	-1.255314e+01	-1.025658e+03
7.000000e-07	-1.612373e-06	-1.503766e-08	-1.163585e+01	-9.893126e+02
7.100000e-07	-1.484621e-06	-1.445193e-08	-1.071392e+01	-9.507913e+02
7.200000e-07	-1.356284e-06	-1.382892e-08	-9.787757e+00	-9.099322e+02
7.300000e-07	-1.227524e-06	-1.316711e-08	-8.858543e+00	-8.665418e+02
7.400000e-07	-1.098397e-06	-1.246032e-08	-7.926685e+00	-8.204164e+02
7.500000e-07	-9.688527e-07	-1.170550e-08	-6.991820e+00	-7.713798e+02
7.600000e-07	-8.389214e-07	-1.090654e-08	-6.054158e+00	-7.193313e+02
7.700000e-07	-7.087263e-07	-1.006973e-08	-5.114592e+00	-6.642933e+02
7.800000e-07	-5.783303e-07	-9.192114e-09	-4.173577e+00	-6.064446e+02
7.900000e-07	-4.477873e-07	-8.274465e-09	-3.231500e+00	-5.461272e+02
8.000000e-07	-3.170899e-07	-7.325886e-09	-2.288310e+00	-4.838214e+02
8.100000e-07	-1.861918e-07	-6.354167e-09	-1.343671e+00	-4.200872e+02
8.200000e-07	-5.518404e-08	-5.369055e-09	-3.982410e-01	-3.554827e+02
8.300000e-07	7.585485e-08	-4.376647e-09	5.474139e-01	-2.904732e+02
8.400000e-07	2.068888e-07	-3.383129e-09	1.493033e+00	-2.253511e+02
8.500000e-07	3.378013e-07	-2.390850e-09	2.437776e+00	-1.601866e+02
8.600000e-07	4.686526e-07	-1.397933e-09	3.382077e+00	-9.481978e+01
8.700000e-07	5.994261e-07	-3.967488e-10	4.325817e+00	-2.890348e+01
8.800000e-07	7.299902e-07	6.205987e-10	5.268045e+00	3.801193e+01
8.900000e-07	8.603203e-07	1.659534e-09	6.208585e+00	1.063648e+02
9.000000e-07	9.903872e-07	2.726017e-09	7.147226e+00	1.764619e+02
9.100000e-07	1.120149e-06	3.822727e-09	8.083667e+00	2.483761e+02
9.200000e-07	1.249501e-06	4.947913e-09	9.017148e+00	3.218827e+02
9.300000e-07	1.378317e-06	6.090304e-09	9.946758e+00	3.964476e+02
9.400000e-07	1.506486e-06	7.233741e-09	1.087170e+01	4.712713e+02
9.500000e-07	1.634022e-06	8.363383e-09	1.179208e+01	5.453784e+02
9.600000e-07	1.761016e-06	9.463318e-09	1.270854e+01	6.177369e+02
9.700000e-07	1.887447e-06	1.051745e-08	1.362095e+01	6.873842e+02
9.800000e-07	2.013242e-06	1.151741e-08	1.452876e+01	7.535350e+02
9.900000e-07	2.138335e-06	1.245777e-08	1.543150e+01	8.156555e+02
1.000000e-06	2.262719e-06	1.333374e-08	1.632913e+01	8.734913e+02
1.010000e-06	2.386317e-06	1.414569e-08	1.722109e+01	9.270506e+02
1.020000e-06	2.508999e-06	1.489914e-08	1.810643e+01	9.765494e+02
1.030000e-06	2.630731e-06	1.559589e-08	1.898493e+01	1.022337e+03
1.040000e-06	2.751309e-06	1.623983e-08	1.985509e+01	1.064814e+03
1.050000e-06	2.870701e-06	1.683884e-08	2.071669e+01	1.104368e+03
1.060000e-06	2.989113e-06	1.739705e-08	2.157123e+01	1.141327e+03
1.070000e-06	3.106532e-06	1.792213e-08	2.241859e+01	1.175940e+03
1.080000e-06	3.222805e-06	1.841322e-08	2.325769e+01	1.208386e+03
1.090000e-06	3.337788e-06	1.887271e-08	2.408747e+01	1.238797e+03
1.100000e-06	3.451385e-06	1.930448e-08	2.490725e+01	1.267283e+03
1.110000e-06	3.563517e-06	1.970823e-08	2.571646e+01	1.293963e+03
1.120000e-06	3.674362e-06	2.008623e-08	2.651639e+01	1.318971e+03
1.130000e-06	3.784089e-06	2.044300e-08	2.730824e+01	1.342463e+03
1.140000e-06	3.892646e-06	2.078063e-08	2.809166e+01	1.364605e+03
1.150000e-06	3.999902e-06	2.110087e-08	2.886568e+01	1.385554e+03
1.160000e-06	4.105708e-06	2.140452e-08	2.962924e+01	1.405443e+03
1.170000e-06	4.209921e-06	2.169427e-08	3.038131e+01	1.424369e+03
1.180000e-06	4.312523e-06	2.196963e-08	3.112174e+01	1.442391e+03
1.190000e-06	4.413646e-06	2.222989e-08	3.185151e+01	1.459538e+03
1.200000e-06	4.513245e-06	2.247735e-08	3.257027e+01	1.475824e+03
1.210000e-06	4.611183e-06	2.271070e-08	3.327705e+01	1.491259e+03
1.220000e-06	4.707346e-06	2.293114e-08	3.397102e+01	1.505867e+03
1.230000e-06	4.801779e-06	2.314081e-08	3.465251e+01	1.519690e+03
1.240000e-06	4.894650e-06	2.334038e-08	3.532272e+01	1.532790e+03
1.250000e-06	4.985910e-06	2.352981e-08	3.598130e+01	1.545236e+03
1.260000e-06	5.075254e-06	2.371114e-08	3.662606e+01	1.557101e+03
1.270000e-06	5.162607e-06	2.388345e-08	3.725645e+01	1.568442e+03
1.280000e-06	5.248142e-06	2.404796e-08	3.787373e+01	1.579301e+03
1.290000e-06	5.331936e-06	2.420452e-08	3.847844e+01	1.589695e+03
1.300000e-06	5.413829e-06	2.435521e-08	3.906943e+01	1.599628e+03
1.310000e-06	5.493646e-06	2.450050e-08	3.964543e+01	1.609090e+03
1.320000e-06	5.571452e-06	2.463973e-08	4.020693e+01	1.618075e+03
1.330000e-06	5.647218e-06	2.477206e-08	4.075370e+01	1.626580e+03
1.340000e-06	5.720726e-06	2.489743e-08	4.128418e+01	1.634618e+03
1.350000e-06	5.792016e-06	2.501554e-08	4.179865e+01	1.642212e+03
1.360000e-06	5.861283e-06	2.512552e-08	4.229852e+01	1.649391e+03
1.370000e-06	5.928538e-06	2.523019e-08	4.278387e+01	1.656185e+03
1.380000e-06	5.993601e-06	2.533111e-08	4.325341e+01	1.662622e+03
1.390000e-06	6.056488e-06	2.542675e-08	4.370723e+01	1.668719e+03
1.400000e-06	6.117392e-06	2.551447e-08	4.414676e+01	1.674486e+03
1.410000e-06	6.176219e-06	2.559536e-08	4.457128e+01	1.679927e+03
1.420000e-06	6.232801e-06	2.567164e-08	4.497961e+01	1.685047e+03
1.430000e-06	6.287134e-06	2.574332e-08	4.537172e+01	1.689856e+03
1.440000e-06	6.339043e-06	2.581158e-08	4.574632e+01	1.694370e+03
1.450000e-06	6.388272e-06	2.587796e-08	4.610159e+01	1.698613e+03
1.460000e-06	6.434968e-06	2.594210e-08	4.643857e+01	1.702612e+03
1.470000e-06	6.479506e-06	2.600214e-08	4.675998e+01	1.706389e+03
1.480000e-06	6.521840e-06	2.605716e-08	4.706549e+01	1.709961e+03
1.490000e-06	6.561695e-06	2.610704e-08	4.735311e+01	1.713330e+03
1.500000e-06	6.599251e-06	2.615264e-08	4.762413e+01	1.716484e+03
1.510000e-06	6.634673e-06	2.619583e-08	4.787977e+01	1.719403e+03
1.520000e-06	6.667711e-06	2.623535e-08	4.811818e+01	1.722063e+03
1.530000e-06	6.698272e-06	2.627037e-08	4.833873e+01	1.724444e+03
1.540000e-06	6.726609e-06	2.630287e-08	4.854323e+01	1.726537e+03
1.550000e-06	6.752563e-06	2.633289e-08	4.873053e+01	1.728346e+03
1.560000e-06	6.775911e-06	2.635980e-08	4.889902e+01	1.729888e+03
1.570000e-06	6.796895e-06	2.638067e-08	4.905045e+01	1.731191e+03
1.580000e-06	6.815596e-06	2.639481e-08	4.918541e+01	1.732283e+03
1.590000e-06	6.831745e-06	2.640563e-08	4.930196e+01	1.733190e+03
1.600000e-06	6.845346e-06	2.641453e-08	4.940011e+01	1.733925e+03
1.610000e-06	6.856241e-06	2.642281e-08	4.947873e+01	1.734493e+03
1.620000e-06	6.864359e-06	2.643006e-08	4.953731e+01	1.734890e+03
1.630000e-06	6.870050e-06	2.643689e-08	4.957839e+01	1.735105e+03
1.640000e-06	6.873416e-06	2.644106e-08	4.960268e+01	1.735130e+03
1.650000e-06	6.874279e-06	2.644280e-08	4.960890e+01	1.734964e+03
1.660000e-06	6.872678e-06	2.643445e-08	4.959735e+01	1.734610e+03
1.670000e-06	6.868914e-06	2.641812e-08	4.957018e+01	1.734082e+03
1.680000e-06	6.862793e-06	2.640672e-08	4.952601e+01	1.733391e+03
1.690000e-06	6.854358e-06	2.639176e-08	4.946514e+01	1.732547e+03
1.700000e-06	6.843851e-06	2.637748e-08	4.938932e+01	1.731551e+03
1.710000e-06	6.830999e-06	2.636635e-08	4.929657e+01	1.730394e+03
1.720000e-06	6.815666e-06	2.636412e-08	4.918592e+01	1.729059e+03
1.730000e-06	6.798185e-06	2.636738e-08	4.905976e+01	1.727530e+03
1.740000e-06	6.778679e-06	2.625218e-08	4.891899e+01	1.725797e+03
1.750000e-06	6.756333e-06	2.618469e-08	4.875773e+01	1.723863e+03
1.760000e-06	6.730613e-06	2.622610e-08	4.857212e+01	1.721750e+03
1.770000e-06	6.702107e-06	2.618909e-08	4.836641e+01	1.719497e+03
1.780000e-06	6.671289e-06	2.613930e-08	4.814400e+01	1.717151e+03
1.790000e-06	6.638596e-06	2.622195e-08	4.790808e+01	1.714756e+03
1.800000e-06	6.604571e-06	2.608128e-08	4.766253e+01	1.712341e+03
1.810000e-06	6.568733e-06	2.597525e-08	4.740390e+01	1.709906e+03
1.820000e-06	6.530276e-06	2.611413e-08	4.712637e+01	1.707420e+03
1.830000e-06	6.489542e-06	2.594306e-08	4.683241e+01	1.704819e+03
1.840000e-06	6.446740e-06	2.601993e-08	4.652353e+01	1.702021e+03
1.850000e-06	6.401641e-06	2.600296e-08	4.619807e+01	1.698940e+03
1.860000e-06	6.354291e-06	2.576540e-08	4.585636e+01	1.695500e+03
1.870000e-06	6.304465e-06	2.585602e-08	4.549679e+01	1.691657e+03
1.880000e-06	6.252277e-06	2.569129e-08	4.512017e+01	1.687402e+03
1.890000e-06	6.197560e-06	2.567269e-08	4.472530e+01	1.682762e+03
1.900000e-06	6.140151e-06	2.567065e-08	4.431099e+01	1.677794e+03
1.910000e-06	6.080562e-06	2.547400e-08	4.388097e+01	1.672563e+03
1.920000e-06	6.018632e-06	2.549352e-08	4.343405e+01	1.667130e+03
1.930000e-06	5.954412e-06	2.534237e-08	4.297059e+01	1.661531e+03
1.940000e-06	5.888176e-06	2.530793e-08	4.249260e+01	1.655775e+03
1.950000e-06	5.819734e-06	2.521655e-08	4.199868e+01	1.649836e+03
1.960000e-06	5.748898e-06	2.506408e-08	4.148748e+01	1.643668e+03
1.970000e-06	5.675731e-06	2.502199e-08	4.095947e+01	1.637212e+03
1.980000e-06	5.600494e-06	2.483004e-08	4.041651e+01	1.630420e+03
1.990000e-06	5.522950e-06	2.479094e-08	3.985690e+01	1.623258e+03
2.000000e-06	5.443207e-06	2.466325e-08	3.928143e+01	1.615719e+03
2.010000e-06	5.361637e-06	2.455766e-08	3.869277e+01	1.607817e+03
2.020000e-06	5.278329e-06	2.445380e-08	3.809158e+01	1.599582e+03
2.030000e-06	5.193119e-06	2.425961e-08	3.747665e+01	1.591042e+03
2.040000e-06	5.105806e-06	2.415103e-08	3.684655e+01	1.582212e+03
2.050000e-06	5.016703e-06	2.398991e-08	3.620353e+01	1.573088e+03
2.060000e-06	4.926011e-06	2.387940e-08	3.554904e+01	1.563641e+03
2.070000e-06	4.833695e-06	2.371162e-08	3.488283e+01	1.553824e+03
2.080000e-06	4.739563e-06	2.356200e-08	3.420352e+01	1.543583e+03
2.090000e-06	4.643660e-06	2.340506e-08	3.351142e+01	1.532873e+03
2.100000e-06	4.546213e-06	2.322597e-08	3.280819e+01	1.521661e+03
2.110000e-06	4.447287e-06	2.306576e-08	3.209428e+01	1.509940e+03
2.120000e-06	4.346899e-06	2.287137e-08	3.136982e+01	1.497719e+03
2.130000e-06	4.244837e-06	2.267987e-08	3.063328e+01	1.485018e+03
2.140000e-06	4.141119e-06	2.245361e-08	2.988479e+01	1.471853e+03
2.150000e-06	4.035888e-06	2.224877e-08	2.912538e+01	1.458224e+03
2.160000e-06	3.929266e-06	2.203350e-08	2.835593e+01	1.444107e+03
2.170000e-06	3.821371e-06	2.182242e-08	2.757729e+01	1.429449e+03
2.180000e-06	3.712140e-06	2.159654e-08	2.678902e+01	1.414178e+03
2.190000e-06	3.601432e-06	2.135923e-08	2.599009e+01	1.398217e+03
2.200000e-06	3.489248e-06	2.110800e-08	2.518050e+01	1.381492e+03
2.210000e-06	3.375712e-06	2.083953e-08	2.436115e+01	1.363950e+03
2.220000e-06	3.260871e-06	2.056484e-08	2.353239e+01	1.345560e+03
2.230000e-06	3.144688e-06	2.026821e-08	2.269395e+01	1.326312e+03
2.240000e-06	3.027116e-06	1.995751e-08	2.184548e+01	1.306203e+03
2.250000e-06	2.908299e-06	1.962905e-08	2.098803e+01	1.285221e+03
2.260000e-06	2.788341e-06	1.929881e-08	2.012233e+01	1.263330e+03
2.270000e-06	2.667314e-06	1.895176e-08	1.924893e+01	1.240457e+03
2.280000e-06	2.545345e-06	1.859339e-08	1.836873e+01	1.216492e+03
2.290000e-06	2.422525e-06	1.821363e-08	1.748238e+01	1.191294e+03
2.300000e-06	2.298959e-06	1.781029e-08	1.659066e+01	1.164707e+03
2.310000e-06	2.174608e-06	1.737955e-08	1.569327e+01	1.136576e+03
2.320000e-06	2.049406e-06	1.692558e-08	1.478974e+01	1.106760e+03
2.330000e-06	1.923435e-06	1.644536e-08	1.388065e+01	1.075142e+03
2.340000e-06	1.796788e-06	1.593159e-08	1.296669e+01	1.041620e+03
2.350000e-06	1.669516e-06	1.538772e-08	1.204822e+01	1.006092e+03
2.360000e-06	1.541653e-06	1.481077e-08	1.112549e+01	9.684426e+02
2.370000e-06	1.413216e-06	1.420215e-08	1.019861e+01	9.285232e+02
2.380000e-06	1.284334e-06	1.355621e-08	9.268524e+00	8.861513e+02
2.390000e-06	1.155132e-06	1.287290e-08	8.336120e+00	8.411236e+02
2.400000e-06	1.025588e-06	1.214517e-08	7.401254e+00	7.932476e+02
2.410000e-06	8.956839e-07	1.136718e-08	6.463790e+00	7.423871e+02
2.420000e-06	7.654683e-07	1.054259e-08	5.524076e+00	6.885111e+02
2.430000e-06	6.350760e-07	9.676217e-09	4.583088e+00	6.317343e+02
2.440000e-06	5.045078e-07	8.773570e-09	3.640830e+00	5.723358e+02
2.450000e-06	3.737441e-07	7.838316e-09	2.697161e+00	5.107468e+02
2.460000e-06	2.428784e-07	6.874988e-09	1.752755e+00	4.475048e+02
2.470000e-06	1.119013e-07	5.892822e-09	8.075463e-01	3.831793e+02
2.480000e-06	-1.914944e-08	4.899781e-09	-1.381938e-01	3.182825e+02
2.490000e-06	-1.501993e-07	3.901636e-09	-1.083928e+00	2.531830e+02
2.500000e-06	-2.812239e-07	2.901786e-09	-2.029479e+00	1.880415e+02
2.510000e-06	-4.121423e-07	1.900737e-09	-2.974265e+00	1.227864e+02
2.520000e-06	-5.429289e-07	8.948776e-10	-3.918099e+00	5.713588e+01
2.530000e-06	-6.736100e-07	-1.212342e-10	-4.861172e+00	-9.331756e+00
2.540000e-06	-8.041448e-07	-1.153900e-09	-5.803189e+00	-7.707378e+01
2.550000e-06	-9.344172e-07	-2.208539e-09	-6.743312e+00	-1.464624e+02
2.560000e-06	-1.064356e-06	-3.287383e-09	-7.681026e+00	-2.176726e+02
2.570000e-06	-1.193975e-06	-4.394281e-09	-8.616436e+00	-2.906009e+02
2.580000e-06	-1.323199e-06	-5.527699e-09	-9.548993e+00	-3.648326e+02
2.590000e-06	-1.451905e-06	-6.674565e-09	-1.047781e+01	-4.396641e+02
2.600000e-06	-1.580096e-06	-7.817409e-09	-1.140292e+01	-5.141758e+02
2.610000e-06	-1.707754e-06	-8.937550e-09	-1.232417e+01	-5.873429e+02
2.620000e-06	-1.834797e-06	-1.002239e-08	-1.324099e+01	-6.581612e+02
2.630000e-06	-1.961151e-06	-1.105963e-08	-1.415284e+01	-7.257647e+02
2.640000e-06	-2.086723e-06	-1.203317e-08	-1.505904e+01	-7.895147e+02
2.650000e-06	-2.211426e-06	-1.293935e-08	-1.595897e+01	-8.490468e+02
2.660000e-06	-2.335146e-06	-1.378295e-08	-1.685181e+01	-9.042707e+02
2.670000e-06	-2.457920e-06	-1.456557e-08	-1.773782e+01	-9.553290e+02
2.680000e-06	-2.579883e-06	-1.529276e-08	-1.861798e+01	-1.002528e+03
2.690000e-06	-2.700950e-06	-1.596937e-08	-1.949167e+01	-1.046258e+03
2.700000e-06	-2.820937e-06	-1.659666e-08	-2.035757e+01	-1.086918e+03
2.710000e-06	-2.939873e-06	-1.717899e-08	-2.121588e+01	-1.124862e+03
2.720000e-06	-3.057699e-06	-1.772374e-08	-2.206618e+01	-1.160372e+03
2.730000e-06	-3.174205e-06	-1.823570e-08	-2.290696e+01	-1.193652e+03
2.740000e-06	-3.289385e-06	-1.871249e-08	-2.373817e+01	-1.224849e+03
2.750000e-06	-3.403237e-06	-1.915654e-08	-2.455979e+01	-1.254079e+03
2.760000e-06	-3.515716e-06	-1.957188e-08	-2.537150e+01	-1.281454e+03
2.770000e-06	-3.626808e-06	-1.996244e-08	-2.617321e+01	-1.307101e+03
2.780000e-06	-3.736571e-06	-2.033343e-08	-2.696533e+01	-1.331170e+03
2.790000e-06	-3.845096e-06	-2.068607e-08	-2.774851e+01	-1.353823e+03
2.800000e-06	-3.952446e-06	-2.101774e-08	-2.852321e+01	-1.375223e+03
2.810000e-06	-4.058546e-06	-2.132804e-08	-2.928889e+01	-1.395515e+03
2.820000e-06	-4.163194e-06	-2.162237e-08	-3.004409e+01	-1.414811e+03
2.830000e-06	-4.266291e-06	-2.190286e-08	-3.078811e+01	-1.433183e+03
2.840000e-06	-4.367708e-06	-2.216993e-08	-3.151999e+01	-1.450672e+03
2.850000e-06	-4.467528e-06	-2.242106e-08	-3.224035e+01	-1.467296e+03
2.860000e-06	-4.565897e-06	-2.265767e-08	-3.295024e+01	-1.483064e+03
2.870000e-06	-4.662757e-06	-2.288335e-08	-3.364924e+01	-1.497993e+03
2.880000e-06	-4.757994e-06	-2.309906e-08	-3.433653e+01	-1.512119e+03
2.890000e-06	-4.851414e-06	-2.330647e-08	-3.501070e+01	-1.525495e+03
2.900000e-06	-4.943043e-06	-2.350533e-08	-3.567195e+01	-1.538189e+03
2.910000e-06	-5.032991e-06	-2.369642e-08	-3.632107e+01	-1.550275e+03
2.920000e-06	-5.121114e-06	-2.387649e-08	-3.695701e+01	-1.561816e+03
2.930000e-06	-5.207240e-06	-2.404497e-08	-3.757855e+01	-1.572861e+03
2.940000e-06	-5.291442e-06	-2.420356e-08	-3.818620e+01	-1.583437e+03
2.950000e-06	-5.373826e-06	-2.435447e-08	-3.878074e+01	-1.593552e+03
2.960000e-06	-5.454308e-06	-2.449833e-08	-3.936154e+01	-1.603201e+03
2.970000e-06	-5.532704e-06	-2.463523e-08	-3.992730e+01	-1.612374e+03
2.980000e-06	-5.608867e-06	-2.476662e-08	-4.047693e+01	-1.621068e+03
2.990000e-06	-5.682855e-06	-2.489184e-08	-4.101088e+01	-1.629288e+03
3.000000e-06	-5.754864e-06	-2.501102e-08	-4.153054e+01	-1.637053e+03
3.010000e-06	-5.824773e-06	-2.512359e-08	-4.203504e+01	-1.644391e+03
3.020000e-06	-5.892507e-06	-2.522982e-08	-4.252385e+01	-1.651333e+03
3.030000e-06	-5.958265e-06	-2.532975e-08	-4.299840e+01	-1.657909e+03
3.040000e-06	-6.021972e-06	-2.542388e-08	-4.345815e+01	-1.664138e+03
3.050000e-06	-6.083438e-06	-2.551114e-08	-4.390172e+01	-1.670034e+03
3.060000e-06	-6.142686e-06	-2.559420e-08	-4.432929e+01	-1.675603e+03
3.070000e-06	-6.199878e-06	-2.567363e-08	-4.474203e+01	-1.680848e+03
3.080000e-06	-6.254923e-06	-2.574983e-08	-4.513926e+01	-1.685778e+03
3.090000e-06	-6.307491e-06	-2.582227e-08	-4.551862e+01	-1.690406e+03
3.100000e-06	-6.357374e-06	-2.588927e-08	-4.587861e+01	-1.694753e+03
3.110000e-06	-6.404665e-06	-2.595043e-08	-4.621989e+01	-1.698845e+03
3.120000e-06	-6.449797e-06	-2.600877e-08	-4.654559e+01	-1.702707e+03
3.130000e-06	-6.492929e-06	-2.606365e-08	-4.685685e+01	-1.706360e+03
3.140000e-06	-6.533909e-06	-2.611433e-08	-4.715259e+01	-1.709809e+03
3.150000e-06	-6.572550e-06	-2.616359e-08	-4.743145e+01	-1.713049e+03
3.160000e-06	-6.608832e-06	-2.621265e-08	-4.769328e+01	-1.716064e+03
3.170000e-06	-6.642835e-06	-2.625962e-08	-4.793866e+01	-1.718829e+03
3.180000e-06	-6.674428e-06	-2.629810e-08	-4.816666e+01	-1.721321e+03
3.190000e-06	-6.703530e-06	-2.633006e-08	-4.837667e+01	-1.723528e+03
3.200000e-06	-6.730232e-06	-2.635719e-08	-4.856937e+01	-1.725448e+03
3.210000e-06	-6.754639e-06	-2.637982e-08	-4.874551e+01	-1.727092e+03
3.220000e-06	-6.776590e-06	-2.639947e-08	-4.890392e+01	-1.728486e+03
3.230000e-06	-6.796046e-06	-2.641891e-08	-4.904433e+01	-1.729658e+03
3.240000e-06	-6.813111e-06	-2.643728e-08	-4.916748e+01	-1.730635e+03
3.250000e-06	-6.827604e-06	-2.645171e-08	-4.927207e+01	-1.731437e+03
3.260000e-06	-6.839339e-06	-2.646170e-08	-4.935676e+01	-1.732072e+03
3.270000e-06	-6.848556e-06	-2.646873e-08	-4.942327e+01	-1.732537e+03
3.280000e-06	-6.855301e-06	-2.647312e-08	-4.947195e+01	-1.732825e+03
3.290000e-06	-6.859518e-06	-2.647424e-08	-4.950238e+01	-1.732926e+03
3.300000e-06	-6.861434e-06	-2.646789e-08	-4.951621e+01	-1.732835e+03
