# Temperatura_=_87.95
# Concentracion g/m^3_=_28200.0
# C_Vs_to_Am_M_A/Vsm_=_65563218390.804596
# pendiente_HvsI_1/m_=_3716.3
# ordenada_HvsI_A/m_=_1297.0
# frecuencia_Hz_=_302111.41602169984

Tiempo_(s)	Campo_(V.s)	Magnetizacion_(V.s)	Campo_(kA/m)	Magnetizacion_(A/m)
0.000000e+00	-6.387355e-06	-2.477853e-08	-4.557391e+01	-1.623374e+03
1.000000e-08	-6.383828e-06	-2.477360e-08	-4.554874e+01	-1.622854e+03
2.000000e-08	-6.378202e-06	-2.476145e-08	-4.550860e+01	-1.622113e+03
3.000000e-08	-6.370720e-06	-2.474744e-08	-4.545522e+01	-1.621164e+03
4.000000e-08	-6.361155e-06	-2.473107e-08	-4.538697e+01	-1.620034e+03
5.000000e-08	-6.349165e-06	-2.471217e-08	-4.530142e+01	-1.618758e+03
6.000000e-08	-6.334759e-06	-2.468468e-08	-4.519863e+01	-1.617371e+03
7.000000e-08	-6.318129e-06	-2.464891e-08	-4.507998e+01	-1.615901e+03
8.000000e-08	-6.299520e-06	-2.464561e-08	-4.494720e+01	-1.614363e+03
9.000000e-08	-6.278686e-06	-2.467278e-08	-4.479856e+01	-1.612753e+03
1.000000e-07	-6.255284e-06	-2.463479e-08	-4.463158e+01	-1.611050e+03
1.100000e-07	-6.229330e-06	-2.457024e-08	-4.444639e+01	-1.609217e+03
1.200000e-07	-6.201171e-06	-2.454237e-08	-4.424548e+01	-1.607205e+03
1.300000e-07	-6.171116e-06	-2.446023e-08	-4.403104e+01	-1.604964e+03
1.400000e-07	-6.139444e-06	-2.434200e-08	-4.380506e+01	-1.602447e+03
1.500000e-07	-6.105977e-06	-2.440508e-08	-4.356627e+01	-1.599618e+03
1.600000e-07	-6.070441e-06	-2.435631e-08	-4.331272e+01	-1.596457e+03
1.700000e-07	-6.032985e-06	-2.425455e-08	-4.304547e+01	-1.592961e+03
1.800000e-07	-5.993427e-06	-2.428740e-08	-4.276323e+01	-1.589145e+03
1.900000e-07	-5.951530e-06	-2.416500e-08	-4.246429e+01	-1.585037e+03
2.000000e-07	-5.907486e-06	-2.410175e-08	-4.215004e+01	-1.580672e+03
2.100000e-07	-5.861356e-06	-2.408604e-08	-4.182089e+01	-1.576091e+03
2.200000e-07	-5.812908e-06	-2.398289e-08	-4.147522e+01	-1.571328e+03
2.300000e-07	-5.761960e-06	-2.390972e-08	-4.111170e+01	-1.566411e+03
2.400000e-07	-5.708527e-06	-2.381798e-08	-4.073046e+01	-1.561353e+03
2.500000e-07	-5.652923e-06	-2.373056e-08	-4.033372e+01	-1.556155e+03
2.600000e-07	-5.595149e-06	-2.366497e-08	-3.992150e+01	-1.550800e+03
2.700000e-07	-5.535232e-06	-2.357186e-08	-3.949399e+01	-1.545262e+03
2.800000e-07	-5.473428e-06	-2.348499e-08	-3.905302e+01	-1.539505e+03
2.900000e-07	-5.409659e-06	-2.337708e-08	-3.859803e+01	-1.533494e+03
3.000000e-07	-5.343693e-06	-2.329197e-08	-3.812736e+01	-1.527194e+03
3.100000e-07	-5.275628e-06	-2.319765e-08	-3.764171e+01	-1.520583e+03
3.200000e-07	-5.205673e-06	-2.309667e-08	-3.714259e+01	-1.513647e+03
3.300000e-07	-5.133907e-06	-2.298997e-08	-3.663053e+01	-1.506386e+03
3.400000e-07	-5.060255e-06	-2.285251e-08	-3.610502e+01	-1.498806e+03
3.500000e-07	-4.984512e-06	-2.274192e-08	-3.556459e+01	-1.490921e+03
3.600000e-07	-4.906673e-06	-2.261415e-08	-3.500921e+01	-1.482741e+03
3.700000e-07	-4.826811e-06	-2.248901e-08	-3.443939e+01	-1.474270e+03
3.800000e-07	-4.745119e-06	-2.236131e-08	-3.385652e+01	-1.465501e+03
3.900000e-07	-4.661852e-06	-2.221316e-08	-3.326241e+01	-1.456416e+03
4.000000e-07	-4.577168e-06	-2.206128e-08	-3.265819e+01	-1.446990e+03
4.100000e-07	-4.491065e-06	-2.190876e-08	-3.204384e+01	-1.437191e+03
4.200000e-07	-4.403518e-06	-2.176135e-08	-3.141919e+01	-1.426989e+03
4.300000e-07	-4.314515e-06	-2.159884e-08	-3.078416e+01	-1.416361e+03
4.400000e-07	-4.223815e-06	-2.143022e-08	-3.013701e+01	-1.405296e+03
4.500000e-07	-4.131449e-06	-2.125651e-08	-2.947797e+01	-1.393790e+03
4.600000e-07	-4.037692e-06	-2.107122e-08	-2.880901e+01	-1.381849e+03
4.700000e-07	-3.942623e-06	-2.087924e-08	-2.813069e+01	-1.369476e+03
4.800000e-07	-3.846176e-06	-2.068625e-08	-2.744254e+01	-1.356673e+03
4.900000e-07	-3.748291e-06	-2.048598e-08	-2.674413e+01	-1.343426e+03
5.000000e-07	-3.648916e-06	-2.027065e-08	-2.603509e+01	-1.329709e+03
5.100000e-07	-3.548137e-06	-2.004655e-08	-2.531603e+01	-1.315479e+03
5.200000e-07	-3.446183e-06	-1.981867e-08	-2.458858e+01	-1.300685e+03
5.300000e-07	-3.342981e-06	-1.958374e-08	-2.385223e+01	-1.285272e+03
5.400000e-07	-3.238476e-06	-1.933872e-08	-2.310659e+01	-1.269187e+03
5.500000e-07	-3.132780e-06	-1.908268e-08	-2.235245e+01	-1.252389e+03
5.600000e-07	-3.025803e-06	-1.881538e-08	-2.158916e+01	-1.234847e+03
5.700000e-07	-2.917645e-06	-1.853557e-08	-2.081745e+01	-1.216538e+03
5.800000e-07	-2.808480e-06	-1.824101e-08	-2.003856e+01	-1.197442e+03
5.900000e-07	-2.698405e-06	-1.793707e-08	-1.925317e+01	-1.177534e+03
6.000000e-07	-2.587390e-06	-1.761655e-08	-1.846108e+01	-1.156772e+03
6.100000e-07	-2.475226e-06	-1.728162e-08	-1.766079e+01	-1.135095e+03
6.200000e-07	-2.362096e-06	-1.693302e-08	-1.685360e+01	-1.112419e+03
6.300000e-07	-2.248051e-06	-1.656861e-08	-1.603989e+01	-1.088644e+03
6.400000e-07	-2.132932e-06	-1.618771e-08	-1.521851e+01	-1.063656e+03
6.500000e-07	-2.016861e-06	-1.578426e-08	-1.439034e+01	-1.037339e+03
6.600000e-07	-1.900056e-06	-1.535767e-08	-1.355694e+01	-1.009584e+03
6.700000e-07	-1.782636e-06	-1.490836e-08	-1.271915e+01	-9.802870e+02
6.800000e-07	-1.664641e-06	-1.443547e-08	-1.187725e+01	-9.493518e+02
6.900000e-07	-1.546179e-06	-1.393472e-08	-1.103202e+01	-9.166794e+02
7.000000e-07	-1.427274e-06	-1.340697e-08	-1.018363e+01	-8.821612e+02
7.100000e-07	-1.307832e-06	-1.284802e-08	-9.331408e+00	-8.456720e+02
7.200000e-07	-1.187809e-06	-1.225821e-08	-8.475040e+00	-8.070702e+02
7.300000e-07	-1.067301e-06	-1.163462e-08	-7.615217e+00	-7.662076e+02
7.400000e-07	-9.464216e-07	-1.097458e-08	-6.752737e+00	-7.229496e+02
7.500000e-07	-8.252429e-07	-1.027910e-08	-5.888125e+00	-6.772043e+02
7.600000e-07	-7.038425e-07	-9.543704e-09	-5.021930e+00	-6.289528e+02
7.700000e-07	-5.822626e-07	-8.766540e-09	-4.154455e+00	-5.782760e+02
7.800000e-07	-4.605384e-07	-7.955958e-09	-3.285951e+00	-5.253677e+02
7.900000e-07	-3.386022e-07	-7.122580e-09	-2.415934e+00	-4.705291e+02
8.000000e-07	-2.165138e-07	-6.265126e-09	-1.544830e+00	-4.141409e+02
8.100000e-07	-9.436689e-08	-5.389758e-09	-6.733097e-01	-3.566166e+02
8.200000e-07	2.785343e-08	-4.503022e-09	1.987348e-01	-2.983435e+02
8.300000e-07	1.501070e-07	-3.609643e-09	1.071016e+00	-2.396220e+02
8.400000e-07	2.723412e-07	-2.711594e-09	1.943160e+00	-1.806168e+02
8.500000e-07	3.944954e-07	-1.808276e-09	2.814732e+00	-1.213319e+02
8.600000e-07	5.165540e-07	-8.981689e-10	3.685623e+00	-6.161601e+01
8.700000e-07	6.384626e-07	2.143494e-11	4.555444e+00	-1.201457e+00
8.800000e-07	7.602300e-07	9.561717e-10	5.424257e+00	6.022921e+01
8.900000e-07	8.817939e-07	1.911354e-09	6.291617e+00	1.229599e+02
9.000000e-07	1.003103e-06	2.887426e-09	7.157163e+00	1.871564e+02
9.100000e-07	1.124095e-06	3.885022e-09	8.020438e+00	2.527971e+02
9.200000e-07	1.244666e-06	4.900978e-09	8.880715e+00	3.196327e+02
9.300000e-07	1.364688e-06	5.929445e-09	9.737079e+00	3.871837e+02
9.400000e-07	1.484136e-06	6.959604e-09	1.058934e+01	4.547770e+02
9.500000e-07	1.603126e-06	7.977910e-09	1.143833e+01	5.216151e+02
9.600000e-07	1.721563e-06	8.972364e-09	1.228339e+01	5.868656e+02
9.700000e-07	1.839345e-06	9.927402e-09	1.312376e+01	6.497541e+02
9.800000e-07	1.956443e-06	1.083360e-08	1.395926e+01	7.096463e+02
9.900000e-07	2.072832e-06	1.168708e-08	1.478970e+01	7.661025e+02
1.000000e-06	2.188326e-06	1.248636e-08	1.561375e+01	8.189016e+02
1.010000e-06	2.302818e-06	1.323035e-08	1.643065e+01	8.680292e+02
1.020000e-06	2.416394e-06	1.392233e-08	1.724102e+01	9.136397e+02
1.030000e-06	2.529022e-06	1.456644e-08	1.804462e+01	9.560000e+02
1.040000e-06	2.640555e-06	1.516650e-08	1.884041e+01	9.954288e+02
1.050000e-06	2.751073e-06	1.572652e-08	1.962897e+01	1.032244e+03
1.060000e-06	2.860720e-06	1.625125e-08	2.041130e+01	1.066724e+03
1.070000e-06	2.969519e-06	1.674148e-08	2.118758e+01	1.099092e+03
1.080000e-06	3.077367e-06	1.720292e-08	2.195708e+01	1.129514e+03
1.090000e-06	3.184055e-06	1.763792e-08	2.271830e+01	1.158114e+03
1.100000e-06	3.289513e-06	1.804560e-08	2.347075e+01	1.184996e+03
1.110000e-06	3.393658e-06	1.842842e-08	2.421382e+01	1.210262e+03
1.120000e-06	3.496539e-06	1.878927e-08	2.494788e+01	1.234024e+03
1.130000e-06	3.598311e-06	1.913149e-08	2.567402e+01	1.256406e+03
1.140000e-06	3.698946e-06	1.945736e-08	2.639206e+01	1.277542e+03
1.150000e-06	3.798255e-06	1.976601e-08	2.710063e+01	1.297561e+03
1.160000e-06	3.896159e-06	2.005651e-08	2.779918e+01	1.316575e+03
1.170000e-06	3.992513e-06	2.033032e-08	2.848666e+01	1.334670e+03
1.180000e-06	4.087378e-06	2.058911e-08	2.916353e+01	1.351903e+03
1.190000e-06	4.181016e-06	2.083727e-08	2.983164e+01	1.368308e+03
1.200000e-06	4.273384e-06	2.107307e-08	3.049068e+01	1.383904e+03
1.210000e-06	4.364309e-06	2.129919e-08	3.113943e+01	1.398708e+03
1.220000e-06	4.453501e-06	2.151295e-08	3.177582e+01	1.412743e+03
1.230000e-06	4.540963e-06	2.171448e-08	3.239987e+01	1.426051e+03
1.240000e-06	4.626851e-06	2.190617e-08	3.301267e+01	1.438686e+03
1.250000e-06	4.711138e-06	2.208964e-08	3.361407e+01	1.450712e+03
1.260000e-06	4.793821e-06	2.226465e-08	3.420401e+01	1.462194e+03
1.270000e-06	4.874730e-06	2.243346e-08	3.478130e+01	1.473186e+03
1.280000e-06	4.953774e-06	2.259585e-08	3.534528e+01	1.483721e+03
1.290000e-06	5.031066e-06	2.275137e-08	3.589676e+01	1.493813e+03
1.300000e-06	5.106490e-06	2.289899e-08	3.643491e+01	1.503454e+03
1.310000e-06	5.179836e-06	2.303808e-08	3.695824e+01	1.512625e+03
1.320000e-06	5.251182e-06	2.317042e-08	3.746729e+01	1.521306e+03
1.330000e-06	5.320741e-06	2.329553e-08	3.796359e+01	1.529486e+03
1.340000e-06	5.388462e-06	2.341316e-08	3.844678e+01	1.537169e+03
1.350000e-06	5.454136e-06	2.352469e-08	3.891537e+01	1.544381e+03
1.360000e-06	5.517756e-06	2.363104e-08	3.936930e+01	1.551162e+03
1.370000e-06	5.579503e-06	2.372996e-08	3.980987e+01	1.557563e+03
1.380000e-06	5.639450e-06	2.382363e-08	4.023759e+01	1.563638e+03
1.390000e-06	5.697446e-06	2.391262e-08	4.065139e+01	1.569429e+03
1.400000e-06	5.753298e-06	2.399788e-08	4.104990e+01	1.574968e+03
1.410000e-06	5.807016e-06	2.407882e-08	4.143318e+01	1.580269e+03
1.420000e-06	5.858484e-06	2.415500e-08	4.180040e+01	1.585330e+03
1.430000e-06	5.907502e-06	2.422680e-08	4.215014e+01	1.590143e+03
1.440000e-06	5.954319e-06	2.429402e-08	4.248419e+01	1.594695e+03
1.450000e-06	5.999236e-06	2.435806e-08	4.280467e+01	1.598976e+03
1.460000e-06	6.042063e-06	2.441977e-08	4.311024e+01	1.602982e+03
1.470000e-06	6.082593e-06	2.447990e-08	4.339943e+01	1.606717e+03
1.480000e-06	6.120971e-06	2.453667e-08	4.367325e+01	1.610189e+03
1.490000e-06	6.157390e-06	2.458654e-08	4.393310e+01	1.613409e+03
1.500000e-06	6.191681e-06	2.463097e-08	4.417777e+01	1.616384e+03
1.510000e-06	6.223599e-06	2.466948e-08	4.440551e+01	1.619115e+03
1.520000e-06	6.253328e-06	2.470363e-08	4.461762e+01	1.621600e+03
1.530000e-06	6.281061e-06	2.473700e-08	4.481550e+01	1.623831e+03
1.540000e-06	6.306458e-06	2.476663e-08	4.499671e+01	1.625805e+03
1.550000e-06	6.329374e-06	2.479121e-08	4.516021e+01	1.627519e+03
1.560000e-06	6.350167e-06	2.481276e-08	4.530857e+01	1.628983e+03
1.570000e-06	6.368889e-06	2.483549e-08	4.544216e+01	1.630211e+03
1.580000e-06	6.385219e-06	2.485508e-08	4.555867e+01	1.631225e+03
1.590000e-06	6.399088e-06	2.486870e-08	4.565762e+01	1.632051e+03
1.600000e-06	6.410415e-06	2.487810e-08	4.573844e+01	1.632709e+03
1.610000e-06	6.419162e-06	2.488640e-08	4.580085e+01	1.633213e+03
1.620000e-06	6.425626e-06	2.489377e-08	4.584698e+01	1.633563e+03
1.630000e-06	6.429959e-06	2.489632e-08	4.587789e+01	1.633751e+03
1.640000e-06	6.432021e-06	2.489653e-08	4.589260e+01	1.633758e+03
1.650000e-06	6.431748e-06	2.489411e-08	4.589065e+01	1.633565e+03
1.660000e-06	6.429383e-06	2.488216e-08	4.587378e+01	1.633154e+03
1.670000e-06	6.424984e-06	2.487243e-08	4.584239e+01	1.632520e+03
1.680000e-06	6.418353e-06	2.486639e-08	4.579508e+01	1.631670e+03
1.690000e-06	6.409604e-06	2.485846e-08	4.573266e+01	1.630624e+03
1.700000e-06	6.398873e-06	2.484650e-08	4.565609e+01	1.629415e+03
1.710000e-06	6.385880e-06	2.483019e-08	4.556338e+01	1.628076e+03
1.720000e-06	6.370550e-06	2.482352e-08	4.545400e+01	1.626643e+03
1.730000e-06	6.353280e-06	2.476196e-08	4.533078e+01	1.625135e+03
1.740000e-06	6.333912e-06	2.468141e-08	4.519259e+01	1.623560e+03
1.750000e-06	6.311572e-06	2.468262e-08	4.503320e+01	1.621906e+03
1.760000e-06	6.286123e-06	2.467950e-08	4.485161e+01	1.620141e+03
1.770000e-06	6.258420e-06	2.463032e-08	4.465395e+01	1.618222e+03
1.780000e-06	6.228906e-06	2.468678e-08	4.444337e+01	1.616100e+03
1.790000e-06	6.197823e-06	2.464067e-08	4.422159e+01	1.613723e+03
1.800000e-06	6.165262e-06	2.458974e-08	4.398927e+01	1.611051e+03
1.810000e-06	6.130650e-06	2.463272e-08	4.374231e+01	1.608055e+03
1.820000e-06	6.093952e-06	2.444908e-08	4.348047e+01	1.604723e+03
1.830000e-06	6.055132e-06	2.440747e-08	4.320349e+01	1.601062e+03
1.840000e-06	6.013936e-06	2.440909e-08	4.290955e+01	1.597094e+03
1.850000e-06	5.970733e-06	2.422030e-08	4.260130e+01	1.592850e+03
1.860000e-06	5.925490e-06	2.420457e-08	4.227849e+01	1.588369e+03
1.870000e-06	5.878063e-06	2.412551e-08	4.194010e+01	1.583691e+03
1.880000e-06	5.828574e-06	2.406498e-08	4.158700e+01	1.578846e+03
1.890000e-06	5.776525e-06	2.406453e-08	4.121562e+01	1.573855e+03
1.900000e-06	5.721923e-06	2.389279e-08	4.082604e+01	1.568726e+03
1.910000e-06	5.665110e-06	2.385725e-08	4.042067e+01	1.563449e+03
1.920000e-06	5.606302e-06	2.376703e-08	4.000108e+01	1.558004e+03
1.930000e-06	5.545671e-06	2.365833e-08	3.956848e+01	1.552359e+03
1.940000e-06	5.482839e-06	2.361177e-08	3.912016e+01	1.546477e+03
1.950000e-06	5.417832e-06	2.348043e-08	3.865634e+01	1.540323e+03
1.960000e-06	5.350934e-06	2.341889e-08	3.817903e+01	1.533868e+03
1.970000e-06	5.282124e-06	2.327340e-08	3.768806e+01	1.527092e+03
1.980000e-06	5.211170e-06	2.316164e-08	3.718180e+01	1.519991e+03
1.990000e-06	5.138166e-06	2.308073e-08	3.666092e+01	1.512566e+03
2.000000e-06	5.063432e-06	2.295117e-08	3.612769e+01	1.504830e+03
2.010000e-06	4.986731e-06	2.286193e-08	3.558043e+01	1.496794e+03
2.020000e-06	4.907919e-06	2.269730e-08	3.501810e+01	1.488466e+03
2.030000e-06	4.827205e-06	2.257350e-08	3.444221e+01	1.479845e+03
2.040000e-06	4.744888e-06	2.243569e-08	3.385487e+01	1.470918e+03
2.050000e-06	4.661049e-06	2.229065e-08	3.325668e+01	1.461664e+03
2.060000e-06	4.575603e-06	2.215778e-08	3.264702e+01	1.452053e+03
2.070000e-06	4.488464e-06	2.199733e-08	3.202528e+01	1.442053e+03
2.080000e-06	4.399595e-06	2.185348e-08	3.139120e+01	1.431638e+03
2.090000e-06	4.309317e-06	2.167459e-08	3.074706e+01	1.420791e+03
2.100000e-06	4.217683e-06	2.151149e-08	3.009326e+01	1.409502e+03
2.110000e-06	4.124598e-06	2.133261e-08	2.942909e+01	1.397775e+03
2.120000e-06	4.030021e-06	2.114437e-08	2.875428e+01	1.385616e+03
2.130000e-06	3.933922e-06	2.094983e-08	2.806861e+01	1.373026e+03
2.140000e-06	3.836503e-06	2.074973e-08	2.737353e+01	1.360001e+03
2.150000e-06	3.737811e-06	2.055424e-08	2.666935e+01	1.346520e+03
2.160000e-06	3.637799e-06	2.034179e-08	2.595577e+01	1.332550e+03
2.170000e-06	3.536431e-06	2.012692e-08	2.523251e+01	1.318043e+03
2.180000e-06	3.433605e-06	1.989312e-08	2.449884e+01	1.302944e+03
2.190000e-06	3.329400e-06	1.965310e-08	2.375534e+01	1.287198e+03
2.200000e-06	3.224056e-06	1.940076e-08	2.300370e+01	1.270759e+03
2.210000e-06	3.117680e-06	1.914362e-08	2.224471e+01	1.253590e+03
2.220000e-06	3.010185e-06	1.887352e-08	2.147773e+01	1.235664e+03
2.230000e-06	2.901575e-06	1.858878e-08	2.070279e+01	1.216962e+03
2.240000e-06	2.792009e-06	1.829294e-08	1.992104e+01	1.197461e+03
2.250000e-06	2.681403e-06	1.798501e-08	1.913186e+01	1.177130e+03
2.260000e-06	2.569716e-06	1.766550e-08	1.833498e+01	1.155917e+03
2.270000e-06	2.457010e-06	1.732853e-08	1.753082e+01	1.133750e+03
2.280000e-06	2.343334e-06	1.697674e-08	1.671974e+01	1.110536e+03
2.290000e-06	2.228768e-06	1.660352e-08	1.590230e+01	1.086166e+03
2.300000e-06	2.113320e-06	1.621200e-08	1.507858e+01	1.060525e+03
2.310000e-06	1.996968e-06	1.580344e-08	1.424841e+01	1.033500e+03
2.320000e-06	1.879835e-06	1.537653e-08	1.341266e+01	1.004984e+03
2.330000e-06	1.762090e-06	1.492315e-08	1.257255e+01	9.748779e+02
2.340000e-06	1.643711e-06	1.444057e-08	1.172791e+01	9.430844e+02
2.350000e-06	1.524718e-06	1.392738e-08	1.087890e+01	9.095011e+02
2.360000e-06	1.405071e-06	1.338424e-08	1.002521e+01	8.740118e+02
2.370000e-06	1.284881e-06	1.281075e-08	9.167651e+00	8.364823e+02
2.380000e-06	1.164331e-06	1.220404e-08	8.307522e+00	7.967659e+02
2.390000e-06	1.043405e-06	1.156431e-08	7.444712e+00	7.547180e+02
2.400000e-06	9.221435e-07	1.088804e-08	6.579513e+00	7.102216e+02
2.410000e-06	8.005722e-07	1.017329e-08	5.712099e+00	6.632173e+02
2.420000e-06	6.787581e-07	9.418744e-09	4.842952e+00	6.137336e+02
2.430000e-06	5.567695e-07	8.628961e-09	3.972562e+00	5.619073e+02
2.440000e-06	4.346778e-07	7.808192e-09	3.101435e+00	5.079879e+02
2.450000e-06	3.125152e-07	6.958143e-09	2.229802e+00	4.523211e+02
2.460000e-06	1.902360e-07	6.086055e-09	1.357338e+00	3.953109e+02
2.470000e-06	6.784488e-08	5.199858e-09	4.840746e-01	3.373654e+02
2.480000e-06	-5.455778e-08	4.305299e-09	-3.892708e-01	2.788356e+02
2.490000e-06	-1.769389e-07	3.403363e-09	-1.262462e+00	2.199590e+02
2.500000e-06	-2.992747e-07	2.496936e-09	-2.135331e+00	1.608213e+02
2.510000e-06	-4.214869e-07	1.587783e-09	-3.007318e+00	1.013459e+02
2.520000e-06	-5.436091e-07	6.694029e-10	-3.878662e+00	4.131658e+01
2.530000e-06	-6.656702e-07	-2.620553e-10	-4.749571e+00	-1.956886e+01
2.540000e-06	-7.875443e-07	-1.208783e-09	-5.619145e+00	-8.162201e+01
2.550000e-06	-9.091306e-07	-2.175257e-09	-6.486666e+00	-1.450777e+02
2.560000e-06	-1.030416e-06	-3.165013e-09	-7.352039e+00	-2.100152e+02
2.570000e-06	-1.151331e-06	-4.175888e-09	-8.214773e+00	-2.763018e+02
2.580000e-06	-1.271846e-06	-5.201904e-09	-9.074644e+00	-3.435708e+02
2.590000e-06	-1.391947e-06	-6.236277e-09	-9.931568e+00	-4.112393e+02
2.600000e-06	-1.511452e-06	-7.270203e-09	-1.078424e+01	-4.785616e+02
2.610000e-06	-1.630197e-06	-8.290035e-09	-1.163149e+01	-5.447108e+02
2.620000e-06	-1.748283e-06	-9.275851e-09	-1.247404e+01	-6.088725e+02
2.630000e-06	-1.865728e-06	-1.021367e-08	-1.331201e+01	-6.703334e+02
2.640000e-06	-1.982354e-06	-1.110211e-08	-1.414413e+01	-7.285515e+02
2.650000e-06	-2.098089e-06	-1.193761e-08	-1.496991e+01	-7.831957e+02
2.660000e-06	-2.212911e-06	-1.271548e-08	-1.578917e+01	-8.341516e+02
2.670000e-06	-2.326632e-06	-1.343986e-08	-1.660057e+01	-8.814954e+02
2.680000e-06	-2.439341e-06	-1.411721e-08	-1.740475e+01	-9.254452e+02
2.690000e-06	-2.551136e-06	-1.474851e-08	-1.820241e+01	-9.663013e+02
2.700000e-06	-2.661797e-06	-1.533636e-08	-1.899197e+01	-1.004388e+03
2.710000e-06	-2.771487e-06	-1.588530e-08	-1.977462e+01	-1.040007e+03
2.720000e-06	-2.880320e-06	-1.639908e-08	-2.055114e+01	-1.073409e+03
2.730000e-06	-2.988192e-06	-1.687768e-08	-2.132081e+01	-1.104788e+03
2.740000e-06	-3.095132e-06	-1.732486e-08	-2.208383e+01	-1.134288e+03
2.750000e-06	-3.201032e-06	-1.774542e-08	-2.283943e+01	-1.162019e+03
2.760000e-06	-3.305796e-06	-1.814030e-08	-2.358692e+01	-1.188083e+03
2.770000e-06	-3.409335e-06	-1.851425e-08	-2.432568e+01	-1.212584e+03
2.780000e-06	-3.511576e-06	-1.886723e-08	-2.505517e+01	-1.235642e+03
2.790000e-06	-3.612440e-06	-1.920033e-08	-2.577484e+01	-1.257387e+03
2.800000e-06	-3.712040e-06	-1.951665e-08	-2.648548e+01	-1.277952e+03
2.810000e-06	-3.810434e-06	-1.981762e-08	-2.718752e+01	-1.297458e+03
2.820000e-06	-3.907639e-06	-2.010333e-08	-2.788108e+01	-1.316006e+03
2.830000e-06	-4.003577e-06	-2.037306e-08	-2.856560e+01	-1.333667e+03
2.840000e-06	-4.098035e-06	-2.062770e-08	-2.923956e+01	-1.350485e+03
2.850000e-06	-4.190948e-06	-2.086936e-08	-2.990250e+01	-1.366487e+03
2.860000e-06	-4.282339e-06	-2.109969e-08	-3.055457e+01	-1.381687e+03
2.870000e-06	-4.372262e-06	-2.132013e-08	-3.119618e+01	-1.396105e+03
2.880000e-06	-4.460599e-06	-2.153177e-08	-3.182646e+01	-1.409773e+03
2.890000e-06	-4.547272e-06	-2.173342e-08	-3.244488e+01	-1.422739e+03
2.900000e-06	-4.632151e-06	-2.192384e-08	-3.305049e+01	-1.435063e+03
2.910000e-06	-4.715358e-06	-2.210337e-08	-3.364418e+01	-1.446813e+03
2.920000e-06	-4.797056e-06	-2.227493e-08	-3.422709e+01	-1.458046e+03
2.930000e-06	-4.877068e-06	-2.243861e-08	-3.479798e+01	-1.468809e+03
2.940000e-06	-4.955110e-06	-2.259504e-08	-3.535481e+01	-1.479125e+03
2.950000e-06	-5.031100e-06	-2.274378e-08	-3.589700e+01	-1.488996e+03
2.960000e-06	-5.105200e-06	-2.288296e-08	-3.642571e+01	-1.498407e+03
2.970000e-06	-5.177434e-06	-2.301667e-08	-3.694110e+01	-1.507338e+03
2.980000e-06	-5.247762e-06	-2.314429e-08	-3.744289e+01	-1.515771e+03
2.990000e-06	-5.316157e-06	-2.326517e-08	-3.793089e+01	-1.523703e+03
3.000000e-06	-5.382641e-06	-2.337977e-08	-3.840525e+01	-1.531149e+03
3.010000e-06	-5.447330e-06	-2.348689e-08	-3.886681e+01	-1.538142e+03
3.020000e-06	-5.510074e-06	-2.358775e-08	-3.931449e+01	-1.544729e+03
3.030000e-06	-5.570672e-06	-2.368173e-08	-3.974686e+01	-1.550963e+03
3.040000e-06	-5.629289e-06	-2.377067e-08	-4.016509e+01	-1.556894e+03
3.050000e-06	-5.686081e-06	-2.385621e-08	-4.057030e+01	-1.562559e+03
3.060000e-06	-5.740834e-06	-2.393813e-08	-4.096097e+01	-1.567980e+03
3.070000e-06	-5.793213e-06	-2.401519e-08	-4.133469e+01	-1.573164e+03
3.080000e-06	-5.843050e-06	-2.408953e-08	-4.169028e+01	-1.578106e+03
3.090000e-06	-5.890473e-06	-2.416169e-08	-4.202864e+01	-1.582792e+03
3.100000e-06	-5.935928e-06	-2.422991e-08	-4.235297e+01	-1.587211e+03
3.110000e-06	-5.979598e-06	-2.429415e-08	-4.266455e+01	-1.591357e+03
3.120000e-06	-6.021300e-06	-2.435248e-08	-4.296210e+01	-1.595229e+03
3.130000e-06	-6.060917e-06	-2.440566e-08	-4.324477e+01	-1.598834e+03
3.140000e-06	-6.098344e-06	-2.445719e-08	-4.351181e+01	-1.602182e+03
3.150000e-06	-6.133618e-06	-2.450615e-08	-4.376349e+01	-1.605281e+03
3.160000e-06	-6.166838e-06	-2.455128e-08	-4.400051e+01	-1.608137e+03
3.170000e-06	-6.197790e-06	-2.459000e-08	-4.422136e+01	-1.610748e+03
3.180000e-06	-6.226372e-06	-2.462376e-08	-4.442529e+01	-1.613109e+03
3.190000e-06	-6.252713e-06	-2.465274e-08	-4.461323e+01	-1.615214e+03
3.200000e-06	-6.276924e-06	-2.467812e-08	-4.478598e+01	-1.617060e+03
3.210000e-06	-6.298891e-06	-2.470188e-08	-4.494271e+01	-1.618650e+03
3.220000e-06	-6.318586e-06	-2.472392e-08	-4.508324e+01	-1.619996e+03
3.230000e-06	-6.336153e-06	-2.474307e-08	-4.520858e+01	-1.621117e+03
3.240000e-06	-6.351272e-06	-2.475877e-08	-4.531645e+01	-1.622036e+03
3.250000e-06	-6.363710e-06	-2.477112e-08	-4.540520e+01	-1.622779e+03
3.260000e-06	-6.373695e-06	-2.477912e-08	-4.547644e+01	-1.623361e+03
3.270000e-06	-6.381374e-06	-2.478362e-08	-4.553124e+01	-1.623791e+03
3.280000e-06	-6.386738e-06	-2.478408e-08	-4.556951e+01	-1.624064e+03
3.290000e-06	-6.389909e-06	-2.478126e-08	-4.559213e+01	-1.624167e+03
3.300000e-06	-6.390982e-06	-2.477444e-08	-4.559979e+01	-1.624078e+03
3.310000e-06	-6.389781e-06	-2.477294e-08	-4.559122e+01	-1.623781e+03
