# Temperatura_=_90.83
# Concentracion g/m^3_=_28200.0
# C_Vs_to_Am_M_A/Vsm_=_65563218390.804596
# pendiente_HvsI_1/m_=_3716.3
# ordenada_HvsI_A/m_=_1297.0
# frecuencia_Hz_=_302113.2819282798

Tiempo_(s)	Campo_(V.s)	Magnetizacion_(V.s)	Campo_(kA/m)	Magnetizacion_(A/m)
0.000000e+00	-6.394907e-06	-2.538668e-08	-4.557566e+01	-1.662618e+03
1.000000e-08	-6.391660e-06	-2.538080e-08	-4.555251e+01	-1.662107e+03
2.000000e-08	-6.386310e-06	-2.536473e-08	-4.551439e+01	-1.661383e+03
3.000000e-08	-6.379075e-06	-2.534767e-08	-4.546283e+01	-1.660452e+03
4.000000e-08	-6.369753e-06	-2.532869e-08	-4.539639e+01	-1.659327e+03
5.000000e-08	-6.358055e-06	-2.530630e-08	-4.531302e+01	-1.658024e+03
6.000000e-08	-6.343890e-06	-2.527967e-08	-4.521207e+01	-1.656563e+03
7.000000e-08	-6.327477e-06	-2.524931e-08	-4.509509e+01	-1.654962e+03
8.000000e-08	-6.309054e-06	-2.524031e-08	-4.496380e+01	-1.653235e+03
9.000000e-08	-6.288397e-06	-2.524378e-08	-4.481657e+01	-1.651389e+03
1.000000e-07	-6.265229e-06	-2.522346e-08	-4.465146e+01	-1.649425e+03
1.100000e-07	-6.239495e-06	-2.516520e-08	-4.446806e+01	-1.647334e+03
1.200000e-07	-6.211475e-06	-2.511793e-08	-4.426836e+01	-1.645104e+03
1.300000e-07	-6.181539e-06	-2.505314e-08	-4.405501e+01	-1.642712e+03
1.400000e-07	-6.149958e-06	-2.495209e-08	-4.382994e+01	-1.640134e+03
1.500000e-07	-6.116652e-06	-2.493700e-08	-4.359257e+01	-1.637342e+03
1.600000e-07	-6.081320e-06	-2.493900e-08	-4.334076e+01	-1.634307e+03
1.700000e-07	-6.044075e-06	-2.485577e-08	-4.307533e+01	-1.631006e+03
1.800000e-07	-6.004834e-06	-2.481829e-08	-4.279566e+01	-1.627420e+03
1.900000e-07	-5.963157e-06	-2.477973e-08	-4.249863e+01	-1.623540e+03
2.000000e-07	-5.919233e-06	-2.467301e-08	-4.218559e+01	-1.619368e+03
2.100000e-07	-5.873246e-06	-2.461975e-08	-4.185785e+01	-1.614916e+03
2.200000e-07	-5.824971e-06	-2.457115e-08	-4.151380e+01	-1.610206e+03
2.300000e-07	-5.774294e-06	-2.448155e-08	-4.115263e+01	-1.605264e+03
2.400000e-07	-5.721126e-06	-2.438707e-08	-4.077371e+01	-1.600115e+03
2.500000e-07	-5.665668e-06	-2.431217e-08	-4.037847e+01	-1.594777e+03
2.600000e-07	-5.608051e-06	-2.424102e-08	-3.996784e+01	-1.589257e+03
2.700000e-07	-5.548294e-06	-2.413878e-08	-3.954196e+01	-1.583549e+03
2.800000e-07	-5.486617e-06	-2.404394e-08	-3.910240e+01	-1.577632e+03
2.900000e-07	-5.423031e-06	-2.395551e-08	-3.864922e+01	-1.571477e+03
3.000000e-07	-5.357351e-06	-2.385041e-08	-3.818113e+01	-1.565050e+03
3.100000e-07	-5.289492e-06	-2.376228e-08	-3.769751e+01	-1.558320e+03
3.200000e-07	-5.219720e-06	-2.366162e-08	-3.720025e+01	-1.551266e+03
3.300000e-07	-5.148217e-06	-2.353084e-08	-3.669067e+01	-1.543877e+03
3.400000e-07	-5.074737e-06	-2.340652e-08	-3.616698e+01	-1.536155e+03
3.500000e-07	-4.999123e-06	-2.328783e-08	-3.562809e+01	-1.528113e+03
3.600000e-07	-4.921405e-06	-2.316234e-08	-3.507420e+01	-1.519763e+03
3.700000e-07	-4.841633e-06	-2.303761e-08	-3.450568e+01	-1.511115e+03
3.800000e-07	-4.760069e-06	-2.291116e-08	-3.392438e+01	-1.502169e+03
3.900000e-07	-4.676961e-06	-2.275766e-08	-3.333208e+01	-1.492912e+03
4.000000e-07	-4.592326e-06	-2.259427e-08	-3.272890e+01	-1.483317e+03
4.100000e-07	-4.506246e-06	-2.243958e-08	-3.211542e+01	-1.473351e+03
4.200000e-07	-4.418780e-06	-2.228791e-08	-3.149206e+01	-1.462978e+03
4.300000e-07	-4.329823e-06	-2.212883e-08	-3.085807e+01	-1.452166e+03
4.400000e-07	-4.239284e-06	-2.195714e-08	-3.021282e+01	-1.440894e+03
4.500000e-07	-4.147131e-06	-2.177968e-08	-2.955606e+01	-1.429156e+03
4.600000e-07	-4.053474e-06	-2.159322e-08	-2.888857e+01	-1.416952e+03
4.700000e-07	-3.958468e-06	-2.139610e-08	-2.821148e+01	-1.404289e+03
4.800000e-07	-3.862082e-06	-2.119896e-08	-2.752455e+01	-1.391171e+03
4.900000e-07	-3.764241e-06	-2.099663e-08	-2.682725e+01	-1.377591e+03
5.000000e-07	-3.664965e-06	-2.077795e-08	-2.611972e+01	-1.363529e+03
5.100000e-07	-3.564273e-06	-2.054772e-08	-2.540210e+01	-1.348948e+03
5.200000e-07	-3.462322e-06	-2.031376e-08	-2.467551e+01	-1.333798e+03
5.300000e-07	-3.359226e-06	-2.007007e-08	-2.394076e+01	-1.318023e+03
5.400000e-07	-3.254826e-06	-1.981664e-08	-2.319671e+01	-1.301571e+03
5.500000e-07	-3.149094e-06	-1.955635e-08	-2.244318e+01	-1.284398e+03
5.600000e-07	-3.042159e-06	-1.928437e-08	-2.168107e+01	-1.266472e+03
5.700000e-07	-2.934040e-06	-1.900118e-08	-2.091051e+01	-1.247771e+03
5.800000e-07	-2.824777e-06	-1.870312e-08	-2.013181e+01	-1.228276e+03
5.900000e-07	-2.714576e-06	-1.839110e-08	-1.934643e+01	-1.207963e+03
6.000000e-07	-2.603555e-06	-1.806481e-08	-1.855519e+01	-1.186795e+03
6.100000e-07	-2.491499e-06	-1.772339e-08	-1.775659e+01	-1.164711e+03
6.200000e-07	-2.378317e-06	-1.736927e-08	-1.694995e+01	-1.141626e+03
6.300000e-07	-2.264117e-06	-1.699780e-08	-1.613606e+01	-1.117437e+03
6.400000e-07	-2.148948e-06	-1.660857e-08	-1.531527e+01	-1.092024e+03
6.500000e-07	-2.032934e-06	-1.619962e-08	-1.448845e+01	-1.065268e+03
6.600000e-07	-1.916145e-06	-1.576733e-08	-1.365611e+01	-1.037051e+03
6.700000e-07	-1.798670e-06	-1.531280e-08	-1.281888e+01	-1.007269e+03
6.800000e-07	-1.680627e-06	-1.483445e-08	-1.197760e+01	-9.758201e+02
6.900000e-07	-1.562042e-06	-1.432830e-08	-1.113247e+01	-9.426071e+02
7.000000e-07	-1.443003e-06	-1.379201e-08	-1.028409e+01	-9.075213e+02
7.100000e-07	-1.323530e-06	-1.322334e-08	-9.432622e+00	-8.704370e+02
7.200000e-07	-1.203564e-06	-1.261979e-08	-8.577639e+00	-8.312094e+02
7.300000e-07	-1.083053e-06	-1.198251e-08	-7.718776e+00	-7.896832e+02
7.400000e-07	-9.620360e-07	-1.131359e-08	-6.856304e+00	-7.457126e+02
7.500000e-07	-8.406676e-07	-1.060918e-08	-5.991327e+00	-6.991904e+02
7.600000e-07	-7.190085e-07	-9.861595e-09	-5.124279e+00	-6.500810e+02
7.700000e-07	-5.971528e-07	-9.070135e-09	-4.255829e+00	-5.984490e+02
7.800000e-07	-4.752158e-07	-8.243809e-09	-3.386800e+00	-5.444755e+02
7.900000e-07	-3.531136e-07	-7.388969e-09	-2.516594e+00	-4.884549e+02
8.000000e-07	-2.308248e-07	-6.510761e-09	-1.645058e+00	-4.307687e+02
8.100000e-07	-1.084341e-07	-5.617538e-09	-7.727958e-01	-3.718387e+02
8.200000e-07	1.402618e-08	-4.711152e-09	9.996276e-02	-3.120668e+02
8.300000e-07	1.364752e-07	-3.793533e-09	9.726407e-01	-2.517720e+02
8.400000e-07	2.588754e-07	-2.867806e-09	1.844971e+00	-1.911387e+02
8.500000e-07	3.812651e-07	-1.938461e-09	2.717226e+00	-1.301880e+02
8.600000e-07	5.034888e-07	-1.003143e-09	3.588298e+00	-6.878138e+01
8.700000e-07	6.255445e-07	-5.656396e-11	4.458173e+00	-6.657974e+00
8.800000e-07	7.475015e-07	9.049922e-10	5.327344e+00	5.649840e+01
8.900000e-07	8.692316e-07	1.885169e-09	6.194899e+00	1.209745e+02
9.000000e-07	9.907982e-07	2.888256e-09	7.061288e+00	1.869405e+02
9.100000e-07	1.112107e-06	3.912928e-09	7.925838e+00	2.543779e+02
9.200000e-07	1.232897e-06	4.955235e-09	8.786696e+00	3.230362e+02
9.300000e-07	1.353159e-06	6.012523e-09	9.643783e+00	3.924293e+02
9.400000e-07	1.472873e-06	7.071711e-09	1.049697e+01	4.618705e+02
9.500000e-07	1.592012e-06	8.118264e-09	1.134606e+01	5.305431e+02
9.600000e-07	1.710628e-06	9.138140e-09	1.219142e+01	5.975913e+02
9.700000e-07	1.828610e-06	1.011934e-08	1.303226e+01	6.622165e+02
9.800000e-07	1.945876e-06	1.104989e-08	1.386800e+01	7.237614e+02
9.900000e-07	2.062423e-06	1.192472e-08	1.469861e+01	7.817684e+02
1.000000e-06	2.178151e-06	1.274453e-08	1.552340e+01	8.360045e+02
1.010000e-06	2.292908e-06	1.350869e-08	1.634125e+01	8.864515e+02
1.020000e-06	2.406626e-06	1.422075e-08	1.715170e+01	9.332671e+02
1.030000e-06	2.519373e-06	1.488191e-08	1.795524e+01	9.767276e+02
1.040000e-06	2.631119e-06	1.549570e-08	1.875164e+01	1.017165e+03
1.050000e-06	2.741918e-06	1.606929e-08	1.954129e+01	1.054913e+03
1.060000e-06	2.851750e-06	1.660579e-08	2.032404e+01	1.090265e+03
1.070000e-06	2.960674e-06	1.710838e-08	2.110034e+01	1.123454e+03
1.080000e-06	3.068837e-06	1.758009e-08	2.187120e+01	1.154655e+03
1.090000e-06	3.175903e-06	1.802502e-08	2.263424e+01	1.183997e+03
1.100000e-06	3.281621e-06	1.844489e-08	2.338768e+01	1.211582e+03
1.110000e-06	3.386000e-06	1.884017e-08	2.413158e+01	1.237512e+03
1.120000e-06	3.489171e-06	1.921123e-08	2.486686e+01	1.261894e+03
1.130000e-06	3.591185e-06	1.956047e-08	2.559390e+01	1.284854e+03
1.140000e-06	3.691991e-06	1.989142e-08	2.631233e+01	1.306524e+03
1.150000e-06	3.791617e-06	2.020497e-08	2.702235e+01	1.327036e+03
1.160000e-06	3.889726e-06	2.050201e-08	2.772156e+01	1.346510e+03
1.170000e-06	3.986311e-06	2.078490e-08	2.840991e+01	1.365039e+03
1.180000e-06	4.081528e-06	2.105231e-08	2.908851e+01	1.382691e+03
1.190000e-06	4.175309e-06	2.130540e-08	2.975688e+01	1.399504e+03
1.200000e-06	4.267826e-06	2.154665e-08	3.041623e+01	1.415504e+03
1.210000e-06	4.359030e-06	2.177786e-08	3.106623e+01	1.430709e+03
1.220000e-06	4.448504e-06	2.199846e-08	3.170390e+01	1.445140e+03
1.230000e-06	4.536211e-06	2.220500e-08	3.232898e+01	1.458835e+03
1.240000e-06	4.622362e-06	2.240165e-08	3.294296e+01	1.471841e+03
1.250000e-06	4.706972e-06	2.259002e-08	3.354597e+01	1.484220e+03
1.260000e-06	4.790050e-06	2.276980e-08	3.413805e+01	1.496032e+03
1.270000e-06	4.871409e-06	2.294217e-08	3.471789e+01	1.507331e+03
1.280000e-06	4.950890e-06	2.311016e-08	3.528434e+01	1.518155e+03
1.290000e-06	5.028459e-06	2.327189e-08	3.583716e+01	1.528523e+03
1.300000e-06	5.104116e-06	2.342465e-08	3.637636e+01	1.538435e+03
1.310000e-06	5.177714e-06	2.356872e-08	3.690088e+01	1.547880e+03
1.320000e-06	5.249341e-06	2.370570e-08	3.741136e+01	1.556840e+03
1.330000e-06	5.319153e-06	2.383567e-08	3.790890e+01	1.565304e+03
1.340000e-06	5.387166e-06	2.395668e-08	3.839362e+01	1.573274e+03
1.350000e-06	5.453182e-06	2.407141e-08	3.886411e+01	1.580765e+03
1.360000e-06	5.517063e-06	2.418132e-08	3.931938e+01	1.587809e+03
1.370000e-06	5.579036e-06	2.428485e-08	3.976105e+01	1.594448e+03
1.380000e-06	5.639270e-06	2.438144e-08	4.019033e+01	1.600728e+03
1.390000e-06	5.697579e-06	2.447282e-08	4.060589e+01	1.606689e+03
1.400000e-06	5.753741e-06	2.456124e-08	4.100616e+01	1.612366e+03
1.410000e-06	5.807843e-06	2.464453e-08	4.139173e+01	1.617780e+03
1.420000e-06	5.859679e-06	2.472277e-08	4.176116e+01	1.622940e+03
1.430000e-06	5.908996e-06	2.479580e-08	4.211264e+01	1.627848e+03
1.440000e-06	5.956059e-06	2.486374e-08	4.244805e+01	1.632501e+03
1.450000e-06	6.001207e-06	2.493022e-08	4.276981e+01	1.636896e+03
1.460000e-06	6.044330e-06	2.499464e-08	4.307714e+01	1.641029e+03
1.470000e-06	6.085196e-06	2.505898e-08	4.336839e+01	1.644903e+03
1.480000e-06	6.123811e-06	2.511950e-08	4.364359e+01	1.648520e+03
1.490000e-06	6.160465e-06	2.517286e-08	4.390482e+01	1.651883e+03
1.500000e-06	6.195024e-06	2.521944e-08	4.415112e+01	1.654993e+03
1.510000e-06	6.227201e-06	2.525935e-08	4.438044e+01	1.657847e+03
1.520000e-06	6.257218e-06	2.529526e-08	4.459436e+01	1.660443e+03
1.530000e-06	6.285185e-06	2.532752e-08	4.479368e+01	1.662774e+03
1.540000e-06	6.310782e-06	2.535711e-08	4.497611e+01	1.664840e+03
1.550000e-06	6.333992e-06	2.538441e-08	4.514153e+01	1.666642e+03
1.560000e-06	6.355108e-06	2.541057e-08	4.529201e+01	1.668190e+03
1.570000e-06	6.374147e-06	2.543389e-08	4.542770e+01	1.669498e+03
1.580000e-06	6.390748e-06	2.545252e-08	4.554602e+01	1.670585e+03
1.590000e-06	6.404866e-06	2.546736e-08	4.564664e+01	1.671472e+03
1.600000e-06	6.416598e-06	2.547874e-08	4.573024e+01	1.672174e+03
1.610000e-06	6.425725e-06	2.548746e-08	4.579529e+01	1.672704e+03
1.620000e-06	6.432406e-06	2.549384e-08	4.584291e+01	1.673062e+03
1.630000e-06	6.436970e-06	2.549672e-08	4.587543e+01	1.673245e+03
1.640000e-06	6.439351e-06	2.549753e-08	4.589240e+01	1.673243e+03
1.650000e-06	6.439379e-06	2.549580e-08	4.589260e+01	1.673044e+03
1.660000e-06	6.437209e-06	2.548792e-08	4.587714e+01	1.672637e+03
1.670000e-06	6.432982e-06	2.547971e-08	4.584701e+01	1.672017e+03
1.680000e-06	6.426569e-06	2.547251e-08	4.580131e+01	1.671186e+03
1.690000e-06	6.417982e-06	2.546019e-08	4.574011e+01	1.670153e+03
1.700000e-06	6.407405e-06	2.544457e-08	4.566473e+01	1.668935e+03
1.710000e-06	6.394690e-06	2.542713e-08	4.557411e+01	1.667548e+03
1.720000e-06	6.379625e-06	2.541116e-08	4.546674e+01	1.666013e+03
1.730000e-06	6.362539e-06	2.536153e-08	4.534497e+01	1.664345e+03
1.740000e-06	6.343447e-06	2.529597e-08	4.520891e+01	1.662555e+03
1.750000e-06	6.321455e-06	2.526860e-08	4.505218e+01	1.660648e+03
1.760000e-06	6.296294e-06	2.526443e-08	4.487286e+01	1.658620e+03
1.770000e-06	6.268768e-06	2.523725e-08	4.467668e+01	1.656459e+03
1.780000e-06	6.239335e-06	2.524119e-08	4.446692e+01	1.654148e+03
1.790000e-06	6.208340e-06	2.523195e-08	4.424602e+01	1.651664e+03
1.800000e-06	6.175961e-06	2.515401e-08	4.401526e+01	1.648980e+03
1.810000e-06	6.141560e-06	2.510771e-08	4.377008e+01	1.646068e+03
1.820000e-06	6.105045e-06	2.507636e-08	4.350985e+01	1.642900e+03
1.830000e-06	6.066525e-06	2.503643e-08	4.323532e+01	1.639456e+03
1.840000e-06	6.025657e-06	2.499654e-08	4.294406e+01	1.635721e+03
1.850000e-06	5.982654e-06	2.488719e-08	4.263759e+01	1.631691e+03
1.860000e-06	5.937559e-06	2.478841e-08	4.231620e+01	1.627375e+03
1.870000e-06	5.890311e-06	2.474025e-08	4.197947e+01	1.622789e+03
1.880000e-06	5.841018e-06	2.468371e-08	4.162817e+01	1.617957e+03
1.890000e-06	5.789202e-06	2.463398e-08	4.125888e+01	1.612906e+03
1.900000e-06	5.734818e-06	2.451987e-08	4.087129e+01	1.607658e+03
1.910000e-06	5.678235e-06	2.443254e-08	4.046803e+01	1.602227e+03
1.920000e-06	5.619646e-06	2.438266e-08	4.005048e+01	1.596612e+03
1.930000e-06	5.559200e-06	2.427698e-08	3.961969e+01	1.590800e+03
1.940000e-06	5.496619e-06	2.419288e-08	3.917368e+01	1.584766e+03
1.950000e-06	5.431834e-06	2.409192e-08	3.871196e+01	1.578477e+03
1.960000e-06	5.365114e-06	2.397218e-08	3.823646e+01	1.571899e+03
1.970000e-06	5.296377e-06	2.387746e-08	3.774658e+01	1.565007e+03
1.980000e-06	5.225586e-06	2.375814e-08	3.724206e+01	1.557783e+03
1.990000e-06	5.152812e-06	2.366107e-08	3.672341e+01	1.550225e+03
2.000000e-06	5.078114e-06	2.355649e-08	3.619104e+01	1.542338e+03
2.010000e-06	5.001435e-06	2.342145e-08	3.564457e+01	1.534138e+03
2.020000e-06	4.922726e-06	2.327720e-08	3.508362e+01	1.525636e+03
2.030000e-06	4.842135e-06	2.313067e-08	3.450926e+01	1.516837e+03
2.040000e-06	4.759889e-06	2.301393e-08	3.392310e+01	1.507736e+03
2.050000e-06	4.676228e-06	2.287767e-08	3.332686e+01	1.498311e+03
2.060000e-06	4.590848e-06	2.273156e-08	3.271837e+01	1.488533e+03
2.070000e-06	4.503808e-06	2.257298e-08	3.209805e+01	1.478365e+03
2.080000e-06	4.415177e-06	2.240224e-08	3.146639e+01	1.467773e+03
2.090000e-06	4.324959e-06	2.223618e-08	3.082341e+01	1.456731e+03
2.100000e-06	4.233484e-06	2.205751e-08	3.017148e+01	1.445224e+03
2.110000e-06	4.140515e-06	2.188296e-08	2.950891e+01	1.433250e+03
2.120000e-06	4.045955e-06	2.169082e-08	2.883498e+01	1.420813e+03
2.130000e-06	3.949929e-06	2.149030e-08	2.815062e+01	1.407920e+03
2.140000e-06	3.852529e-06	2.128672e-08	2.745647e+01	1.394570e+03
2.150000e-06	3.753825e-06	2.107759e-08	2.675302e+01	1.380751e+03
2.160000e-06	3.653835e-06	2.086672e-08	2.604040e+01	1.366433e+03
2.170000e-06	3.552361e-06	2.064421e-08	2.531721e+01	1.351571e+03
2.180000e-06	3.449480e-06	2.041095e-08	2.458399e+01	1.336113e+03
2.190000e-06	3.345344e-06	2.015908e-08	2.384183e+01	1.320003e+03
2.200000e-06	3.240018e-06	1.990261e-08	2.309118e+01	1.303193e+03
2.210000e-06	3.133665e-06	1.963734e-08	2.233322e+01	1.285645e+03
2.220000e-06	3.026192e-06	1.935948e-08	2.156727e+01	1.267331e+03
2.230000e-06	2.917525e-06	1.906952e-08	2.079281e+01	1.248232e+03
2.240000e-06	2.807829e-06	1.877083e-08	2.001103e+01	1.228330e+03
2.250000e-06	2.697174e-06	1.846143e-08	1.922240e+01	1.207593e+03
2.260000e-06	2.585468e-06	1.813307e-08	1.842629e+01	1.185974e+03
2.270000e-06	2.472666e-06	1.778727e-08	1.762237e+01	1.163399e+03
2.280000e-06	2.358930e-06	1.742401e-08	1.681178e+01	1.139774e+03
2.290000e-06	2.244315e-06	1.704437e-08	1.599494e+01	1.114985e+03
2.300000e-06	2.128758e-06	1.664685e-08	1.517138e+01	1.088913e+03
2.310000e-06	2.012353e-06	1.623395e-08	1.434177e+01	1.061438e+03
2.320000e-06	1.895133e-06	1.579922e-08	1.350636e+01	1.032449e+03
2.330000e-06	1.777212e-06	1.533529e-08	1.266596e+01	1.001843e+03
2.340000e-06	1.658718e-06	1.484069e-08	1.182146e+01	9.695226e+02
2.350000e-06	1.539585e-06	1.431838e-08	1.097242e+01	9.353853e+02
2.360000e-06	1.419854e-06	1.376935e-08	1.011911e+01	8.993148e+02
2.370000e-06	1.299660e-06	1.318891e-08	9.262503e+00	8.611755e+02
2.380000e-06	1.179007e-06	1.257336e-08	8.402625e+00	8.208155e+02
2.390000e-06	1.058000e-06	1.191907e-08	7.540229e+00	7.780812e+02
2.400000e-06	9.367241e-07	1.122729e-08	6.675909e+00	7.328421e+02
2.410000e-06	8.151878e-07	1.049782e-08	5.809736e+00	6.850226e+02
2.420000e-06	6.933776e-07	9.731987e-09	4.941611e+00	6.346343e+02
2.430000e-06	5.713138e-07	8.931341e-09	4.071678e+00	5.817991e+02
2.440000e-06	4.490993e-07	8.094677e-09	3.200672e+00	5.267565e+02
2.450000e-06	3.267725e-07	7.226130e-09	2.328865e+00	4.698491e+02
2.460000e-06	2.043033e-07	6.333213e-09	1.456043e+00	4.114855e+02
2.470000e-06	8.172702e-08	5.421831e-09	5.824577e-01	3.520857e+02
2.480000e-06	-4.083850e-08	4.500963e-09	-2.910506e-01	2.920175e+02
2.490000e-06	-1.633441e-07	3.575548e-09	-1.164132e+00	2.315378e+02
2.500000e-06	-2.858093e-07	2.645142e-09	-2.036925e+00	1.707512e+02
2.510000e-06	-4.082099e-07	1.711456e-09	-2.909258e+00	1.095963e+02
2.520000e-06	-5.305194e-07	7.695149e-10	-3.780942e+00	4.786678e+01
2.530000e-06	-6.526891e-07	-1.869994e-10	-4.651629e+00	-1.473578e+01
2.540000e-06	-7.746738e-07	-1.160631e-09	-5.520998e+00	-7.852394e+01
2.550000e-06	-8.963889e-07	-2.156142e-09	-6.388445e+00	-1.437366e+02
2.560000e-06	-1.017768e-06	-3.173180e-09	-7.253495e+00	-2.104569e+02
2.570000e-06	-1.138835e-06	-4.210063e-09	-8.116328e+00	-2.785536e+02
2.580000e-06	-1.259573e-06	-5.265475e-09	-8.976809e+00	-3.476564e+02
2.590000e-06	-1.379872e-06	-6.331141e-09	-9.834166e+00	-4.171719e+02
2.600000e-06	-1.499629e-06	-7.392893e-09	-1.068766e+01	-4.863380e+02
2.610000e-06	-1.618721e-06	-8.438402e-09	-1.153641e+01	-5.543064e+02
2.620000e-06	-1.737082e-06	-9.451706e-09	-1.237995e+01	-6.202383e+02
2.630000e-06	-1.854766e-06	-1.041791e-08	-1.321867e+01	-6.833965e+02
2.640000e-06	-1.971662e-06	-1.133178e-08	-1.405178e+01	-7.432182e+02
2.650000e-06	-2.087591e-06	-1.219070e-08	-1.487799e+01	-7.993573e+02
2.660000e-06	-2.202605e-06	-1.299241e-08	-1.569767e+01	-8.516914e+02
2.670000e-06	-2.316654e-06	-1.373662e-08	-1.651049e+01	-9.002965e+02
2.680000e-06	-2.429713e-06	-1.442906e-08	-1.731624e+01	-9.453975e+02
2.690000e-06	-2.541705e-06	-1.507493e-08	-1.811440e+01	-9.873063e+02
2.700000e-06	-2.652550e-06	-1.567723e-08	-1.890437e+01	-1.026362e+03
2.710000e-06	-2.762437e-06	-1.624139e-08	-1.968753e+01	-1.062881e+03
2.720000e-06	-2.871446e-06	-1.676999e-08	-2.046442e+01	-1.097128e+03
2.730000e-06	-2.979561e-06	-1.726194e-08	-2.123494e+01	-1.129308e+03
2.740000e-06	-3.086671e-06	-1.772130e-08	-2.199830e+01	-1.159567e+03
2.750000e-06	-3.192744e-06	-1.815006e-08	-2.275427e+01	-1.188021e+03
2.760000e-06	-3.297838e-06	-1.855387e-08	-2.350326e+01	-1.214768e+03
2.770000e-06	-3.401774e-06	-1.893803e-08	-2.424399e+01	-1.239912e+03
2.780000e-06	-3.504329e-06	-1.930178e-08	-2.497489e+01	-1.263569e+03
2.790000e-06	-3.605539e-06	-1.964531e-08	-2.569620e+01	-1.285869e+03
2.800000e-06	-3.705436e-06	-1.996957e-08	-2.640815e+01	-1.306947e+03
2.810000e-06	-3.804060e-06	-2.027836e-08	-2.711104e+01	-1.326929e+03
2.820000e-06	-3.901419e-06	-2.057055e-08	-2.780490e+01	-1.345923e+03
2.830000e-06	-3.997542e-06	-2.084649e-08	-2.848995e+01	-1.364009e+03
2.840000e-06	-4.092236e-06	-2.110804e-08	-2.916483e+01	-1.381240e+03
2.850000e-06	-4.185335e-06	-2.135616e-08	-2.982833e+01	-1.397647e+03
2.860000e-06	-4.277022e-06	-2.159342e-08	-3.048177e+01	-1.413250e+03
2.870000e-06	-4.367170e-06	-2.182088e-08	-3.112425e+01	-1.428066e+03
2.880000e-06	-4.455774e-06	-2.203826e-08	-3.175572e+01	-1.442126e+03
2.890000e-06	-4.542703e-06	-2.224495e-08	-3.237524e+01	-1.455473e+03
2.900000e-06	-4.627871e-06	-2.244131e-08	-3.298222e+01	-1.468160e+03
2.910000e-06	-4.711409e-06	-2.262854e-08	-3.357759e+01	-1.480250e+03
2.920000e-06	-4.793328e-06	-2.280628e-08	-3.416142e+01	-1.491802e+03
2.930000e-06	-4.873673e-06	-2.297385e-08	-3.473402e+01	-1.502862e+03
2.940000e-06	-4.952101e-06	-2.313379e-08	-3.529297e+01	-1.513460e+03
2.950000e-06	-5.028390e-06	-2.328558e-08	-3.583667e+01	-1.523603e+03
2.960000e-06	-5.102760e-06	-2.342835e-08	-3.636670e+01	-1.533286e+03
2.970000e-06	-5.175359e-06	-2.356449e-08	-3.688410e+01	-1.542493e+03
2.980000e-06	-5.245992e-06	-2.369644e-08	-3.738749e+01	-1.551209e+03
2.990000e-06	-5.314590e-06	-2.382425e-08	-3.787638e+01	-1.559427e+03
3.000000e-06	-5.381348e-06	-2.394447e-08	-3.835215e+01	-1.567157e+03
3.010000e-06	-5.446251e-06	-2.405644e-08	-3.881471e+01	-1.574422e+03
3.020000e-06	-5.509168e-06	-2.416061e-08	-3.926311e+01	-1.581260e+03
3.030000e-06	-5.570016e-06	-2.425783e-08	-3.969677e+01	-1.587717e+03
3.040000e-06	-5.628877e-06	-2.435014e-08	-4.011626e+01	-1.593835e+03
3.050000e-06	-5.685847e-06	-2.443712e-08	-4.052228e+01	-1.599653e+03
3.060000e-06	-5.740842e-06	-2.451979e-08	-4.091422e+01	-1.605199e+03
3.070000e-06	-5.793578e-06	-2.459937e-08	-4.129007e+01	-1.610488e+03
3.080000e-06	-5.843796e-06	-2.467598e-08	-4.164797e+01	-1.615525e+03
3.090000e-06	-5.891545e-06	-2.474880e-08	-4.198826e+01	-1.620308e+03
3.100000e-06	-5.937239e-06	-2.481824e-08	-4.231392e+01	-1.624835e+03
3.110000e-06	-5.981170e-06	-2.488476e-08	-4.262701e+01	-1.629101e+03
3.120000e-06	-6.023230e-06	-2.494633e-08	-4.292676e+01	-1.633107e+03
3.130000e-06	-6.063288e-06	-2.500112e-08	-4.321225e+01	-1.636854e+03
3.140000e-06	-6.101070e-06	-2.505179e-08	-4.348152e+01	-1.640347e+03
3.150000e-06	-6.136620e-06	-2.510075e-08	-4.373488e+01	-1.643585e+03
3.160000e-06	-6.170098e-06	-2.514701e-08	-4.397348e+01	-1.646570e+03
3.170000e-06	-6.201318e-06	-2.518876e-08	-4.419598e+01	-1.649298e+03
3.180000e-06	-6.230197e-06	-2.522543e-08	-4.440179e+01	-1.651765e+03
3.190000e-06	-6.256824e-06	-2.525727e-08	-4.459155e+01	-1.653966e+03
3.200000e-06	-6.281301e-06	-2.528621e-08	-4.476601e+01	-1.655901e+03
3.210000e-06	-6.303511e-06	-2.531322e-08	-4.492429e+01	-1.657577e+03
3.220000e-06	-6.323413e-06	-2.533735e-08	-4.506613e+01	-1.659005e+03
3.230000e-06	-6.341136e-06	-2.535700e-08	-4.519244e+01	-1.660203e+03
3.240000e-06	-6.356646e-06	-2.537028e-08	-4.530297e+01	-1.661190e+03
3.250000e-06	-6.369510e-06	-2.537995e-08	-4.539466e+01	-1.661985e+03
3.260000e-06	-6.379795e-06	-2.538523e-08	-4.546796e+01	-1.662603e+03
3.270000e-06	-6.387805e-06	-2.538833e-08	-4.552504e+01	-1.663049e+03
3.280000e-06	-6.393376e-06	-2.539047e-08	-4.556474e+01	-1.663324e+03
3.290000e-06	-6.396718e-06	-2.539024e-08	-4.558857e+01	-1.663418e+03
3.300000e-06	-6.397992e-06	-2.538808e-08	-4.559765e+01	-1.663321e+03
3.310000e-06	-6.397024e-06	-2.538583e-08	-4.559074e+01	-1.663022e+03
