# Temperatura_=_88.65
# Concentracion g/m^3_=_28200.0
# C_Vs_to_Am_M_A/Vsm_=_65563218390.804596
# pendiente_HvsI_1/m_=_3716.3
# ordenada_HvsI_A/m_=_1297.0
# frecuencia_Hz_=_302392.616663725

Tiempo_(s)	Campo_(V.s)	Magnetizacion_(V.s)	Campo_(kA/m)	Magnetizacion_(A/m)
0.000000e+00	-7.324093e-06	-2.848915e-08	-5.319011e+01	-1.866524e+03
1.000000e-08	-7.320448e-06	-2.848988e-08	-5.316364e+01	-1.865884e+03
2.000000e-08	-7.314394e-06	-2.847569e-08	-5.311967e+01	-1.865046e+03
3.000000e-08	-7.306051e-06	-2.845729e-08	-5.305908e+01	-1.864045e+03
4.000000e-08	-7.295156e-06	-2.843878e-08	-5.297996e+01	-1.862913e+03
5.000000e-08	-7.281465e-06	-2.841794e-08	-5.288053e+01	-1.861666e+03
6.000000e-08	-7.265097e-06	-2.839169e-08	-5.276166e+01	-1.860301e+03
7.000000e-08	-7.246489e-06	-2.836123e-08	-5.262653e+01	-1.858803e+03
8.000000e-08	-7.225840e-06	-2.833343e-08	-5.247656e+01	-1.857149e+03
9.000000e-08	-7.202663e-06	-2.839115e-08	-5.230825e+01	-1.855321e+03
1.000000e-07	-7.176455e-06	-2.837837e-08	-5.211791e+01	-1.853315e+03
1.100000e-07	-7.147372e-06	-2.826558e-08	-5.190670e+01	-1.851142e+03
1.200000e-07	-7.115748e-06	-2.820695e-08	-5.167704e+01	-1.848829e+03
1.300000e-07	-7.081669e-06	-2.818043e-08	-5.142955e+01	-1.846404e+03
1.400000e-07	-7.045434e-06	-2.809958e-08	-5.116639e+01	-1.843890e+03
1.500000e-07	-7.007397e-06	-2.799293e-08	-5.089015e+01	-1.841288e+03
1.600000e-07	-6.967287e-06	-2.809400e-08	-5.059886e+01	-1.838573e+03
1.700000e-07	-6.924630e-06	-2.802006e-08	-5.028907e+01	-1.835694e+03
1.800000e-07	-6.879549e-06	-2.783600e-08	-4.996168e+01	-1.832582e+03
1.900000e-07	-6.831977e-06	-2.791026e-08	-4.961619e+01	-1.829167e+03
2.000000e-07	-6.781536e-06	-2.779960e-08	-4.924988e+01	-1.825392e+03
2.100000e-07	-6.728386e-06	-2.771789e-08	-4.886388e+01	-1.821229e+03
2.200000e-07	-6.672712e-06	-2.769346e-08	-4.845956e+01	-1.816684e+03
2.300000e-07	-6.614510e-06	-2.757244e-08	-4.803687e+01	-1.811796e+03
2.400000e-07	-6.553918e-06	-2.754523e-08	-4.759683e+01	-1.806624e+03
2.500000e-07	-6.490946e-06	-2.743557e-08	-4.713951e+01	-1.801229e+03
2.600000e-07	-6.425445e-06	-2.735580e-08	-4.666382e+01	-1.795660e+03
2.700000e-07	-6.357483e-06	-2.726621e-08	-4.617025e+01	-1.789935e+03
2.800000e-07	-6.287213e-06	-2.718071e-08	-4.565993e+01	-1.784037e+03
2.900000e-07	-6.214536e-06	-2.708702e-08	-4.513212e+01	-1.777922e+03
3.000000e-07	-6.139277e-06	-2.696061e-08	-4.458557e+01	-1.771526e+03
3.100000e-07	-6.061424e-06	-2.690623e-08	-4.402017e+01	-1.764789e+03
3.200000e-07	-5.981103e-06	-2.678543e-08	-4.343685e+01	-1.757665e+03
3.300000e-07	-5.898633e-06	-2.666143e-08	-4.283792e+01	-1.750138e+03
3.400000e-07	-5.814211e-06	-2.652451e-08	-4.222482e+01	-1.742222e+03
3.500000e-07	-5.727906e-06	-2.640104e-08	-4.159804e+01	-1.733953e+03
3.600000e-07	-5.639684e-06	-2.629937e-08	-4.095735e+01	-1.725371e+03
3.700000e-07	-5.549342e-06	-2.615477e-08	-4.030125e+01	-1.716509e+03
3.800000e-07	-5.456895e-06	-2.601422e-08	-3.962987e+01	-1.707374e+03
3.900000e-07	-5.362540e-06	-2.586392e-08	-3.894463e+01	-1.697942e+03
4.000000e-07	-5.266358e-06	-2.570951e-08	-3.824613e+01	-1.688164e+03
4.100000e-07	-5.168297e-06	-2.554260e-08	-3.753397e+01	-1.677970e+03
4.200000e-07	-5.068377e-06	-2.539569e-08	-3.680832e+01	-1.667297e+03
4.300000e-07	-4.966701e-06	-2.523871e-08	-3.606991e+01	-1.656096e+03
4.400000e-07	-4.863286e-06	-2.504993e-08	-3.531888e+01	-1.644346e+03
4.500000e-07	-4.758164e-06	-2.485559e-08	-3.455544e+01	-1.632057e+03
4.600000e-07	-4.651280e-06	-2.466312e-08	-3.377921e+01	-1.619258e+03
4.700000e-07	-4.542668e-06	-2.446481e-08	-3.299044e+01	-1.605981e+03
4.800000e-07	-4.432498e-06	-2.425889e-08	-3.219035e+01	-1.592246e+03
4.900000e-07	-4.320741e-06	-2.404986e-08	-3.137872e+01	-1.578041e+03
5.000000e-07	-4.207297e-06	-2.381800e-08	-3.055486e+01	-1.563319e+03
5.100000e-07	-4.092099e-06	-2.356823e-08	-2.971825e+01	-1.548001e+03
5.200000e-07	-3.975297e-06	-2.331447e-08	-2.886999e+01	-1.531995e+03
5.300000e-07	-3.857036e-06	-2.306223e-08	-2.801113e+01	-1.515209e+03
5.400000e-07	-3.737311e-06	-2.279572e-08	-2.714165e+01	-1.497575e+03
5.500000e-07	-3.616167e-06	-2.251531e-08	-2.626187e+01	-1.479060e+03
5.600000e-07	-3.493622e-06	-2.222049e-08	-2.537190e+01	-1.459660e+03
5.700000e-07	-3.369682e-06	-2.191244e-08	-2.447180e+01	-1.439394e+03
5.800000e-07	-3.244526e-06	-2.158919e-08	-2.356288e+01	-1.418275e+03
5.900000e-07	-3.118255e-06	-2.125349e-08	-2.264586e+01	-1.396290e+03
6.000000e-07	-2.990813e-06	-2.090552e-08	-2.172032e+01	-1.373379e+03
6.100000e-07	-2.862309e-06	-2.053668e-08	-2.078708e+01	-1.349426e+03
6.200000e-07	-2.732771e-06	-2.014798e-08	-1.984634e+01	-1.324265e+03
6.300000e-07	-2.602152e-06	-1.973569e-08	-1.889773e+01	-1.297707e+03
6.400000e-07	-2.470553e-06	-1.930351e-08	-1.794202e+01	-1.269561e+03
6.500000e-07	-2.338030e-06	-1.884596e-08	-1.697959e+01	-1.239663e+03
6.600000e-07	-2.204684e-06	-1.836332e-08	-1.601118e+01	-1.207891e+03
6.700000e-07	-2.070668e-06	-1.785154e-08	-1.503791e+01	-1.174161e+03
6.800000e-07	-1.935943e-06	-1.731045e-08	-1.405949e+01	-1.138408e+03
6.900000e-07	-1.800440e-06	-1.673813e-08	-1.307542e+01	-1.100549e+03
7.000000e-07	-1.664287e-06	-1.612802e-08	-1.208663e+01	-1.060450e+03
7.100000e-07	-1.527671e-06	-1.547502e-08	-1.109448e+01	-1.017899e+03
7.200000e-07	-1.390579e-06	-1.477446e-08	-1.009887e+01	-9.726017e+02
7.300000e-07	-1.252966e-06	-1.402959e-08	-9.099476e+00	-9.242089e+02
7.400000e-07	-1.114825e-06	-1.323303e-08	-8.096243e+00	-8.723706e+02
7.500000e-07	-9.761728e-07	-1.238570e-08	-7.089306e+00	-8.168103e+02
7.600000e-07	-8.371666e-07	-1.148624e-08	-6.079795e+00	-7.574001e+02
7.700000e-07	-6.978827e-07	-1.052978e-08	-5.068267e+00	-6.942194e+02
7.800000e-07	-5.583198e-07	-9.517407e-09	-4.054713e+00	-6.275775e+02
7.900000e-07	-4.185186e-07	-8.461039e-09	-3.039428e+00	-5.579888e+02
8.000000e-07	-2.785405e-07	-7.369074e-09	-2.022858e+00	-4.861025e+02
8.100000e-07	-1.384098e-07	-6.245653e-09	-1.005180e+00	-4.125960e+02
8.200000e-07	1.877267e-09	-5.103379e-09	1.363337e-02	-3.380557e+02
8.300000e-07	1.422023e-07	-3.952124e-09	1.032722e+00	-2.628711e+02
8.400000e-07	2.824503e-07	-2.796768e-09	2.051252e+00	-1.871690e+02
8.500000e-07	4.226147e-07	-1.633060e-09	3.069175e+00	-1.108068e+02
8.600000e-07	5.626533e-07	-4.590669e-10	4.086184e+00	-3.342971e+01
8.700000e-07	7.024953e-07	7.317079e-10	5.101765e+00	4.541522e+01
8.800000e-07	8.421065e-07	1.951016e-09	6.115670e+00	1.261314e+02
8.900000e-07	9.814154e-07	3.206618e-09	7.127380e+00	2.089222e+02
9.000000e-07	1.120324e-06	4.498653e-09	8.136182e+00	2.936711e+02
9.100000e-07	1.258762e-06	5.815265e-09	9.141569e+00	3.798784e+02
9.200000e-07	1.396676e-06	7.144907e-09	1.014315e+01	4.666724e+02
9.300000e-07	1.534047e-06	8.466269e-09	1.114078e+01	5.528922e+02
9.400000e-07	1.670857e-06	9.754921e-09	1.213434e+01	6.372277e+02
9.500000e-07	1.806980e-06	1.098791e-08	1.312292e+01	7.183888e+02
9.600000e-07	1.942312e-06	1.214948e-08	1.410574e+01	7.952700e+02
9.700000e-07	2.076898e-06	1.322920e-08	1.508315e+01	8.670792e+02
9.800000e-07	2.210762e-06	1.422503e-08	1.605532e+01	9.334069e+02
9.900000e-07	2.343899e-06	1.514382e-08	1.702221e+01	9.942295e+02
1.000000e-06	2.476217e-06	1.599065e-08	1.798315e+01	1.049848e+03
1.010000e-06	2.607553e-06	1.676898e-08	1.893696e+01	1.100784e+03
1.020000e-06	2.737826e-06	1.748677e-08	1.988305e+01	1.147659e+03
1.030000e-06	2.867020e-06	1.815171e-08	2.082130e+01	1.191074e+03
1.040000e-06	2.995133e-06	1.876958e-08	2.175170e+01	1.231536e+03
1.050000e-06	3.122165e-06	1.934348e-08	2.267425e+01	1.269405e+03
1.060000e-06	3.248120e-06	1.987885e-08	2.358898e+01	1.304905e+03
1.070000e-06	3.373003e-06	2.037814e-08	2.449592e+01	1.338156e+03
1.080000e-06	3.496758e-06	2.084338e-08	2.539467e+01	1.369228e+03
1.090000e-06	3.619260e-06	2.127797e-08	2.628432e+01	1.398196e+03
1.100000e-06	3.740376e-06	2.168538e-08	2.716391e+01	1.425177e+03
1.110000e-06	3.860081e-06	2.207125e-08	2.803325e+01	1.450342e+03
1.120000e-06	3.978446e-06	2.243757e-08	2.889286e+01	1.473907e+03
1.130000e-06	4.095386e-06	2.278284e-08	2.974212e+01	1.496103e+03
1.140000e-06	4.210722e-06	2.310670e-08	3.057973e+01	1.517143e+03
1.150000e-06	4.324378e-06	2.341277e-08	3.140514e+01	1.537187e+03
1.160000e-06	4.436362e-06	2.370311e-08	3.221841e+01	1.556330e+03
1.170000e-06	4.546752e-06	2.397863e-08	3.302010e+01	1.574603e+03
1.180000e-06	4.655626e-06	2.423780e-08	3.381077e+01	1.591994e+03
1.190000e-06	4.762919e-06	2.448526e-08	3.458997e+01	1.608472e+03
1.200000e-06	4.868550e-06	2.472083e-08	3.535710e+01	1.624024e+03
1.210000e-06	4.972390e-06	2.494530e-08	3.611123e+01	1.638669e+03
1.220000e-06	5.074449e-06	2.515784e-08	3.685241e+01	1.652472e+03
1.230000e-06	5.174775e-06	2.536191e-08	3.758102e+01	1.665530e+03
1.240000e-06	5.273112e-06	2.555573e-08	3.829518e+01	1.677956e+03
1.250000e-06	5.369304e-06	2.573505e-08	3.899376e+01	1.689857e+03
1.260000e-06	5.463542e-06	2.590488e-08	3.967815e+01	1.701304e+03
1.270000e-06	5.556003e-06	2.606897e-08	4.034962e+01	1.712332e+03
1.280000e-06	5.646542e-06	2.622823e-08	4.100715e+01	1.722931e+03
1.290000e-06	5.734918e-06	2.638107e-08	4.164897e+01	1.733060e+03
1.300000e-06	5.821206e-06	2.652789e-08	4.227562e+01	1.742672e+03
1.310000e-06	5.905528e-06	2.666774e-08	4.288800e+01	1.751729e+03
1.320000e-06	5.987750e-06	2.680145e-08	4.348512e+01	1.760222e+03
1.330000e-06	6.067738e-06	2.692770e-08	4.406603e+01	1.768175e+03
1.340000e-06	6.145449e-06	2.704576e-08	4.463039e+01	1.775642e+03
1.350000e-06	6.220815e-06	2.715628e-08	4.517772e+01	1.782693e+03
1.360000e-06	6.293775e-06	2.726051e-08	4.570758e+01	1.789396e+03
1.370000e-06	6.364447e-06	2.735966e-08	4.622083e+01	1.795802e+03
1.380000e-06	6.432927e-06	2.745202e-08	4.671815e+01	1.801937e+03
1.390000e-06	6.499109e-06	2.753981e-08	4.719879e+01	1.807798e+03
1.400000e-06	6.562937e-06	2.762405e-08	4.766233e+01	1.813364e+03
1.410000e-06	6.624502e-06	2.770393e-08	4.810944e+01	1.818610e+03
1.420000e-06	6.683796e-06	2.777861e-08	4.854006e+01	1.823520e+03
1.430000e-06	6.740697e-06	2.784972e-08	4.895328e+01	1.828097e+03
1.440000e-06	6.795205e-06	2.791826e-08	4.934914e+01	1.832366e+03
1.450000e-06	6.847129e-06	2.798183e-08	4.972623e+01	1.836370e+03
1.460000e-06	6.896197e-06	2.804110e-08	5.008258e+01	1.840158e+03
1.470000e-06	6.942642e-06	2.809719e-08	5.041988e+01	1.843767e+03
1.480000e-06	6.986759e-06	2.815042e-08	5.074028e+01	1.847215e+03
1.490000e-06	7.028371e-06	2.819928e-08	5.104248e+01	1.850493e+03
1.500000e-06	7.067411e-06	2.824435e-08	5.132600e+01	1.853569e+03
1.510000e-06	7.104029e-06	2.828884e-08	5.159193e+01	1.856395e+03
1.520000e-06	7.138086e-06	2.833066e-08	5.183927e+01	1.858925e+03
1.530000e-06	7.169520e-06	2.836778e-08	5.206755e+01	1.861128e+03
1.540000e-06	7.198512e-06	2.839753e-08	5.227810e+01	1.862997e+03
1.550000e-06	7.224964e-06	2.842038e-08	5.247020e+01	1.864556e+03
1.560000e-06	7.248681e-06	2.843949e-08	5.264244e+01	1.865848e+03
1.570000e-06	7.269839e-06	2.845680e-08	5.279610e+01	1.866928e+03
1.580000e-06	7.288502e-06	2.847230e-08	5.293164e+01	1.867848e+03
1.590000e-06	7.304476e-06	2.848394e-08	5.304765e+01	1.868640e+03
1.600000e-06	7.317680e-06	2.849349e-08	5.314354e+01	1.869312e+03
1.610000e-06	7.327950e-06	2.850244e-08	5.321813e+01	1.869850e+03
1.620000e-06	7.335376e-06	2.850979e-08	5.327205e+01	1.870219e+03
1.630000e-06	7.340301e-06	2.851260e-08	5.330782e+01	1.870382e+03
1.640000e-06	7.342694e-06	2.851233e-08	5.332520e+01	1.870308e+03
1.650000e-06	7.342459e-06	2.851294e-08	5.332349e+01	1.869986e+03
1.660000e-06	7.339763e-06	2.849839e-08	5.330391e+01	1.869426e+03
1.670000e-06	7.334653e-06	2.848397e-08	5.326680e+01	1.868653e+03
1.680000e-06	7.327011e-06	2.847292e-08	5.321131e+01	1.867706e+03
1.690000e-06	7.316951e-06	2.845784e-08	5.313824e+01	1.866617e+03
1.700000e-06	7.304377e-06	2.844298e-08	5.304693e+01	1.865410e+03
1.710000e-06	7.289196e-06	2.843178e-08	5.293667e+01	1.864087e+03
1.720000e-06	7.271734e-06	2.842724e-08	5.280986e+01	1.862639e+03
1.730000e-06	7.252225e-06	2.838520e-08	5.266818e+01	1.861042e+03
1.740000e-06	7.230143e-06	2.824271e-08	5.250782e+01	1.859277e+03
1.750000e-06	7.204700e-06	2.824326e-08	5.232304e+01	1.857333e+03
1.760000e-06	7.175866e-06	2.828167e-08	5.211364e+01	1.855217e+03
1.770000e-06	7.144256e-06	2.823282e-08	5.188407e+01	1.852949e+03
1.780000e-06	7.110498e-06	2.822601e-08	5.163891e+01	1.850561e+03
1.790000e-06	7.075034e-06	2.830150e-08	5.138136e+01	1.848076e+03
1.800000e-06	7.038015e-06	2.812141e-08	5.111252e+01	1.845506e+03
1.810000e-06	6.998687e-06	2.801837e-08	5.082690e+01	1.842835e+03
1.820000e-06	6.956604e-06	2.814953e-08	5.052128e+01	1.840021e+03
1.830000e-06	6.912311e-06	2.797076e-08	5.019961e+01	1.837000e+03
1.840000e-06	6.865603e-06	2.805495e-08	4.986040e+01	1.833700e+03
1.850000e-06	6.816220e-06	2.797068e-08	4.950176e+01	1.830058e+03
1.860000e-06	6.764234e-06	2.779894e-08	4.912422e+01	1.826034e+03
1.870000e-06	6.709474e-06	2.786780e-08	4.872653e+01	1.821622e+03
1.880000e-06	6.652270e-06	2.766104e-08	4.831110e+01	1.816850e+03
1.890000e-06	6.592614e-06	2.767656e-08	4.787785e+01	1.811770e+03
1.900000e-06	6.530293e-06	2.760430e-08	4.742526e+01	1.806448e+03
1.910000e-06	6.465484e-06	2.745796e-08	4.695459e+01	1.800937e+03
1.920000e-06	6.398283e-06	2.744342e-08	4.646655e+01	1.795266e+03
1.930000e-06	6.328715e-06	2.728375e-08	4.596133e+01	1.789433e+03
1.940000e-06	6.256659e-06	2.727256e-08	4.543804e+01	1.783401e+03
1.950000e-06	6.182192e-06	2.711359e-08	4.489723e+01	1.777113e+03
1.960000e-06	6.105239e-06	2.700795e-08	4.433837e+01	1.770503e+03
1.970000e-06	6.025712e-06	2.693304e-08	4.376081e+01	1.763520e+03
1.980000e-06	5.944058e-06	2.678377e-08	4.316782e+01	1.756136e+03
1.990000e-06	5.860410e-06	2.673005e-08	4.256033e+01	1.748355e+03
2.000000e-06	5.774633e-06	2.655762e-08	4.193739e+01	1.740206e+03
2.010000e-06	5.686646e-06	2.645728e-08	4.129840e+01	1.731731e+03
2.020000e-06	5.596639e-06	2.629802e-08	4.064474e+01	1.722965e+03
2.030000e-06	5.504727e-06	2.615917e-08	3.997724e+01	1.713928e+03
2.040000e-06	5.410815e-06	2.604527e-08	3.929522e+01	1.704607e+03
2.050000e-06	5.314946e-06	2.589868e-08	3.859898e+01	1.694958e+03
2.060000e-06	5.217310e-06	2.574750e-08	3.788992e+01	1.684920e+03
2.070000e-06	5.118030e-06	2.554390e-08	3.716891e+01	1.674425e+03
2.080000e-06	5.016943e-06	2.539172e-08	3.643478e+01	1.663415e+03
2.090000e-06	4.913910e-06	2.521052e-08	3.568652e+01	1.651861e+03
2.100000e-06	4.809041e-06	2.504447e-08	3.492493e+01	1.639761e+03
2.110000e-06	4.702621e-06	2.485499e-08	3.415207e+01	1.627139e+03
2.120000e-06	4.594688e-06	2.465531e-08	3.336822e+01	1.614029e+03
2.130000e-06	4.485159e-06	2.443478e-08	3.257278e+01	1.600457e+03
2.140000e-06	4.373890e-06	2.421496e-08	3.176471e+01	1.586422e+03
2.150000e-06	4.260873e-06	2.401126e-08	3.094394e+01	1.571891e+03
2.160000e-06	4.146178e-06	2.378924e-08	3.011098e+01	1.556796e+03
2.170000e-06	4.029771e-06	2.355314e-08	2.926560e+01	1.541046e+03
2.180000e-06	3.911741e-06	2.328707e-08	2.840842e+01	1.524547e+03
2.190000e-06	3.792150e-06	2.302107e-08	2.753991e+01	1.507221e+03
2.200000e-06	3.671102e-06	2.273849e-08	2.666082e+01	1.489021e+03
2.210000e-06	3.548724e-06	2.245676e-08	2.577207e+01	1.469935e+03
2.220000e-06	3.425034e-06	2.215919e-08	2.487379e+01	1.449975e+03
2.230000e-06	3.300089e-06	2.184832e-08	2.396640e+01	1.429160e+03
2.240000e-06	3.173916e-06	2.151381e-08	2.305009e+01	1.407488e+03
2.250000e-06	3.046500e-06	2.116685e-08	2.212474e+01	1.384917e+03
2.260000e-06	2.917922e-06	2.080691e-08	2.119096e+01	1.361352e+03
2.270000e-06	2.788332e-06	2.042727e-08	2.024984e+01	1.336643e+03
2.280000e-06	2.657847e-06	2.002890e-08	1.930221e+01	1.310606e+03
2.290000e-06	2.526425e-06	1.960561e-08	1.834778e+01	1.283047e+03
2.300000e-06	2.394056e-06	1.916092e-08	1.738647e+01	1.253790e+03
2.310000e-06	2.260885e-06	1.868790e-08	1.641933e+01	1.222698e+03
2.320000e-06	2.126963e-06	1.818992e-08	1.544674e+01	1.189674e+03
2.330000e-06	1.992235e-06	1.765774e-08	1.446830e+01	1.154650e+03
2.340000e-06	1.856756e-06	1.709319e-08	1.348441e+01	1.117554e+03
2.350000e-06	1.720665e-06	1.649391e-08	1.249607e+01	1.078275e+03
2.360000e-06	1.584000e-06	1.585927e-08	1.150356e+01	1.036629e+03
2.370000e-06	1.446842e-06	1.518440e-08	1.050747e+01	9.923496e+02
2.380000e-06	1.309277e-06	1.446139e-08	9.508427e+00	9.451031e+02
2.390000e-06	1.171286e-06	1.368489e-08	8.506288e+00	8.945319e+02
2.400000e-06	1.032895e-06	1.285197e-08	7.501240e+00	8.403240e+02
2.410000e-06	8.941243e-07	1.196517e-08	6.493442e+00	7.822905e+02
2.420000e-06	7.550515e-07	1.102732e-08	5.483447e+00	7.204321e+02
2.430000e-06	6.157078e-07	1.003699e-08	4.471485e+00	6.549761e+02
2.440000e-06	4.760750e-07	8.995735e-09	3.457422e+00	5.863696e+02
2.450000e-06	3.362233e-07	7.912175e-09	2.441770e+00	5.152242e+02
2.460000e-06	1.962539e-07	6.795430e-09	1.425264e+00	4.422210e+02
2.470000e-06	5.620626e-08	5.654492e-09	4.081894e-01	3.679923e+02
2.480000e-06	-8.388936e-08	4.500969e-09	-6.092337e-01	2.930080e+02
2.490000e-06	-2.239749e-07	3.342031e-09	-1.626584e+00	2.174930e+02
2.500000e-06	-3.639930e-07	2.174265e-09	-2.643444e+00	1.413974e+02
2.510000e-06	-5.039077e-07	9.964041e-10	-3.659553e+00	6.443182e+01
2.520000e-06	-6.436721e-07	-1.950043e-10	-4.674571e+00	-1.383745e+01
2.530000e-06	-7.831699e-07	-1.407855e-09	-5.687652e+00	-9.384934e+01
2.540000e-06	-9.223651e-07	-2.650196e-09	-6.698536e+00	-1.758948e+02
2.550000e-06	-1.061276e-06	-3.927335e-09	-7.707356e+00	-2.599820e+02
2.560000e-06	-1.199779e-06	-5.236476e-09	-8.713212e+00	-3.457510e+02
2.570000e-06	-1.337802e-06	-6.568512e-09	-9.715581e+00	-4.324571e+02
2.580000e-06	-1.475383e-06	-7.903920e-09	-1.071474e+01	-5.190288e+02
2.590000e-06	-1.612469e-06	-9.217581e-09	-1.171031e+01	-6.041908e+02
2.600000e-06	-1.748955e-06	-1.048347e-08	-1.270152e+01	-6.866262e+02
2.610000e-06	-1.884722e-06	-1.168155e-08	-1.368751e+01	-7.651461e+02
2.620000e-06	-2.019695e-06	-1.280099e-08	-1.466773e+01	-8.388351e+02
2.630000e-06	-2.153889e-06	-1.383729e-08	-1.564229e+01	-9.071433e+02
2.640000e-06	-2.287293e-06	-1.479401e-08	-1.661111e+01	-9.699131e+02
2.650000e-06	-2.419783e-06	-1.567472e-08	-1.757330e+01	-1.027340e+03
2.660000e-06	-2.551315e-06	-1.648488e-08	-1.852854e+01	-1.079881e+03
2.670000e-06	-2.681940e-06	-1.723060e-08	-1.947718e+01	-1.128134e+03
2.680000e-06	-2.811675e-06	-1.791916e-08	-2.041936e+01	-1.172721e+03
2.690000e-06	-2.940450e-06	-1.855986e-08	-2.135457e+01	-1.214189e+03
2.700000e-06	-3.068143e-06	-1.915666e-08	-2.228192e+01	-1.252953e+03
2.710000e-06	-3.194718e-06	-1.971324e-08	-2.320115e+01	-1.289282e+03
2.720000e-06	-3.320123e-06	-2.023160e-08	-2.411189e+01	-1.323327e+03
2.730000e-06	-3.444252e-06	-2.071362e-08	-2.501336e+01	-1.355171e+03
2.740000e-06	-3.567115e-06	-2.116389e-08	-2.590563e+01	-1.384881e+03
2.750000e-06	-3.688775e-06	-2.158487e-08	-2.678917e+01	-1.412555e+03
2.760000e-06	-3.809128e-06	-2.197982e-08	-2.766322e+01	-1.438346e+03
2.770000e-06	-3.928021e-06	-2.235227e-08	-2.852666e+01	-1.462457e+03
2.780000e-06	-4.045438e-06	-2.270417e-08	-2.937938e+01	-1.485117e+03
2.790000e-06	-4.161275e-06	-2.303614e-08	-3.022063e+01	-1.506549e+03
2.800000e-06	-4.275336e-06	-2.334885e-08	-3.104898e+01	-1.526935e+03
2.810000e-06	-4.387647e-06	-2.364510e-08	-3.186462e+01	-1.546394e+03
2.820000e-06	-4.498265e-06	-2.392607e-08	-3.266797e+01	-1.564978e+03
2.830000e-06	-4.607278e-06	-2.419228e-08	-3.345966e+01	-1.582688e+03
2.840000e-06	-4.714842e-06	-2.444482e-08	-3.424083e+01	-1.599496e+03
2.850000e-06	-4.820887e-06	-2.468391e-08	-3.501096e+01	-1.615379e+03
2.860000e-06	-4.925212e-06	-2.491084e-08	-3.576861e+01	-1.630344e+03
2.870000e-06	-5.027676e-06	-2.512728e-08	-3.651273e+01	-1.644439e+03
2.880000e-06	-5.128187e-06	-2.533504e-08	-3.724268e+01	-1.657750e+03
2.890000e-06	-5.226838e-06	-2.553458e-08	-3.795912e+01	-1.670390e+03
2.900000e-06	-5.323708e-06	-2.572527e-08	-3.866262e+01	-1.682469e+03
2.910000e-06	-5.418663e-06	-2.590682e-08	-3.935221e+01	-1.694073e+03
2.920000e-06	-5.511644e-06	-2.607804e-08	-4.002748e+01	-1.705251e+03
2.930000e-06	-5.602687e-06	-2.623888e-08	-4.068866e+01	-1.716006e+03
2.940000e-06	-5.691780e-06	-2.639143e-08	-4.133568e+01	-1.726309e+03
2.950000e-06	-5.778766e-06	-2.653776e-08	-4.196741e+01	-1.736112e+03
2.960000e-06	-5.863510e-06	-2.667706e-08	-4.258285e+01	-1.745371e+03
2.970000e-06	-5.946200e-06	-2.680895e-08	-4.318337e+01	-1.754065e+03
2.980000e-06	-6.026923e-06	-2.693342e-08	-4.376961e+01	-1.762207e+03
2.990000e-06	-6.105307e-06	-2.705029e-08	-4.433887e+01	-1.769841e+03
3.000000e-06	-6.181148e-06	-2.716012e-08	-4.488964e+01	-1.777033e+03
3.010000e-06	-6.254694e-06	-2.726397e-08	-4.542376e+01	-1.783854e+03
3.020000e-06	-6.326041e-06	-2.736403e-08	-4.594191e+01	-1.790363e+03
3.030000e-06	-6.395047e-06	-2.745829e-08	-4.644305e+01	-1.796594e+03
3.040000e-06	-6.461763e-06	-2.754667e-08	-4.692757e+01	-1.802555e+03
3.050000e-06	-6.526298e-06	-2.763085e-08	-4.739625e+01	-1.808231e+03
3.060000e-06	-6.588520e-06	-2.771101e-08	-4.784812e+01	-1.813594e+03
3.070000e-06	-6.648301e-06	-2.778580e-08	-4.828227e+01	-1.818626e+03
3.080000e-06	-6.705775e-06	-2.785620e-08	-4.869967e+01	-1.823320e+03
3.090000e-06	-6.760914e-06	-2.792306e-08	-4.910011e+01	-1.827696e+03
3.100000e-06	-6.813434e-06	-2.798758e-08	-4.948153e+01	-1.831790e+03
3.110000e-06	-6.863080e-06	-2.804859e-08	-4.984208e+01	-1.835651e+03
3.120000e-06	-6.909914e-06	-2.810681e-08	-5.018220e+01	-1.839321e+03
3.130000e-06	-6.954462e-06	-2.816232e-08	-5.050572e+01	-1.842827e+03
3.140000e-06	-6.996876e-06	-2.821262e-08	-5.081374e+01	-1.846169e+03
3.150000e-06	-7.036891e-06	-2.825529e-08	-5.110435e+01	-1.849323e+03
3.160000e-06	-7.074379e-06	-2.829364e-08	-5.137660e+01	-1.852245e+03
3.170000e-06	-7.109333e-06	-2.832909e-08	-5.163045e+01	-1.854886e+03
3.180000e-06	-7.141781e-06	-2.836126e-08	-5.186609e+01	-1.857208e+03
3.190000e-06	-7.171597e-06	-2.839012e-08	-5.208263e+01	-1.859196e+03
3.200000e-06	-7.198778e-06	-2.841614e-08	-5.228003e+01	-1.860863e+03
3.210000e-06	-7.223459e-06	-2.843908e-08	-5.245928e+01	-1.862245e+03
3.220000e-06	-7.245510e-06	-2.845934e-08	-5.261941e+01	-1.863395e+03
3.230000e-06	-7.264979e-06	-2.847709e-08	-5.276081e+01	-1.864368e+03
3.240000e-06	-7.281966e-06	-2.848984e-08	-5.288417e+01	-1.865204e+03
3.250000e-06	-7.296064e-06	-2.849808e-08	-5.298655e+01	-1.865920e+03
3.260000e-06	-7.307229e-06	-2.850139e-08	-5.306764e+01	-1.866510e+03
3.270000e-06	-7.315776e-06	-2.850310e-08	-5.312971e+01	-1.866944e+03
3.280000e-06	-7.321649e-06	-2.850289e-08	-5.317236e+01	-1.867186e+03
3.290000e-06	-7.324847e-06	-2.850087e-08	-5.319559e+01	-1.867200e+03
3.300000e-06	-7.325539e-06	-2.849366e-08	-5.320061e+01	-1.866968e+03
