# Temperatura_=_60.94
# Concentracion g/m^3_=_28200.0
# C_Vs_to_Am_M_A/Vsm_=_65563218390.804596
# pendiente_HvsI_1/m_=_3716.3
# ordenada_HvsI_A/m_=_1297.0
# frecuencia_Hz_=_302394.9391586129

Tiempo_(s)	Campo_(V.s)	Magnetizacion_(V.s)	Campo_(kA/m)	Magnetizacion_(A/m)
0.000000e+00	-7.256582e-06	-2.639833e-08	-5.318550e+01	-1.728185e+03
1.000000e-08	-7.252873e-06	-2.639513e-08	-5.315831e+01	-1.727660e+03
2.000000e-08	-7.246777e-06	-2.638266e-08	-5.311364e+01	-1.726980e+03
3.000000e-08	-7.238407e-06	-2.636715e-08	-5.305229e+01	-1.726166e+03
4.000000e-08	-7.227481e-06	-2.635063e-08	-5.297221e+01	-1.725231e+03
5.000000e-08	-7.213843e-06	-2.633112e-08	-5.287225e+01	-1.724178e+03
6.000000e-08	-7.197580e-06	-2.630873e-08	-5.275306e+01	-1.723001e+03
7.000000e-08	-7.179030e-06	-2.628143e-08	-5.261710e+01	-1.721688e+03
8.000000e-08	-7.158449e-06	-2.625502e-08	-5.246626e+01	-1.720232e+03
9.000000e-08	-7.135375e-06	-2.628757e-08	-5.229714e+01	-1.718631e+03
1.000000e-07	-7.109325e-06	-2.628495e-08	-5.210621e+01	-1.716899e+03
1.100000e-07	-7.080406e-06	-2.620239e-08	-5.189425e+01	-1.715061e+03
1.200000e-07	-7.049003e-06	-2.614706e-08	-5.166409e+01	-1.713147e+03
1.300000e-07	-7.015182e-06	-2.611461e-08	-5.141621e+01	-1.711182e+03
1.400000e-07	-6.979125e-06	-2.604206e-08	-5.115194e+01	-1.709176e+03
1.500000e-07	-6.941257e-06	-2.596830e-08	-5.087439e+01	-1.707115e+03
1.600000e-07	-6.901388e-06	-2.604450e-08	-5.058218e+01	-1.704954e+03
1.700000e-07	-6.859012e-06	-2.599790e-08	-5.027160e+01	-1.702627e+03
1.800000e-07	-6.814257e-06	-2.585492e-08	-4.994358e+01	-1.700057e+03
1.900000e-07	-6.767041e-06	-2.590428e-08	-4.959752e+01	-1.697172e+03
2.000000e-07	-6.716976e-06	-2.581074e-08	-4.923057e+01	-1.693919e+03
2.100000e-07	-6.664193e-06	-2.570330e-08	-4.884371e+01	-1.690281e+03
2.200000e-07	-6.608889e-06	-2.567788e-08	-4.843838e+01	-1.686277e+03
2.300000e-07	-6.551149e-06	-2.560471e-08	-4.801518e+01	-1.681960e+03
2.400000e-07	-6.490957e-06	-2.556544e-08	-4.757402e+01	-1.677398e+03
2.500000e-07	-6.428358e-06	-2.546190e-08	-4.711522e+01	-1.672662e+03
2.600000e-07	-6.363373e-06	-2.540915e-08	-4.663892e+01	-1.667803e+03
2.700000e-07	-6.295863e-06	-2.534529e-08	-4.614412e+01	-1.662837e+03
2.800000e-07	-6.225988e-06	-2.524153e-08	-4.563199e+01	-1.657747e+03
2.900000e-07	-6.153855e-06	-2.516054e-08	-4.510331e+01	-1.652482e+03
3.000000e-07	-6.079237e-06	-2.508287e-08	-4.455641e+01	-1.646974e+03
3.100000e-07	-6.002056e-06	-2.501834e-08	-4.399073e+01	-1.641158e+03
3.200000e-07	-5.922380e-06	-2.489554e-08	-4.340676e+01	-1.634983e+03
3.300000e-07	-5.840436e-06	-2.479408e-08	-4.280617e+01	-1.628431e+03
3.400000e-07	-5.756544e-06	-2.469300e-08	-4.219130e+01	-1.621511e+03
3.500000e-07	-5.670846e-06	-2.456764e-08	-4.156320e+01	-1.614259e+03
3.600000e-07	-5.583242e-06	-2.447066e-08	-4.092112e+01	-1.606716e+03
3.700000e-07	-5.493607e-06	-2.436268e-08	-4.026417e+01	-1.598917e+03
3.800000e-07	-5.401950e-06	-2.423571e-08	-3.959239e+01	-1.590872e+03
3.900000e-07	-5.308354e-06	-2.408892e-08	-3.890639e+01	-1.582560e+03
4.000000e-07	-5.212846e-06	-2.395321e-08	-3.820639e+01	-1.573934e+03
4.100000e-07	-5.115538e-06	-2.381893e-08	-3.749319e+01	-1.564927e+03
4.200000e-07	-5.016450e-06	-2.367708e-08	-3.676695e+01	-1.555474e+03
4.300000e-07	-4.915545e-06	-2.353212e-08	-3.602739e+01	-1.545524e+03
4.400000e-07	-4.812911e-06	-2.337280e-08	-3.527516e+01	-1.535054e+03
4.500000e-07	-4.708632e-06	-2.320011e-08	-3.451087e+01	-1.524070e+03
4.600000e-07	-4.602677e-06	-2.301833e-08	-3.373430e+01	-1.512597e+03
4.700000e-07	-4.494968e-06	-2.284041e-08	-3.294486e+01	-1.500671e+03
4.800000e-07	-4.385680e-06	-2.266411e-08	-3.214386e+01	-1.488313e+03
4.900000e-07	-4.274827e-06	-2.247420e-08	-3.133139e+01	-1.475518e+03
5.000000e-07	-4.162388e-06	-2.226373e-08	-3.050729e+01	-1.462249e+03
5.100000e-07	-4.048308e-06	-2.204301e-08	-2.967117e+01	-1.448433e+03
5.200000e-07	-3.932492e-06	-2.181676e-08	-2.882232e+01	-1.433982e+03
5.300000e-07	-3.815153e-06	-2.157993e-08	-2.796231e+01	-1.418807e+03
5.400000e-07	-3.696368e-06	-2.133386e-08	-2.709170e+01	-1.402834e+03
5.500000e-07	-3.576194e-06	-2.108203e-08	-2.621092e+01	-1.386022e+03
5.600000e-07	-3.454729e-06	-2.081688e-08	-2.532067e+01	-1.368360e+03
5.700000e-07	-3.331821e-06	-2.053538e-08	-2.441984e+01	-1.349859e+03
5.800000e-07	-3.207573e-06	-2.023902e-08	-2.350919e+01	-1.330532e+03
5.900000e-07	-3.082272e-06	-1.993230e-08	-2.259082e+01	-1.310369e+03
6.000000e-07	-2.955884e-06	-1.961083e-08	-2.166449e+01	-1.289321e+03
6.100000e-07	-2.828387e-06	-1.926867e-08	-2.073003e+01	-1.267287e+03
6.200000e-07	-2.699938e-06	-1.890821e-08	-1.978859e+01	-1.244119e+03
6.300000e-07	-2.570543e-06	-1.852935e-08	-1.884022e+01	-1.219640e+03
6.400000e-07	-2.440061e-06	-1.813157e-08	-1.788388e+01	-1.193663e+03
6.500000e-07	-2.308476e-06	-1.770759e-08	-1.691946e+01	-1.166023e+03
6.600000e-07	-2.176102e-06	-1.725875e-08	-1.594925e+01	-1.136587e+03
6.700000e-07	-2.043182e-06	-1.678564e-08	-1.497505e+01	-1.105259e+03
6.800000e-07	-1.909647e-06	-1.628470e-08	-1.399633e+01	-1.071962e+03
6.900000e-07	-1.775433e-06	-1.575122e-08	-1.301264e+01	-1.036616e+03
7.000000e-07	-1.640563e-06	-1.518046e-08	-1.202414e+01	-9.991011e+02
7.100000e-07	-1.505050e-06	-1.456780e-08	-1.103093e+01	-9.592359e+02
7.200000e-07	-1.369001e-06	-1.391082e-08	-1.003379e+01	-9.167735e+02
7.300000e-07	-1.232576e-06	-1.321338e-08	-9.033894e+00	-8.714203e+02
7.400000e-07	-1.095778e-06	-1.247136e-08	-8.031257e+00	-8.228836e+02
7.500000e-07	-9.585631e-07	-1.168144e-08	-7.025574e+00	-7.709357e+02
7.600000e-07	-8.210433e-07	-1.084192e-08	-6.017654e+00	-7.154827e+02
7.700000e-07	-6.833018e-07	-9.951112e-09	-5.008108e+00	-6.566200e+02
7.800000e-07	-5.452931e-07	-9.010382e-09	-3.996604e+00	-5.946560e+02
7.900000e-07	-4.070056e-07	-8.028143e-09	-2.983057e+00	-5.300948e+02
8.000000e-07	-2.684687e-07	-7.014523e-09	-1.967682e+00	-4.635747e+02
8.100000e-07	-1.297221e-07	-5.979965e-09	-9.507688e-01	-3.957710e+02
8.200000e-07	9.118435e-09	-4.935472e-09	6.683153e-02	-3.272834e+02
8.300000e-07	1.479387e-07	-3.887055e-09	1.084284e+00	-2.585304e+02
8.400000e-07	2.867383e-07	-2.839167e-09	2.101584e+00	-1.896765e+02
8.500000e-07	4.253667e-07	-1.789341e-09	3.117630e+00	-1.206118e+02
8.600000e-07	5.637728e-07	-7.336664e-10	4.132047e+00	-5.099137e+01
8.700000e-07	7.019537e-07	3.356229e-10	5.144813e+00	1.966897e+01
8.800000e-07	8.398553e-07	1.429923e-09	6.155532e+00	9.185933e+01
8.900000e-07	9.774468e-07	2.555120e-09	7.163978e+00	1.659305e+02
9.000000e-07	1.114709e-06	3.712848e-09	8.170011e+00	2.419681e+02
9.100000e-07	1.251622e-06	4.898085e-09	9.173487e+00	3.197124e+02
9.200000e-07	1.388090e-06	6.101321e-09	1.017370e+01	3.985424e+02
9.300000e-07	1.524099e-06	7.307235e-09	1.117054e+01	4.775270e+02
9.400000e-07	1.659594e-06	8.497851e-09	1.216362e+01	5.555348e+02
9.500000e-07	1.794478e-06	9.651577e-09	1.315223e+01	6.313791e+02
9.600000e-07	1.928660e-06	1.075280e-08	1.413568e+01	7.039705e+02
9.700000e-07	2.062084e-06	1.178825e-08	1.511359e+01	7.724470e+02
9.800000e-07	2.194796e-06	1.275035e-08	1.608627e+01	8.362592e+02
9.900000e-07	2.326821e-06	1.364054e-08	1.705391e+01	8.951976e+02
1.000000e-06	2.457967e-06	1.446135e-08	1.801512e+01	9.493632e+02
1.010000e-06	2.588043e-06	1.521777e-08	1.896848e+01	9.990928e+02
1.020000e-06	2.717081e-06	1.591503e-08	1.991424e+01	1.044860e+03
1.030000e-06	2.845117e-06	1.656119e-08	2.085265e+01	1.087173e+03
1.040000e-06	2.972115e-06	1.716150e-08	2.178345e+01	1.126493e+03
1.050000e-06	3.098001e-06	1.771933e-08	2.270610e+01	1.163187e+03
1.060000e-06	3.222797e-06	1.823871e-08	2.362077e+01	1.197509e+03
1.070000e-06	3.346614e-06	1.872171e-08	2.452826e+01	1.229622e+03
1.080000e-06	3.469293e-06	1.917263e-08	2.542741e+01	1.259632e+03
1.090000e-06	3.590621e-06	1.959320e-08	2.631666e+01	1.287633e+03
1.100000e-06	3.710566e-06	1.998657e-08	2.719576e+01	1.313739e+03
1.110000e-06	3.829147e-06	2.035711e-08	2.806488e+01	1.338100e+03
1.120000e-06	3.946368e-06	2.070762e-08	2.892403e+01	1.360902e+03
1.130000e-06	4.062140e-06	2.103780e-08	2.977255e+01	1.382342e+03
1.140000e-06	4.176234e-06	2.134778e-08	3.060877e+01	1.402607e+03
1.150000e-06	4.288617e-06	2.164065e-08	3.143246e+01	1.421846e+03
1.160000e-06	4.399496e-06	2.191877e-08	3.224512e+01	1.440157e+03
1.170000e-06	4.508944e-06	2.218249e-08	3.304729e+01	1.457586e+03
1.180000e-06	4.616961e-06	2.243074e-08	3.383899e+01	1.474138e+03
1.190000e-06	4.723349e-06	2.266569e-08	3.461873e+01	1.489803e+03
1.200000e-06	4.827939e-06	2.288844e-08	3.538530e+01	1.504577e+03
1.210000e-06	4.930789e-06	2.309923e-08	3.613911e+01	1.518482e+03
1.220000e-06	5.031914e-06	2.329782e-08	3.688029e+01	1.531574e+03
1.230000e-06	5.131220e-06	2.348641e-08	3.760813e+01	1.543938e+03
1.240000e-06	5.228503e-06	2.366572e-08	3.832115e+01	1.555673e+03
1.250000e-06	5.323808e-06	2.383501e-08	3.901966e+01	1.566875e+03
1.260000e-06	5.417314e-06	2.399747e-08	3.970500e+01	1.577614e+03
1.270000e-06	5.509002e-06	2.415524e-08	4.037700e+01	1.587925e+03
1.280000e-06	5.598626e-06	2.430649e-08	4.103388e+01	1.597806e+03
1.290000e-06	5.686090e-06	2.445027e-08	4.167493e+01	1.607226e+03
1.300000e-06	5.771529e-06	2.458598e-08	4.230113e+01	1.616144e+03
1.310000e-06	5.855046e-06	2.471301e-08	4.291325e+01	1.624524e+03
1.320000e-06	5.936417e-06	2.483225e-08	4.350964e+01	1.632355e+03
1.330000e-06	6.015494e-06	2.494617e-08	4.408922e+01	1.639653e+03
1.340000e-06	6.092388e-06	2.505323e-08	4.465280e+01	1.646467e+03
1.350000e-06	6.166922e-06	2.515197e-08	4.519907e+01	1.652863e+03
1.360000e-06	6.239084e-06	2.524539e-08	4.572797e+01	1.658915e+03
1.370000e-06	6.309063e-06	2.533517e-08	4.624087e+01	1.664683e+03
1.380000e-06	6.376881e-06	2.541930e-08	4.673793e+01	1.670209e+03
1.390000e-06	6.442352e-06	2.549671e-08	4.721778e+01	1.675509e+03
1.400000e-06	6.505497e-06	2.556997e-08	4.768059e+01	1.680575e+03
1.410000e-06	6.566492e-06	2.564060e-08	4.812764e+01	1.685390e+03
1.420000e-06	6.625255e-06	2.570871e-08	4.855833e+01	1.689931e+03
1.430000e-06	6.681639e-06	2.577491e-08	4.897158e+01	1.694186e+03
1.440000e-06	6.735589e-06	2.583748e-08	4.936700e+01	1.698157e+03
1.450000e-06	6.786823e-06	2.589575e-08	4.974251e+01	1.701862e+03
1.460000e-06	6.835195e-06	2.595151e-08	5.009704e+01	1.705325e+03
1.470000e-06	6.881057e-06	2.600354e-08	5.043317e+01	1.708572e+03
1.480000e-06	6.924607e-06	2.605163e-08	5.075236e+01	1.711622e+03
1.490000e-06	6.965641e-06	2.609605e-08	5.105311e+01	1.714478e+03
1.500000e-06	7.004171e-06	2.613429e-08	5.133551e+01	1.717130e+03
1.510000e-06	7.040417e-06	2.616782e-08	5.160117e+01	1.719557e+03
1.520000e-06	7.074139e-06	2.619975e-08	5.184832e+01	1.721739e+03
1.530000e-06	7.105227e-06	2.623057e-08	5.207618e+01	1.723659e+03
1.540000e-06	7.133907e-06	2.625863e-08	5.228638e+01	1.725315e+03
1.550000e-06	7.160025e-06	2.628290e-08	5.247781e+01	1.726721e+03
1.560000e-06	7.183381e-06	2.630403e-08	5.264899e+01	1.727904e+03
1.570000e-06	7.204221e-06	2.632107e-08	5.280173e+01	1.728896e+03
1.580000e-06	7.222598e-06	2.633328e-08	5.293642e+01	1.729728e+03
1.590000e-06	7.238311e-06	2.634123e-08	5.305158e+01	1.730420e+03
1.600000e-06	7.251265e-06	2.634634e-08	5.314653e+01	1.730980e+03
1.610000e-06	7.261301e-06	2.635110e-08	5.322008e+01	1.731401e+03
1.620000e-06	7.268584e-06	2.635650e-08	5.327346e+01	1.731665e+03
1.630000e-06	7.273392e-06	2.636068e-08	5.330870e+01	1.731755e+03
1.640000e-06	7.275643e-06	2.636337e-08	5.332520e+01	1.731658e+03
1.650000e-06	7.275316e-06	2.636393e-08	5.332281e+01	1.731372e+03
1.660000e-06	7.272590e-06	2.635380e-08	5.330283e+01	1.730906e+03
1.670000e-06	7.267448e-06	2.634205e-08	5.326514e+01	1.730279e+03
1.680000e-06	7.259774e-06	2.633065e-08	5.320889e+01	1.729510e+03
1.690000e-06	7.249694e-06	2.631678e-08	5.313501e+01	1.728616e+03
1.700000e-06	7.237174e-06	2.630549e-08	5.304325e+01	1.727605e+03
1.710000e-06	7.222135e-06	2.629869e-08	5.293303e+01	1.726473e+03
1.720000e-06	7.204782e-06	2.629565e-08	5.280584e+01	1.725209e+03
1.730000e-06	7.185278e-06	2.626591e-08	5.266289e+01	1.723804e+03
1.740000e-06	7.163198e-06	2.616070e-08	5.250106e+01	1.722254e+03
1.750000e-06	7.137857e-06	2.614484e-08	5.231533e+01	1.720566e+03
1.760000e-06	7.109159e-06	2.617102e-08	5.210499e+01	1.718761e+03
1.770000e-06	7.077701e-06	2.613947e-08	5.187443e+01	1.716870e+03
1.780000e-06	7.044190e-06	2.614063e-08	5.162882e+01	1.714920e+03
1.790000e-06	7.009012e-06	2.619713e-08	5.137099e+01	1.712929e+03
1.800000e-06	6.972212e-06	2.606926e-08	5.110127e+01	1.710890e+03
1.810000e-06	6.933086e-06	2.597939e-08	5.081451e+01	1.708771e+03
1.820000e-06	6.891258e-06	2.606618e-08	5.050793e+01	1.706511e+03
1.830000e-06	6.847206e-06	2.594644e-08	5.018507e+01	1.704037e+03
1.840000e-06	6.800749e-06	2.600229e-08	4.984457e+01	1.701271e+03
1.850000e-06	6.751702e-06	2.598733e-08	4.948510e+01	1.698152e+03
1.860000e-06	6.700064e-06	2.585976e-08	4.910662e+01	1.694651e+03
1.870000e-06	6.645626e-06	2.586926e-08	4.870764e+01	1.690773e+03
1.880000e-06	6.588768e-06	2.571517e-08	4.829091e+01	1.686559e+03
1.890000e-06	6.529500e-06	2.571053e-08	4.785651e+01	1.682076e+03
1.900000e-06	6.467625e-06	2.563619e-08	4.740301e+01	1.677394e+03
1.910000e-06	6.403271e-06	2.550320e-08	4.693135e+01	1.672574e+03
1.920000e-06	6.336519e-06	2.551776e-08	4.644210e+01	1.667646e+03
1.930000e-06	6.267472e-06	2.539936e-08	4.593604e+01	1.662604e+03
1.940000e-06	6.195989e-06	2.534308e-08	4.541212e+01	1.657408e+03
1.950000e-06	6.122071e-06	2.522533e-08	4.487035e+01	1.651995e+03
1.960000e-06	6.045683e-06	2.513749e-08	4.431048e+01	1.646295e+03
1.970000e-06	5.966734e-06	2.507103e-08	4.373184e+01	1.640251e+03
1.980000e-06	5.885609e-06	2.493244e-08	4.313726e+01	1.633833e+03
1.990000e-06	5.802579e-06	2.488647e-08	4.252871e+01	1.627041e+03
2.000000e-06	5.717545e-06	2.475263e-08	4.190547e+01	1.619902e+03
2.010000e-06	5.630301e-06	2.464008e-08	4.126604e+01	1.612458e+03
2.020000e-06	5.541006e-06	2.450814e-08	4.061157e+01	1.604747e+03
2.030000e-06	5.449832e-06	2.439419e-08	3.994333e+01	1.596790e+03
2.040000e-06	5.356711e-06	2.430171e-08	3.926081e+01	1.588577e+03
2.050000e-06	5.261635e-06	2.416347e-08	3.856398e+01	1.580069e+03
2.060000e-06	5.164742e-06	2.403754e-08	3.785382e+01	1.571205e+03
2.070000e-06	5.066187e-06	2.386442e-08	3.713148e+01	1.561918e+03
2.080000e-06	4.965889e-06	2.371092e-08	3.639637e+01	1.552149e+03
2.090000e-06	4.863768e-06	2.354870e-08	3.564790e+01	1.541865e+03
2.100000e-06	4.759785e-06	2.340126e-08	3.488578e+01	1.531062e+03
2.110000e-06	4.654175e-06	2.323775e-08	3.411173e+01	1.519759e+03
2.120000e-06	4.547056e-06	2.305448e-08	3.332663e+01	1.507991e+03
2.130000e-06	4.438401e-06	2.286626e-08	3.253027e+01	1.495785e+03
2.140000e-06	4.328142e-06	2.267167e-08	3.172215e+01	1.483148e+03
2.150000e-06	4.216168e-06	2.248000e-08	3.090146e+01	1.470054e+03
2.160000e-06	4.102557e-06	2.227391e-08	3.006878e+01	1.456442e+03
2.170000e-06	3.987354e-06	2.206345e-08	2.922442e+01	1.442229e+03
2.180000e-06	3.870526e-06	2.182820e-08	2.836816e+01	1.427321e+03
2.190000e-06	3.752041e-06	2.158554e-08	2.749975e+01	1.411639e+03
2.200000e-06	3.632012e-06	2.132859e-08	2.662002e+01	1.395129e+03
2.210000e-06	3.510607e-06	2.107124e-08	2.573021e+01	1.377769e+03
2.220000e-06	3.387929e-06	2.080003e-08	2.483107e+01	1.359565e+03
2.230000e-06	3.264047e-06	2.051479e-08	2.392310e+01	1.340532e+03
2.240000e-06	3.139020e-06	2.021505e-08	2.300675e+01	1.320670e+03
2.250000e-06	3.012829e-06	1.990107e-08	2.208186e+01	1.299946e+03
2.260000e-06	2.885363e-06	1.957248e-08	2.114762e+01	1.278278e+03
2.270000e-06	2.756758e-06	1.922088e-08	2.020504e+01	1.255535e+03
2.280000e-06	2.627211e-06	1.885123e-08	1.925556e+01	1.231544e+03
2.290000e-06	2.496785e-06	1.846021e-08	1.829963e+01	1.206122e+03
2.300000e-06	2.365548e-06	1.805067e-08	1.733775e+01	1.179093e+03
2.310000e-06	2.233516e-06	1.761500e-08	1.637006e+01	1.150310e+03
2.320000e-06	2.100796e-06	1.715385e-08	1.539731e+01	1.119666e+03
2.330000e-06	1.967442e-06	1.665977e-08	1.441993e+01	1.087080e+03
2.340000e-06	1.833344e-06	1.613313e-08	1.343709e+01	1.052477e+03
2.350000e-06	1.698464e-06	1.557239e-08	1.244851e+01	1.015753e+03
2.360000e-06	1.562864e-06	1.497635e-08	1.145466e+01	9.767516e+02
2.370000e-06	1.426704e-06	1.434123e-08	1.045671e+01	9.352481e+02
2.380000e-06	1.290189e-06	1.365977e-08	9.456152e+00	8.909616e+02
2.390000e-06	1.153380e-06	1.293006e-08	8.453442e+00	8.435922e+02
2.400000e-06	1.016270e-06	1.215164e-08	7.448521e+00	7.928810e+02
2.410000e-06	8.788088e-07	1.132547e-08	6.441033e+00	7.386790e+02
2.420000e-06	7.410156e-07	1.045179e-08	5.431108e+00	6.810091e+02
2.430000e-06	6.029578e-07	9.531322e-09	4.419244e+00	6.201035e+02
2.440000e-06	4.646862e-07	8.564179e-09	3.405813e+00	5.564011e+02
2.450000e-06	3.262149e-07	7.556838e-09	2.390919e+00	4.905020e+02
2.460000e-06	1.875424e-07	6.521526e-09	1.374550e+00	4.230809e+02
2.470000e-06	4.875322e-08	5.470486e-09	3.573258e-01	3.547774e+02
2.480000e-06	-9.008678e-08	4.414022e-09	-6.602710e-01	2.860855e+02
2.490000e-06	-2.288984e-07	3.357763e-09	-1.677660e+00	2.172655e+02
2.500000e-06	-3.675868e-07	2.299831e-09	-2.694145e+00	1.483044e+02
2.510000e-06	-5.061605e-07	1.237439e-09	-3.709790e+00	7.893270e+01
2.520000e-06	-6.445822e-07	1.654698e-10	-4.724322e+00	8.702176e+00
2.530000e-06	-7.827387e-07	-9.240509e-10	-5.736908e+00	-6.289189e+01
2.540000e-06	-9.205952e-07	-2.038133e-09	-6.747297e+00	-1.362661e+02
2.550000e-06	-1.058087e-06	-3.182805e-09	-7.755010e+00	-2.116129e+02
2.560000e-06	-1.195167e-06	-4.360236e-09	-8.759710e+00	-2.888013e+02
2.570000e-06	-1.331901e-06	-5.564320e-09	-9.761873e+00	-3.673369e+02
2.580000e-06	-1.468294e-06	-6.780430e-09	-1.076153e+01	-4.463892e+02
2.590000e-06	-1.604228e-06	-7.989446e-09	-1.175783e+01	-5.248832e+02
2.600000e-06	-1.739525e-06	-9.169307e-09	-1.274946e+01	-6.016340e+02
2.610000e-06	-1.874003e-06	-1.029981e-08	-1.373509e+01	-6.755010e+02
2.620000e-06	-2.007608e-06	-1.136780e-08	-1.471431e+01	-7.455282e+02
2.630000e-06	-2.140506e-06	-1.236439e-08	-1.568836e+01	-8.110485e+02
2.640000e-06	-2.272667e-06	-1.328883e-08	-1.665700e+01	-8.717315e+02
2.650000e-06	-2.403977e-06	-1.414378e-08	-1.761941e+01	-9.275740e+02
2.660000e-06	-2.534397e-06	-1.493180e-08	-1.857530e+01	-9.788391e+02
2.670000e-06	-2.663850e-06	-1.565767e-08	-1.952409e+01	-1.025963e+03
2.680000e-06	-2.792433e-06	-1.632856e-08	-2.046652e+01	-1.069454e+03
2.690000e-06	-2.920048e-06	-1.695279e-08	-2.140184e+01	-1.109796e+03
2.700000e-06	-3.046476e-06	-1.753333e-08	-2.232846e+01	-1.147394e+03
2.710000e-06	-3.171772e-06	-1.807302e-08	-2.324680e+01	-1.182541e+03
2.720000e-06	-3.295951e-06	-1.857330e-08	-2.415694e+01	-1.215429e+03
2.730000e-06	-3.418900e-06	-1.903935e-08	-2.505807e+01	-1.246180e+03
2.740000e-06	-3.540613e-06	-1.947529e-08	-2.595013e+01	-1.274887e+03
2.750000e-06	-3.661169e-06	-1.988333e-08	-2.683372e+01	-1.301655e+03
2.760000e-06	-3.780350e-06	-2.026767e-08	-2.770723e+01	-1.326621e+03
2.770000e-06	-3.897963e-06	-2.062918e-08	-2.856925e+01	-1.349958e+03
2.780000e-06	-4.014051e-06	-2.097011e-08	-2.942009e+01	-1.371862e+03
2.790000e-06	-4.128559e-06	-2.128971e-08	-3.025935e+01	-1.392528e+03
2.800000e-06	-4.241330e-06	-2.158987e-08	-3.108588e+01	-1.412120e+03
2.810000e-06	-4.352327e-06	-2.187419e-08	-3.189941e+01	-1.430756e+03
2.820000e-06	-4.461773e-06	-2.214317e-08	-3.270157e+01	-1.448498e+03
2.830000e-06	-4.569835e-06	-2.239973e-08	-3.349359e+01	-1.465365e+03
2.840000e-06	-4.676451e-06	-2.264323e-08	-3.427500e+01	-1.481349e+03
2.850000e-06	-4.781452e-06	-2.287247e-08	-3.504459e+01	-1.496440e+03
2.860000e-06	-4.884665e-06	-2.308906e-08	-3.580106e+01	-1.510652e+03
2.870000e-06	-4.985975e-06	-2.329535e-08	-3.654359e+01	-1.524026e+03
2.880000e-06	-5.085478e-06	-2.349235e-08	-3.727287e+01	-1.536639e+03
2.890000e-06	-5.183282e-06	-2.367909e-08	-3.798970e+01	-1.548588e+03
2.900000e-06	-5.279296e-06	-2.385582e-08	-3.869342e+01	-1.559972e+03
2.910000e-06	-5.373381e-06	-2.402411e-08	-3.938300e+01	-1.570871e+03
2.920000e-06	-5.465499e-06	-2.418386e-08	-4.005815e+01	-1.581334e+03
2.930000e-06	-5.555681e-06	-2.433583e-08	-4.071912e+01	-1.591371e+03
2.940000e-06	-5.643853e-06	-2.448095e-08	-4.136536e+01	-1.600961e+03
2.950000e-06	-5.729864e-06	-2.461822e-08	-4.199576e+01	-1.610064e+03
2.960000e-06	-5.813737e-06	-2.474673e-08	-4.261049e+01	-1.618640e+03
2.970000e-06	-5.895633e-06	-2.486818e-08	-4.321073e+01	-1.626667e+03
2.980000e-06	-5.975522e-06	-2.498265e-08	-4.379626e+01	-1.634152e+03
2.990000e-06	-6.053080e-06	-2.508850e-08	-4.436470e+01	-1.641132e+03
3.000000e-06	-6.128146e-06	-2.518811e-08	-4.491488e+01	-1.647670e+03
3.010000e-06	-6.200941e-06	-2.528265e-08	-4.544841e+01	-1.653837e+03
3.020000e-06	-6.271514e-06	-2.537455e-08	-4.596566e+01	-1.659701e+03
3.030000e-06	-6.339774e-06	-2.546120e-08	-4.646596e+01	-1.665311e+03
3.040000e-06	-6.405810e-06	-2.554292e-08	-4.694995e+01	-1.670692e+03
3.050000e-06	-6.469703e-06	-2.562330e-08	-4.741824e+01	-1.675845e+03
3.060000e-06	-6.531269e-06	-2.569984e-08	-4.786948e+01	-1.680753e+03
3.070000e-06	-6.590387e-06	-2.576904e-08	-4.830277e+01	-1.685394e+03
3.080000e-06	-6.647225e-06	-2.583220e-08	-4.871935e+01	-1.689752e+03
3.090000e-06	-6.701723e-06	-2.589259e-08	-4.911878e+01	-1.693824e+03
3.100000e-06	-6.753574e-06	-2.595150e-08	-4.949882e+01	-1.697622e+03
3.110000e-06	-6.802551e-06	-2.600652e-08	-4.985778e+01	-1.701169e+03
3.120000e-06	-6.848861e-06	-2.605928e-08	-5.019720e+01	-1.704492e+03
3.130000e-06	-6.892938e-06	-2.610885e-08	-5.052025e+01	-1.707611e+03
3.140000e-06	-6.934801e-06	-2.615286e-08	-5.082707e+01	-1.710538e+03
3.150000e-06	-6.974306e-06	-2.619186e-08	-5.111662e+01	-1.713265e+03
3.160000e-06	-7.011304e-06	-2.622743e-08	-5.138779e+01	-1.715776e+03
3.170000e-06	-7.045771e-06	-2.626011e-08	-5.164041e+01	-1.718048e+03
3.180000e-06	-7.077813e-06	-2.628870e-08	-5.187525e+01	-1.720063e+03
3.190000e-06	-7.107234e-06	-2.631273e-08	-5.209088e+01	-1.721814e+03
3.200000e-06	-7.133990e-06	-2.633426e-08	-5.228698e+01	-1.723307e+03
3.210000e-06	-7.158282e-06	-2.635411e-08	-5.246503e+01	-1.724567e+03
3.220000e-06	-7.180006e-06	-2.637270e-08	-5.262425e+01	-1.725624e+03
3.230000e-06	-7.199175e-06	-2.638897e-08	-5.276474e+01	-1.726510e+03
3.240000e-06	-7.215866e-06	-2.640081e-08	-5.288707e+01	-1.727252e+03
3.250000e-06	-7.229668e-06	-2.640762e-08	-5.298824e+01	-1.727860e+03
3.260000e-06	-7.240506e-06	-2.640993e-08	-5.306767e+01	-1.728332e+03
3.270000e-06	-7.248760e-06	-2.641064e-08	-5.312817e+01	-1.728655e+03
3.280000e-06	-7.254441e-06	-2.641063e-08	-5.316981e+01	-1.728810e+03
3.290000e-06	-7.257521e-06	-2.640952e-08	-5.319238e+01	-1.728781e+03
3.300000e-06	-7.258124e-06	-2.640411e-08	-5.319680e+01	-1.728563e+03
