# Temperatura_=_52.7
# Concentracion g/m^3_=_28200.0
# C_Vs_to_Am_M_A/Vsm_=_65563218390.804596
# pendiente_HvsI_1/m_=_3716.3
# ordenada_HvsI_A/m_=_1297.0
# frecuencia_Hz_=_302131.5783365349

Tiempo_(s)	Campo_(V.s)	Magnetizacion_(V.s)	Campo_(kA/m)	Magnetizacion_(A/m)
0.000000e+00	-6.382651e-06	-2.337594e-08	-4.585276e+01	-1.531306e+03
1.000000e-08	-6.379522e-06	-2.337472e-08	-4.583028e+01	-1.530952e+03
2.000000e-08	-6.374287e-06	-2.336500e-08	-4.579268e+01	-1.530445e+03
3.000000e-08	-6.367119e-06	-2.335350e-08	-4.574118e+01	-1.529765e+03
4.000000e-08	-6.357870e-06	-2.333768e-08	-4.567474e+01	-1.528894e+03
5.000000e-08	-6.346205e-06	-2.331580e-08	-4.559094e+01	-1.527825e+03
6.000000e-08	-6.332166e-06	-2.329359e-08	-4.549008e+01	-1.526567e+03
7.000000e-08	-6.315876e-06	-2.326717e-08	-4.537305e+01	-1.525141e+03
8.000000e-08	-6.297488e-06	-2.325673e-08	-4.524096e+01	-1.523582e+03
9.000000e-08	-6.277105e-06	-2.330779e-08	-4.509452e+01	-1.521932e+03
1.000000e-07	-6.254362e-06	-2.326664e-08	-4.493114e+01	-1.520226e+03
1.100000e-07	-6.228881e-06	-2.317860e-08	-4.474808e+01	-1.518489e+03
1.200000e-07	-6.200988e-06	-2.314752e-08	-4.454770e+01	-1.516724e+03
1.300000e-07	-6.171257e-06	-2.308615e-08	-4.433411e+01	-1.514907e+03
1.400000e-07	-6.139932e-06	-2.296197e-08	-4.410908e+01	-1.512994e+03
1.500000e-07	-6.106900e-06	-2.305494e-08	-4.387178e+01	-1.510921e+03
1.600000e-07	-6.071849e-06	-2.307617e-08	-4.361997e+01	-1.508620e+03
1.700000e-07	-6.034917e-06	-2.288154e-08	-4.335465e+01	-1.506027e+03
1.800000e-07	-5.996033e-06	-2.297405e-08	-4.307531e+01	-1.503098e+03
1.900000e-07	-5.954675e-06	-2.288808e-08	-4.277820e+01	-1.499813e+03
2.000000e-07	-5.911086e-06	-2.275148e-08	-4.246506e+01	-1.496185e+03
2.100000e-07	-5.865479e-06	-2.279756e-08	-4.213742e+01	-1.492251e+03
2.200000e-07	-5.817606e-06	-2.267142e-08	-4.179350e+01	-1.488068e+03
2.300000e-07	-5.767298e-06	-2.259918e-08	-4.143209e+01	-1.483697e+03
2.400000e-07	-5.714463e-06	-2.255014e-08	-4.105252e+01	-1.479193e+03
2.500000e-07	-5.659409e-06	-2.246740e-08	-4.065701e+01	-1.474591e+03
2.600000e-07	-5.602123e-06	-2.244196e-08	-4.024547e+01	-1.469899e+03
2.700000e-07	-5.542677e-06	-2.235667e-08	-3.981842e+01	-1.465098e+03
2.800000e-07	-5.481346e-06	-2.227163e-08	-3.937781e+01	-1.460146e+03
2.900000e-07	-5.418049e-06	-2.216648e-08	-3.892310e+01	-1.454988e+03
3.000000e-07	-5.352626e-06	-2.209003e-08	-3.845310e+01	-1.449568e+03
3.100000e-07	-5.285116e-06	-2.201835e-08	-3.796811e+01	-1.443840e+03
3.200000e-07	-5.215667e-06	-2.191250e-08	-3.746919e+01	-1.437776e+03
3.300000e-07	-5.144430e-06	-2.184061e-08	-3.695743e+01	-1.431370e+03
3.400000e-07	-5.071392e-06	-2.171128e-08	-3.643272e+01	-1.424635e+03
3.500000e-07	-4.996270e-06	-2.160004e-08	-3.589305e+01	-1.417595e+03
3.600000e-07	-4.919002e-06	-2.149592e-08	-3.533796e+01	-1.410277e+03
3.700000e-07	-4.839692e-06	-2.137656e-08	-3.476820e+01	-1.402702e+03
3.800000e-07	-4.758520e-06	-2.127512e-08	-3.418506e+01	-1.394873e+03
3.900000e-07	-4.675736e-06	-2.113911e-08	-3.359034e+01	-1.386778e+03
4.000000e-07	-4.591530e-06	-2.100158e-08	-3.298541e+01	-1.378389e+03
4.100000e-07	-4.505933e-06	-2.086457e-08	-3.237048e+01	-1.369667e+03
4.200000e-07	-4.418905e-06	-2.073211e-08	-3.174527e+01	-1.360571e+03
4.300000e-07	-4.330479e-06	-2.058916e-08	-3.111003e+01	-1.351065e+03
4.400000e-07	-4.240434e-06	-2.043050e-08	-3.046314e+01	-1.341127e+03
4.500000e-07	-4.148735e-06	-2.028037e-08	-2.980439e+01	-1.330744e+03
4.600000e-07	-4.055538e-06	-2.011068e-08	-2.913485e+01	-1.319919e+03
4.700000e-07	-3.960919e-06	-1.994102e-08	-2.845512e+01	-1.308656e+03
4.800000e-07	-3.865054e-06	-1.976384e-08	-2.776643e+01	-1.296960e+03
4.900000e-07	-3.767856e-06	-1.957737e-08	-2.706816e+01	-1.284824e+03
5.000000e-07	-3.669065e-06	-1.937739e-08	-2.635845e+01	-1.272230e+03
5.100000e-07	-3.568827e-06	-1.916899e-08	-2.563834e+01	-1.259140e+03
5.200000e-07	-3.467433e-06	-1.895921e-08	-2.490993e+01	-1.245509e+03
5.300000e-07	-3.364814e-06	-1.873939e-08	-2.417272e+01	-1.231283e+03
5.400000e-07	-3.260986e-06	-1.851559e-08	-2.342682e+01	-1.216409e+03
5.500000e-07	-3.155943e-06	-1.827639e-08	-2.267220e+01	-1.200839e+03
5.600000e-07	-3.049605e-06	-1.802863e-08	-2.190827e+01	-1.184534e+03
5.700000e-07	-2.942008e-06	-1.776707e-08	-2.113530e+01	-1.167466e+03
5.800000e-07	-2.833363e-06	-1.749519e-08	-2.035479e+01	-1.149608e+03
5.900000e-07	-2.723764e-06	-1.720945e-08	-1.956744e+01	-1.130931e+03
6.000000e-07	-2.613192e-06	-1.690552e-08	-1.877309e+01	-1.111397e+03
6.100000e-07	-2.501674e-06	-1.658674e-08	-1.797195e+01	-1.090952e+03
6.200000e-07	-2.389230e-06	-1.625452e-08	-1.716415e+01	-1.069523e+03
6.300000e-07	-2.275863e-06	-1.591164e-08	-1.634973e+01	-1.047023e+03
6.400000e-07	-2.161403e-06	-1.555187e-08	-1.552745e+01	-1.023352e+03
6.500000e-07	-2.045883e-06	-1.517347e-08	-1.469756e+01	-9.984040e+02
6.600000e-07	-1.929596e-06	-1.477035e-08	-1.386216e+01	-9.720743e+02
6.700000e-07	-1.812655e-06	-1.434450e-08	-1.302205e+01	-9.442606e+02
6.800000e-07	-1.695094e-06	-1.389802e-08	-1.217750e+01	-9.148641e+02
6.900000e-07	-1.577007e-06	-1.342576e-08	-1.132917e+01	-8.837868e+02
7.000000e-07	-1.458483e-06	-1.292422e-08	-1.047770e+01	-8.509271e+02
7.100000e-07	-1.339470e-06	-1.239180e-08	-9.622710e+00	-8.161783e+02
7.200000e-07	-1.219989e-06	-1.183020e-08	-8.764364e+00	-7.794305e+02
7.300000e-07	-1.100094e-06	-1.123505e-08	-7.903042e+00	-7.405797e+02
7.400000e-07	-9.797725e-07	-1.060812e-08	-7.038655e+00	-6.995436e+02
7.500000e-07	-8.590972e-07	-9.952743e-09	-6.171728e+00	-6.562828e+02
7.600000e-07	-7.381570e-07	-9.266560e-09	-5.302897e+00	-6.108222e+02
7.700000e-07	-6.170309e-07	-8.543488e-09	-4.432731e+00	-5.632700e+02
7.800000e-07	-4.957334e-07	-7.789459e-09	-3.561333e+00	-5.138252e+02
7.900000e-07	-3.742723e-07	-7.011143e-09	-2.688761e+00	-4.627720e+02
8.000000e-07	-2.526817e-07	-6.211179e-09	-1.815257e+00	-4.104581e+02
8.100000e-07	-1.310113e-07	-5.398960e-09	-9.411811e-01	-3.572575e+02
8.200000e-07	-9.238944e-09	-4.581790e-09	-6.637228e-02	-3.035241e+02
8.300000e-07	1.125720e-07	-3.765536e-09	8.087139e-01	-2.495435e+02
8.400000e-07	2.343693e-07	-2.947453e-09	1.683702e+00	-1.954912e+02
8.500000e-07	3.561289e-07	-2.128941e-09	2.558419e+00	-1.414078e+02
8.600000e-07	4.777306e-07	-1.305893e-09	3.432002e+00	-8.719628e+01
8.700000e-07	5.991736e-07	-4.750459e-10	4.304445e+00	-3.264440e+01
8.800000e-07	7.204886e-07	3.666313e-10	5.175968e+00	2.252995e+01
8.900000e-07	8.416267e-07	1.222011e-09	6.046220e+00	7.861726e+01
9.000000e-07	9.625353e-07	2.090723e-09	6.914823e+00	1.358490e+02
9.100000e-07	1.083147e-06	2.977570e-09	7.781297e+00	1.943361e+02
9.200000e-07	1.203364e-06	3.885436e-09	8.644928e+00	2.540243e+02
9.300000e-07	1.323031e-06	4.810907e-09	9.504612e+00	3.146740e+02
9.400000e-07	1.442084e-06	5.744629e-09	1.035989e+01	3.758693e+02
9.500000e-07	1.560627e-06	6.679437e-09	1.121150e+01	4.370536e+02
9.600000e-07	1.678712e-06	7.602020e-09	1.205981e+01	4.975852e+02
9.700000e-07	1.796211e-06	8.499356e-09	1.290392e+01	5.568051e+02
9.800000e-07	1.913025e-06	9.366699e-09	1.374312e+01	6.141030e+02
9.900000e-07	2.029066e-06	1.020073e-08	1.457675e+01	6.689735e+02
1.000000e-06	2.144172e-06	1.099771e-08	1.540367e+01	7.210527e+02
1.010000e-06	2.258313e-06	1.174571e-08	1.622365e+01	7.701328e+02
1.020000e-06	2.371538e-06	1.244309e-08	1.703705e+01	8.161547e+02
1.030000e-06	2.483786e-06	1.309205e-08	1.784344e+01	8.591825e+02
1.040000e-06	2.595005e-06	1.369993e-08	1.864243e+01	8.993677e+02
1.050000e-06	2.705289e-06	1.427039e-08	1.943471e+01	9.369103e+02
1.060000e-06	2.814671e-06	1.480571e-08	2.022051e+01	9.720244e+02
1.070000e-06	2.923205e-06	1.530686e-08	2.100021e+01	1.004913e+03
1.080000e-06	3.030822e-06	1.577500e-08	2.177333e+01	1.035755e+03
1.090000e-06	3.137309e-06	1.621284e-08	2.253833e+01	1.064701e+03
1.100000e-06	3.242579e-06	1.662486e-08	2.329458e+01	1.091880e+03
1.110000e-06	3.346546e-06	1.701375e-08	2.404148e+01	1.117408e+03
1.120000e-06	3.449246e-06	1.737706e-08	2.477927e+01	1.141398e+03
1.130000e-06	3.550804e-06	1.771956e-08	2.550887e+01	1.163962e+03
1.140000e-06	3.651245e-06	1.804288e-08	2.623043e+01	1.185218e+03
1.150000e-06	3.750443e-06	1.835021e-08	2.694306e+01	1.205281e+03
1.160000e-06	3.848205e-06	1.863946e-08	2.764538e+01	1.224260e+03
1.170000e-06	3.944404e-06	1.891269e-08	2.833647e+01	1.242248e+03
1.180000e-06	4.039111e-06	1.917234e-08	2.901684e+01	1.259324e+03
1.190000e-06	4.132544e-06	1.941954e-08	2.968807e+01	1.275545e+03
1.200000e-06	4.224755e-06	1.965330e-08	3.035051e+01	1.290949e+03
1.210000e-06	4.315509e-06	1.987523e-08	3.100248e+01	1.305569e+03
1.220000e-06	4.404535e-06	2.008437e-08	3.164204e+01	1.319429e+03
1.230000e-06	4.491858e-06	2.028192e-08	3.226937e+01	1.332560e+03
1.240000e-06	4.577595e-06	2.046878e-08	3.288530e+01	1.344999e+03
1.250000e-06	4.661850e-06	2.064644e-08	3.349058e+01	1.356791e+03
1.260000e-06	4.744563e-06	2.081678e-08	3.408479e+01	1.367989e+03
1.270000e-06	4.825472e-06	2.097995e-08	3.466604e+01	1.378641e+03
1.280000e-06	4.904558e-06	2.113619e-08	3.523419e+01	1.388793e+03
1.290000e-06	4.981898e-06	2.128566e-08	3.578980e+01	1.398478e+03
1.300000e-06	5.057324e-06	2.142991e-08	3.633166e+01	1.407713e+03
1.310000e-06	5.130674e-06	2.156685e-08	3.685860e+01	1.416503e+03
1.320000e-06	5.202055e-06	2.169538e-08	3.737140e+01	1.424844e+03
1.330000e-06	5.271623e-06	2.181482e-08	3.787117e+01	1.432729e+03
1.340000e-06	5.339360e-06	2.192582e-08	3.835779e+01	1.440153e+03
1.350000e-06	5.405077e-06	2.203071e-08	3.882990e+01	1.447125e+03
1.360000e-06	5.468783e-06	2.213109e-08	3.928757e+01	1.453665e+03
1.370000e-06	5.530648e-06	2.222708e-08	3.973200e+01	1.459807e+03
1.380000e-06	5.590666e-06	2.231830e-08	4.016317e+01	1.465594e+03
1.390000e-06	5.648727e-06	2.240362e-08	4.058028e+01	1.471074e+03
1.400000e-06	5.704731e-06	2.248394e-08	4.098261e+01	1.476289e+03
1.410000e-06	5.758663e-06	2.256013e-08	4.137005e+01	1.481272e+03
1.420000e-06	5.810265e-06	2.263126e-08	4.174076e+01	1.486042e+03
1.430000e-06	5.859341e-06	2.269770e-08	4.209332e+01	1.490600e+03
1.440000e-06	5.906158e-06	2.276292e-08	4.242966e+01	1.494938e+03
1.450000e-06	5.951091e-06	2.282652e-08	4.275245e+01	1.499037e+03
1.460000e-06	5.994062e-06	2.288737e-08	4.306115e+01	1.502877e+03
1.470000e-06	6.034763e-06	2.294510e-08	4.335355e+01	1.506442e+03
1.480000e-06	6.073254e-06	2.299831e-08	4.363006e+01	1.509725e+03
1.490000e-06	6.109779e-06	2.304540e-08	4.389246e+01	1.512730e+03
1.500000e-06	6.144231e-06	2.308541e-08	4.413996e+01	1.515469e+03
1.510000e-06	6.176386e-06	2.312123e-08	4.437097e+01	1.517959e+03
1.520000e-06	6.206383e-06	2.315432e-08	4.458646e+01	1.520219e+03
1.530000e-06	6.234315e-06	2.318471e-08	4.478712e+01	1.522266e+03
1.540000e-06	6.259881e-06	2.321171e-08	4.497079e+01	1.524110e+03
1.550000e-06	6.282984e-06	2.323686e-08	4.513676e+01	1.525753e+03
1.560000e-06	6.303934e-06	2.326115e-08	4.528727e+01	1.527191e+03
1.570000e-06	6.322844e-06	2.328307e-08	4.542311e+01	1.528421e+03
1.580000e-06	6.339432e-06	2.330099e-08	4.554228e+01	1.529438e+03
1.590000e-06	6.353618e-06	2.331453e-08	4.564419e+01	1.530244e+03
1.600000e-06	6.365341e-06	2.332391e-08	4.572841e+01	1.530847e+03
1.610000e-06	6.374464e-06	2.332924e-08	4.579395e+01	1.531263e+03
1.620000e-06	6.381173e-06	2.333261e-08	4.584215e+01	1.531512e+03
1.630000e-06	6.385793e-06	2.333465e-08	4.587534e+01	1.531615e+03
1.640000e-06	6.388188e-06	2.333513e-08	4.589254e+01	1.531586e+03
1.650000e-06	6.388196e-06	2.333809e-08	4.589260e+01	1.531431e+03
1.660000e-06	6.386074e-06	2.333417e-08	4.587736e+01	1.531147e+03
1.670000e-06	6.381939e-06	2.332941e-08	4.584765e+01	1.530719e+03
1.680000e-06	6.375583e-06	2.332213e-08	4.580199e+01	1.530128e+03
1.690000e-06	6.367067e-06	2.330938e-08	4.574081e+01	1.529354e+03
1.700000e-06	6.356615e-06	2.329489e-08	4.566572e+01	1.528384e+03
1.710000e-06	6.343996e-06	2.328032e-08	4.557507e+01	1.527218e+03
1.720000e-06	6.329067e-06	2.327383e-08	4.546782e+01	1.525873e+03
1.730000e-06	6.312100e-06	2.323760e-08	4.534593e+01	1.524375e+03
1.740000e-06	6.293145e-06	2.312479e-08	4.520976e+01	1.522766e+03
1.750000e-06	6.271426e-06	2.312574e-08	4.505372e+01	1.521084e+03
1.760000e-06	6.246478e-06	2.315723e-08	4.487451e+01	1.519361e+03
1.770000e-06	6.219110e-06	2.311852e-08	4.467789e+01	1.517611e+03
1.780000e-06	6.189899e-06	2.319111e-08	4.446804e+01	1.515824e+03
1.790000e-06	6.159057e-06	2.316956e-08	4.424647e+01	1.513966e+03
1.800000e-06	6.126861e-06	2.295067e-08	4.401518e+01	1.511982e+03
1.810000e-06	6.092664e-06	2.304775e-08	4.376951e+01	1.509803e+03
1.820000e-06	6.056397e-06	2.303168e-08	4.350897e+01	1.507363e+03
1.830000e-06	6.018156e-06	2.290721e-08	4.323424e+01	1.504606e+03
1.840000e-06	5.977529e-06	2.301765e-08	4.294238e+01	1.501500e+03
1.850000e-06	5.934775e-06	2.280774e-08	4.263524e+01	1.498040e+03
1.860000e-06	5.890023e-06	2.276356e-08	4.231374e+01	1.494253e+03
1.870000e-06	5.843089e-06	2.279220e-08	4.197657e+01	1.490186e+03
1.880000e-06	5.794099e-06	2.262722e-08	4.162463e+01	1.485902e+03
1.890000e-06	5.742769e-06	2.266318e-08	4.125587e+01	1.481459e+03
1.900000e-06	5.688757e-06	2.250627e-08	4.086785e+01	1.476903e+03
1.910000e-06	5.632447e-06	2.241820e-08	4.046332e+01	1.472257e+03
1.920000e-06	5.574148e-06	2.243105e-08	4.004451e+01	1.467514e+03
1.930000e-06	5.514066e-06	2.227748e-08	3.961287e+01	1.462644e+03
1.940000e-06	5.451865e-06	2.228461e-08	3.916603e+01	1.457596e+03
1.950000e-06	5.387473e-06	2.215323e-08	3.870344e+01	1.452314e+03
1.960000e-06	5.321111e-06	2.209121e-08	3.822669e+01	1.446745e+03
1.970000e-06	5.252835e-06	2.198809e-08	3.773620e+01	1.440851e+03
1.980000e-06	5.182539e-06	2.183069e-08	3.723120e+01	1.434616e+03
1.990000e-06	5.110127e-06	2.182695e-08	3.671099e+01	1.428043e+03
2.000000e-06	5.035943e-06	2.168032e-08	3.617806e+01	1.421152e+03
2.010000e-06	4.959827e-06	2.159689e-08	3.563124e+01	1.413970e+03
2.020000e-06	4.881565e-06	2.145949e-08	3.506901e+01	1.406521e+03
2.030000e-06	4.801422e-06	2.133176e-08	3.449326e+01	1.398819e+03
2.040000e-06	4.719658e-06	2.125295e-08	3.390587e+01	1.390860e+03
2.050000e-06	4.636335e-06	2.109611e-08	3.330729e+01	1.382622e+03
2.060000e-06	4.551444e-06	2.099344e-08	3.269743e+01	1.374072e+03
2.070000e-06	4.464812e-06	2.083699e-08	3.207507e+01	1.365168e+03
2.080000e-06	4.376555e-06	2.070486e-08	3.144104e+01	1.355871e+03
2.090000e-06	4.286881e-06	2.054373e-08	3.079682e+01	1.346151e+03
2.100000e-06	4.195777e-06	2.038315e-08	3.014233e+01	1.335991e+03
2.110000e-06	4.103345e-06	2.023970e-08	2.947830e+01	1.325387e+03
2.120000e-06	4.009461e-06	2.006207e-08	2.880384e+01	1.314342e+03
2.130000e-06	3.913914e-06	1.989984e-08	2.811743e+01	1.302862e+03
2.140000e-06	3.816922e-06	1.971093e-08	2.742065e+01	1.290948e+03
2.150000e-06	3.718709e-06	1.953736e-08	2.671509e+01	1.278586e+03
2.160000e-06	3.619212e-06	1.934008e-08	2.600030e+01	1.265749e+03
2.170000e-06	3.518423e-06	1.914006e-08	2.527624e+01	1.252396e+03
2.180000e-06	3.416284e-06	1.892321e-08	2.454248e+01	1.238474e+03
2.190000e-06	3.312662e-06	1.869924e-08	2.379806e+01	1.223930e+03
2.200000e-06	3.207810e-06	1.846945e-08	2.304480e+01	1.208713e+03
2.210000e-06	3.101928e-06	1.822686e-08	2.228415e+01	1.192780e+03
2.220000e-06	2.994859e-06	1.797838e-08	2.151498e+01	1.176097e+03
2.230000e-06	2.886667e-06	1.771125e-08	2.073772e+01	1.158637e+03
2.240000e-06	2.777621e-06	1.744088e-08	1.995434e+01	1.140374e+03
2.250000e-06	2.667622e-06	1.715514e-08	1.916411e+01	1.121274e+03
2.260000e-06	2.556456e-06	1.685632e-08	1.836550e+01	1.101293e+03
2.270000e-06	2.444271e-06	1.653220e-08	1.755957e+01	1.080366e+03
2.280000e-06	2.331160e-06	1.619452e-08	1.674698e+01	1.058413e+03
2.290000e-06	2.217130e-06	1.584039e-08	1.592779e+01	1.035340e+03
2.300000e-06	2.102304e-06	1.547123e-08	1.510288e+01	1.011044e+03
2.310000e-06	1.986627e-06	1.508410e-08	1.427187e+01	9.854183e+02
2.320000e-06	1.870108e-06	1.467536e-08	1.343480e+01	9.583592e+02
2.330000e-06	1.752961e-06	1.424264e-08	1.259321e+01	9.297663e+02
2.340000e-06	1.635244e-06	1.378043e-08	1.174754e+01	8.995418e+02
2.350000e-06	1.516782e-06	1.329256e-08	1.089652e+01	8.675863e+02
2.360000e-06	1.397598e-06	1.277707e-08	1.004030e+01	8.337957e+02
2.370000e-06	1.277917e-06	1.223299e-08	9.180518e+00	7.980610e+02
2.380000e-06	1.157805e-06	1.165286e-08	8.317632e+00	7.602738e+02
2.390000e-06	1.037339e-06	1.104108e-08	7.452212e+00	7.203385e+02
2.400000e-06	9.165717e-07	1.039620e-08	6.584622e+00	6.781915e+02
2.410000e-06	7.955171e-07	9.718909e-09	5.714970e+00	6.338228e+02
2.420000e-06	6.742244e-07	9.009961e-09	4.843607e+00	5.872973e+02
2.430000e-06	5.527256e-07	8.269794e-09	3.970764e+00	5.387682e+02
2.440000e-06	4.310399e-07	7.503367e-09	3.096577e+00	4.884790e+02
2.450000e-06	3.092521e-07	6.714499e-09	2.221657e+00	4.367494e+02
2.460000e-06	1.873875e-07	5.907511e-09	1.346186e+00	3.839455e+02
2.470000e-06	6.536554e-08	5.085467e-09	4.695840e-01	3.304374e+02
2.480000e-06	-5.668153e-08	4.258184e-09	-4.071983e-01	2.765508e+02
2.490000e-06	-1.786635e-07	3.429297e-09	-1.283513e+00	2.225204e+02
2.500000e-06	-3.006551e-07	2.599672e-09	-2.159897e+00	1.684563e+02
2.510000e-06	-4.225977e-07	1.772269e-09	-3.035928e+00	1.143290e+02
2.520000e-06	-5.444026e-07	9.414264e-10	-3.910971e+00	5.997955e+01
2.530000e-06	-6.660451e-07	1.019465e-10	-4.784847e+00	5.153780e+00
2.540000e-06	-7.875103e-07	-7.495905e-10	-5.657450e+00	-5.044286e+01
2.550000e-06	-9.087345e-07	-1.616797e-09	-6.528320e+00	-1.070797e+02
2.560000e-06	-1.029643e-06	-2.499330e-09	-7.396922e+00	-1.649348e+02
2.570000e-06	-1.150188e-06	-3.401009e-09	-8.262917e+00	-2.240407e+02
2.580000e-06	-1.270336e-06	-4.320221e-09	-9.126055e+00	-2.842511e+02
2.590000e-06	-1.389977e-06	-5.251350e-09	-9.985554e+00	-3.452355e+02
2.600000e-06	-1.509028e-06	-6.188649e-09	-1.084081e+01	-4.065017e+02
2.610000e-06	-1.627450e-06	-7.121798e-09	-1.169155e+01	-4.674426e+02
2.620000e-06	-1.745168e-06	-8.038996e-09	-1.253723e+01	-5.273991e+02
2.630000e-06	-1.862116e-06	-8.929371e-09	-1.337738e+01	-5.857289e+02
2.640000e-06	-1.978233e-06	-9.787931e-09	-1.421156e+01	-6.418680e+02
2.650000e-06	-2.093500e-06	-1.060811e-08	-1.503964e+01	-6.953787e+02
2.660000e-06	-2.207863e-06	-1.138180e-08	-1.586122e+01	-7.459746e+02
2.670000e-06	-2.321247e-06	-1.210834e-08	-1.667576e+01	-7.935245e+02
2.680000e-06	-2.433630e-06	-1.278940e-08	-1.748312e+01	-8.380350e+02
2.690000e-06	-2.544948e-06	-1.342680e-08	-1.828282e+01	-8.796186e+02
2.700000e-06	-2.655187e-06	-1.402361e-08	-1.907478e+01	-9.184559e+02
2.710000e-06	-2.764514e-06	-1.458242e-08	-1.986018e+01	-9.547577e+02
2.720000e-06	-2.873007e-06	-1.510574e-08	-2.063959e+01	-9.887351e+02
2.730000e-06	-2.980611e-06	-1.559393e-08	-2.141261e+01	-1.020580e+03
2.740000e-06	-3.087241e-06	-1.605020e-08	-2.217864e+01	-1.050456e+03
2.750000e-06	-3.192880e-06	-1.647720e-08	-2.293755e+01	-1.078504e+03
2.760000e-06	-3.297450e-06	-1.687823e-08	-2.368878e+01	-1.104844e+03
2.770000e-06	-3.400721e-06	-1.725801e-08	-2.443067e+01	-1.129588e+03
2.780000e-06	-3.502732e-06	-1.761567e-08	-2.516352e+01	-1.152851e+03
2.790000e-06	-3.603441e-06	-1.795071e-08	-2.588701e+01	-1.174747e+03
2.800000e-06	-3.702836e-06	-1.826550e-08	-2.660106e+01	-1.195392e+03
2.810000e-06	-3.801051e-06	-1.856395e-08	-2.730663e+01	-1.214900e+03
2.820000e-06	-3.898063e-06	-1.884840e-08	-2.800356e+01	-1.233372e+03
2.830000e-06	-3.993799e-06	-1.911656e-08	-2.869132e+01	-1.250897e+03
2.840000e-06	-4.088058e-06	-1.936922e-08	-2.936848e+01	-1.267539e+03
2.850000e-06	-4.180752e-06	-1.960956e-08	-3.003439e+01	-1.283347e+03
2.860000e-06	-4.271972e-06	-1.983966e-08	-3.068971e+01	-1.298356e+03
2.870000e-06	-4.361713e-06	-2.005962e-08	-3.133441e+01	-1.312592e+03
2.880000e-06	-4.449901e-06	-2.026846e-08	-3.196795e+01	-1.326083e+03
2.890000e-06	-4.536439e-06	-2.046566e-08	-3.258963e+01	-1.338863e+03
2.900000e-06	-4.621239e-06	-2.065127e-08	-3.319884e+01	-1.350973e+03
2.910000e-06	-4.704428e-06	-2.082692e-08	-3.379646e+01	-1.362461e+03
2.920000e-06	-4.786105e-06	-2.099366e-08	-3.438323e+01	-1.373380e+03
2.930000e-06	-4.866004e-06	-2.115220e-08	-3.495722e+01	-1.383777e+03
2.940000e-06	-4.943908e-06	-2.130304e-08	-3.551688e+01	-1.393692e+03
2.950000e-06	-5.019831e-06	-2.144616e-08	-3.606231e+01	-1.403151e+03
2.960000e-06	-5.093922e-06	-2.158093e-08	-3.659457e+01	-1.412164e+03
2.970000e-06	-5.166164e-06	-2.171083e-08	-3.711356e+01	-1.420731e+03
2.980000e-06	-5.236404e-06	-2.183393e-08	-3.761816e+01	-1.428844e+03
2.990000e-06	-5.304701e-06	-2.194826e-08	-3.810881e+01	-1.436498e+03
3.000000e-06	-5.371088e-06	-2.205587e-08	-3.858573e+01	-1.443695e+03
3.010000e-06	-5.435671e-06	-2.215787e-08	-3.904969e+01	-1.450447e+03
3.020000e-06	-5.498332e-06	-2.225473e-08	-3.949985e+01	-1.456783e+03
3.030000e-06	-5.558889e-06	-2.234682e-08	-3.993489e+01	-1.462742e+03
3.040000e-06	-5.617483e-06	-2.243415e-08	-4.035582e+01	-1.468370e+03
3.050000e-06	-5.674289e-06	-2.251636e-08	-4.076392e+01	-1.473712e+03
3.060000e-06	-5.729118e-06	-2.259420e-08	-4.115781e+01	-1.478808e+03
3.070000e-06	-5.781595e-06	-2.266736e-08	-4.153480e+01	-1.483683e+03
3.080000e-06	-5.831526e-06	-2.273639e-08	-4.189350e+01	-1.488348e+03
3.090000e-06	-5.878996e-06	-2.280262e-08	-4.223452e+01	-1.492798e+03
3.100000e-06	-5.924514e-06	-2.286537e-08	-4.256153e+01	-1.497019e+03
3.110000e-06	-5.968310e-06	-2.292568e-08	-4.287615e+01	-1.500990e+03
3.120000e-06	-6.010206e-06	-2.298195e-08	-4.317714e+01	-1.504694e+03
3.130000e-06	-6.050062e-06	-2.303326e-08	-4.346346e+01	-1.508119e+03
3.140000e-06	-6.087628e-06	-2.308174e-08	-4.373333e+01	-1.511262e+03
3.150000e-06	-6.122969e-06	-2.312715e-08	-4.398722e+01	-1.514132e+03
3.160000e-06	-6.156281e-06	-2.316779e-08	-4.422653e+01	-1.516744e+03
3.170000e-06	-6.187363e-06	-2.320435e-08	-4.444982e+01	-1.519117e+03
3.180000e-06	-6.216113e-06	-2.323611e-08	-4.465636e+01	-1.521269e+03
3.190000e-06	-6.242632e-06	-2.326501e-08	-4.484687e+01	-1.523213e+03
3.200000e-06	-6.266981e-06	-2.328844e-08	-4.502180e+01	-1.524956e+03
3.210000e-06	-6.289067e-06	-2.330965e-08	-4.518046e+01	-1.526498e+03
3.220000e-06	-6.308905e-06	-2.333216e-08	-4.532297e+01	-1.527833e+03
3.230000e-06	-6.326678e-06	-2.335081e-08	-4.545066e+01	-1.528956e+03
3.240000e-06	-6.342181e-06	-2.336513e-08	-4.556203e+01	-1.529867e+03
3.250000e-06	-6.355016e-06	-2.337504e-08	-4.565423e+01	-1.530570e+03
3.260000e-06	-6.365288e-06	-2.338230e-08	-4.572803e+01	-1.531077e+03
3.270000e-06	-6.373267e-06	-2.338482e-08	-4.578535e+01	-1.531407e+03
3.280000e-06	-6.378867e-06	-2.338327e-08	-4.582558e+01	-1.531581e+03
3.290000e-06	-6.382229e-06	-2.338027e-08	-4.584973e+01	-1.531616e+03
3.300000e-06	-6.383538e-06	-2.337679e-08	-4.585914e+01	-1.531524e+03
