# Temperatura_=_46.8
# Concentracion g/m^3_=_28370.0
# C_Vs_to_Am_M_A/Vsm_=_65563218390.804596
# pendiente_HvsI_1/m_=_3716.3
# ordenada_HvsI_A/m_=_1297.0
# frecuencia_Hz_=_302376.11852874066

Tiempo_(s)	Campo_(V.s)	Magnetizacion_(V.s)	Campo_(kA/m)	Magnetizacion_(A/m)
0.000000e+00	-7.338934e-06	-3.010819e-08	-5.318628e+01	-1.970582e+03
1.000000e-08	-7.334924e-06	-3.010435e-08	-5.315721e+01	-1.969650e+03
2.000000e-08	-7.328623e-06	-3.009076e-08	-5.311155e+01	-1.968612e+03
3.000000e-08	-7.319966e-06	-3.007788e-08	-5.304881e+01	-1.967527e+03
4.000000e-08	-7.308641e-06	-3.006402e-08	-5.296674e+01	-1.966434e+03
5.000000e-08	-7.294486e-06	-3.004431e-08	-5.286416e+01	-1.965346e+03
6.000000e-08	-7.277682e-06	-3.001495e-08	-5.274238e+01	-1.964250e+03
7.000000e-08	-7.258714e-06	-2.998055e-08	-5.260491e+01	-1.963111e+03
8.000000e-08	-7.237730e-06	-2.996774e-08	-5.245284e+01	-1.961876e+03
9.000000e-08	-7.214137e-06	-3.001864e-08	-5.228185e+01	-1.960487e+03
1.000000e-07	-7.187472e-06	-2.997030e-08	-5.208861e+01	-1.958891e+03
1.100000e-07	-7.158026e-06	-2.987138e-08	-5.187522e+01	-1.957047e+03
1.200000e-07	-7.126130e-06	-2.983469e-08	-5.164406e+01	-1.954935e+03
1.300000e-07	-7.091731e-06	-2.980022e-08	-5.139476e+01	-1.952559e+03
1.400000e-07	-7.055136e-06	-2.970127e-08	-5.112956e+01	-1.949941e+03
1.500000e-07	-7.016762e-06	-2.962811e-08	-5.085145e+01	-1.947121e+03
1.600000e-07	-6.976220e-06	-2.974577e-08	-5.055764e+01	-1.944141e+03
1.700000e-07	-6.933180e-06	-2.963462e-08	-5.024572e+01	-1.941044e+03
1.800000e-07	-6.887802e-06	-2.952979e-08	-4.991686e+01	-1.937854e+03
1.900000e-07	-6.839749e-06	-2.956174e-08	-4.956861e+01	-1.934575e+03
2.000000e-07	-6.788759e-06	-2.941418e-08	-4.919908e+01	-1.931187e+03
2.100000e-07	-6.735160e-06	-2.936848e-08	-4.881064e+01	-1.927644e+03
2.200000e-07	-6.679048e-06	-2.931675e-08	-4.840399e+01	-1.923881e+03
2.300000e-07	-6.620454e-06	-2.924576e-08	-4.797936e+01	-1.919824e+03
2.400000e-07	-6.559478e-06	-2.919350e-08	-4.753745e+01	-1.915400e+03
2.500000e-07	-6.496086e-06	-2.908253e-08	-4.707804e+01	-1.910550e+03
2.600000e-07	-6.430185e-06	-2.903950e-08	-4.660045e+01	-1.905238e+03
2.700000e-07	-6.361752e-06	-2.894429e-08	-4.610450e+01	-1.899457e+03
2.800000e-07	-6.290954e-06	-2.883628e-08	-4.559142e+01	-1.893230e+03
2.900000e-07	-6.217780e-06	-2.874898e-08	-4.506112e+01	-1.886609e+03
3.000000e-07	-6.142054e-06	-2.865023e-08	-4.451232e+01	-1.879663e+03
3.100000e-07	-6.063671e-06	-2.854686e-08	-4.394427e+01	-1.872467e+03
3.200000e-07	-5.982854e-06	-2.841180e-08	-4.335858e+01	-1.865091e+03
3.300000e-07	-5.900023e-06	-2.834839e-08	-4.275829e+01	-1.857581e+03
3.400000e-07	-5.815280e-06	-2.821823e-08	-4.214414e+01	-1.849953e+03
3.500000e-07	-5.728624e-06	-2.807333e-08	-4.151614e+01	-1.842188e+03
3.600000e-07	-5.639913e-06	-2.796521e-08	-4.087324e+01	-1.834230e+03
3.700000e-07	-5.549047e-06	-2.783103e-08	-4.021472e+01	-1.825994e+03
3.800000e-07	-5.456178e-06	-2.768874e-08	-3.954168e+01	-1.817376e+03
3.900000e-07	-5.361460e-06	-2.753616e-08	-3.885525e+01	-1.808270e+03
4.000000e-07	-5.264814e-06	-2.739756e-08	-3.815484e+01	-1.798582e+03
4.100000e-07	-5.166279e-06	-2.721816e-08	-3.744074e+01	-1.788242e+03
4.200000e-07	-5.065963e-06	-2.704767e-08	-3.671374e+01	-1.777218e+03
4.300000e-07	-4.963830e-06	-2.688267e-08	-3.597357e+01	-1.765516e+03
4.400000e-07	-4.859925e-06	-2.670777e-08	-3.522055e+01	-1.753178e+03
4.500000e-07	-4.754253e-06	-2.651578e-08	-3.445473e+01	-1.740275e+03
4.600000e-07	-4.646922e-06	-2.631759e-08	-3.367690e+01	-1.726887e+03
4.700000e-07	-4.537965e-06	-2.611642e-08	-3.288726e+01	-1.713089e+03
4.800000e-07	-4.427424e-06	-2.589237e-08	-3.208616e+01	-1.698932e+03
4.900000e-07	-4.315282e-06	-2.566903e-08	-3.127345e+01	-1.684431e+03
5.000000e-07	-4.201354e-06	-2.544298e-08	-3.044780e+01	-1.669551e+03
5.100000e-07	-4.085709e-06	-2.520634e-08	-2.960970e+01	-1.654210e+03
5.200000e-07	-3.968449e-06	-2.494240e-08	-2.875990e+01	-1.638281e+03
5.300000e-07	-3.849787e-06	-2.467109e-08	-2.789994e+01	-1.621610e+03
5.400000e-07	-3.729771e-06	-2.439390e-08	-2.703017e+01	-1.604029e+03
5.500000e-07	-3.608182e-06	-2.410513e-08	-2.614900e+01	-1.585383e+03
5.600000e-07	-3.485193e-06	-2.380160e-08	-2.525768e+01	-1.565545e+03
5.700000e-07	-3.360949e-06	-2.348182e-08	-2.435727e+01	-1.544429e+03
5.800000e-07	-3.235476e-06	-2.314358e-08	-2.344794e+01	-1.522004e+03
5.900000e-07	-3.108917e-06	-2.278438e-08	-2.253076e+01	-1.498282e+03
6.000000e-07	-2.981279e-06	-2.241391e-08	-2.160575e+01	-1.473313e+03
6.100000e-07	-2.852356e-06	-2.202650e-08	-2.067142e+01	-1.447160e+03
6.200000e-07	-2.722189e-06	-2.162318e-08	-1.972809e+01	-1.419872e+03
6.300000e-07	-2.591123e-06	-2.119383e-08	-1.877823e+01	-1.391459e+03
6.400000e-07	-2.459201e-06	-2.073738e-08	-1.782217e+01	-1.361863e+03
6.500000e-07	-2.326363e-06	-2.025225e-08	-1.685948e+01	-1.330939e+03
6.600000e-07	-2.192693e-06	-1.973973e-08	-1.589076e+01	-1.298452e+03
6.700000e-07	-2.058341e-06	-1.919927e-08	-1.491708e+01	-1.264080e+03
6.800000e-07	-1.923372e-06	-1.862157e-08	-1.393895e+01	-1.227434e+03
6.900000e-07	-1.787679e-06	-1.800555e-08	-1.295556e+01	-1.188090e+03
7.000000e-07	-1.651250e-06	-1.734831e-08	-1.196684e+01	-1.145630e+03
7.100000e-07	-1.514183e-06	-1.664927e-08	-1.097350e+01	-1.099685e+03
7.200000e-07	-1.376525e-06	-1.590197e-08	-9.975868e+00	-1.049976e+03
7.300000e-07	-1.238334e-06	-1.510374e-08	-8.974380e+00	-9.963524e+02
7.400000e-07	-1.099695e-06	-1.425033e-08	-7.969642e+00	-9.388048e+02
7.500000e-07	-9.606886e-07	-1.333891e-08	-6.962244e+00	-8.774763e+02
7.600000e-07	-8.213448e-07	-1.236973e-08	-5.952401e+00	-8.126460e+02
7.700000e-07	-6.816678e-07	-1.134327e-08	-4.940142e+00	-7.447002e+02
7.800000e-07	-5.417431e-07	-1.026014e-08	-3.926088e+00	-6.740902e+02
7.900000e-07	-4.016448e-07	-9.124799e-09	-2.910776e+00	-6.012826e+02
8.000000e-07	-2.613960e-07	-7.953927e-09	-1.894373e+00	-5.267092e+02
8.100000e-07	-1.210318e-07	-6.761572e-09	-8.771345e-01	-4.507225e+02
8.200000e-07	1.940532e-08	-5.559305e-09	1.406330e-01	-3.735651e+02
8.300000e-07	1.598850e-07	-4.355771e-09	1.158709e+00	-2.953552e+02
8.400000e-07	3.003645e-07	-3.153597e-09	2.176783e+00	-2.160929e+02
8.500000e-07	4.407508e-07	-1.949633e-09	3.194183e+00	-1.356855e+02
8.600000e-07	5.809785e-07	-7.371111e-10	4.210433e+00	-5.398942e+01
8.700000e-07	7.210682e-07	4.898227e-10	5.225682e+00	2.913645e+01
8.800000e-07	8.609094e-07	1.741861e-09	6.239131e+00	1.137733e+02
8.900000e-07	1.000417e-06	3.029536e-09	7.250164e+00	1.998888e+02
9.000000e-07	1.139578e-06	4.354667e-09	8.258683e+00	2.872949e+02
9.100000e-07	1.278328e-06	5.711387e-09	9.264219e+00	3.756227e+02
9.200000e-07	1.416605e-06	7.091825e-09	1.026633e+01	4.643197e+02
9.300000e-07	1.554265e-06	8.475541e-09	1.126398e+01	5.526695e+02
9.400000e-07	1.691251e-06	9.836607e-09	1.225674e+01	6.398326e+02
9.500000e-07	1.827576e-06	1.115409e-08	1.324470e+01	7.249050e+02
9.600000e-07	1.963175e-06	1.241004e-08	1.422740e+01	8.069863e+02
9.700000e-07	2.097995e-06	1.359010e-08	1.520446e+01	8.852504e+02
9.800000e-07	2.232044e-06	1.468474e-08	1.617593e+01	9.590105e+02
9.900000e-07	2.365321e-06	1.569422e-08	1.714181e+01	1.027770e+03
1.000000e-06	2.497732e-06	1.662561e-08	1.810142e+01	1.091257e+03
1.010000e-06	2.629267e-06	1.748526e-08	1.905466e+01	1.149430e+03
1.020000e-06	2.759868e-06	1.827803e-08	2.000115e+01	1.202469e+03
1.030000e-06	2.889350e-06	1.900939e-08	2.093952e+01	1.250740e+03
1.040000e-06	3.017635e-06	1.968512e-08	2.186922e+01	1.294743e+03
1.050000e-06	3.144768e-06	2.031278e-08	2.279057e+01	1.335059e+03
1.060000e-06	3.270802e-06	2.089810e-08	2.370396e+01	1.372283e+03
1.070000e-06	3.395752e-06	2.144645e-08	2.460949e+01	1.406971e+03
1.080000e-06	3.519541e-06	2.195808e-08	2.550660e+01	1.439598e+03
1.090000e-06	3.642059e-06	2.243437e-08	2.639451e+01	1.470524e+03
1.100000e-06	3.763228e-06	2.288224e-08	2.727263e+01	1.499989e+03
1.110000e-06	3.882994e-06	2.330310e-08	2.814060e+01	1.528115e+03
1.120000e-06	4.001350e-06	2.369620e-08	2.899834e+01	1.554928e+03
1.130000e-06	4.118313e-06	2.406701e-08	2.984599e+01	1.580390e+03
1.140000e-06	4.233772e-06	2.441830e-08	3.068274e+01	1.604433e+03
1.150000e-06	4.347533e-06	2.475017e-08	3.150718e+01	1.626996e+03
1.160000e-06	4.459558e-06	2.506224e-08	3.231904e+01	1.648047e+03
1.170000e-06	4.569986e-06	2.535883e-08	3.311932e+01	1.667612e+03
1.180000e-06	4.678961e-06	2.564001e-08	3.390908e+01	1.685772e+03
1.190000e-06	4.786414e-06	2.590440e-08	3.468781e+01	1.702665e+03
1.200000e-06	4.892119e-06	2.615458e-08	3.545387e+01	1.718468e+03
1.210000e-06	4.995953e-06	2.639251e-08	3.620637e+01	1.733377e+03
1.220000e-06	5.097985e-06	2.661947e-08	3.694581e+01	1.747582e+03
1.230000e-06	5.198249e-06	2.683497e-08	3.767243e+01	1.761246e+03
1.240000e-06	5.296572e-06	2.703881e-08	3.838500e+01	1.774486e+03
1.250000e-06	5.392795e-06	2.723013e-08	3.908234e+01	1.787360e+03
1.260000e-06	5.487010e-06	2.741147e-08	3.976513e+01	1.799874e+03
1.270000e-06	5.579341e-06	2.758380e-08	4.043427e+01	1.811981e+03
1.280000e-06	5.669719e-06	2.774983e-08	4.108924e+01	1.823604e+03
1.290000e-06	5.758004e-06	2.790929e-08	4.172906e+01	1.834648e+03
1.300000e-06	5.844174e-06	2.806155e-08	4.235354e+01	1.845028e+03
1.310000e-06	5.928301e-06	2.820676e-08	4.296322e+01	1.854681e+03
1.320000e-06	6.010383e-06	2.834514e-08	4.355809e+01	1.863584e+03
1.330000e-06	6.090269e-06	2.847457e-08	4.413703e+01	1.871755e+03
1.340000e-06	6.167857e-06	2.859579e-08	4.469932e+01	1.879258e+03
1.350000e-06	6.243061e-06	2.871128e-08	4.524434e+01	1.886191e+03
1.360000e-06	6.315798e-06	2.882027e-08	4.577147e+01	1.892669e+03
1.370000e-06	6.386269e-06	2.892297e-08	4.628218e+01	1.898814e+03
1.380000e-06	6.454612e-06	2.901812e-08	4.677747e+01	1.904731e+03
1.390000e-06	6.520645e-06	2.910764e-08	4.725603e+01	1.910500e+03
1.400000e-06	6.584299e-06	2.919318e-08	4.771733e+01	1.916162e+03
1.410000e-06	6.645678e-06	2.927326e-08	4.816216e+01	1.921718e+03
1.420000e-06	6.704775e-06	2.934915e-08	4.859044e+01	1.927134e+03
1.430000e-06	6.761474e-06	2.942118e-08	4.900134e+01	1.932345e+03
1.440000e-06	6.815731e-06	2.948749e-08	4.939455e+01	1.937278e+03
1.450000e-06	6.867322e-06	2.954849e-08	4.976844e+01	1.941855e+03
1.460000e-06	6.916102e-06	2.960601e-08	5.012195e+01	1.946018e+03
1.470000e-06	6.962324e-06	2.966324e-08	5.045693e+01	1.949734e+03
1.480000e-06	7.006252e-06	2.971902e-08	5.077528e+01	1.952999e+03
1.490000e-06	7.047683e-06	2.977022e-08	5.107554e+01	1.955846e+03
1.500000e-06	7.086464e-06	2.981704e-08	5.135659e+01	1.958333e+03
1.510000e-06	7.122849e-06	2.985927e-08	5.162028e+01	1.960534e+03
1.520000e-06	7.156705e-06	2.989557e-08	5.186564e+01	1.962529e+03
1.530000e-06	7.187882e-06	2.992722e-08	5.209158e+01	1.964391e+03
1.540000e-06	7.216662e-06	2.995502e-08	5.230015e+01	1.966172e+03
1.550000e-06	7.242951e-06	2.997894e-08	5.249068e+01	1.967897e+03
1.560000e-06	7.266428e-06	2.999990e-08	5.266082e+01	1.969560e+03
1.570000e-06	7.287291e-06	3.001837e-08	5.281201e+01	1.971129e+03
1.580000e-06	7.305698e-06	3.003422e-08	5.294541e+01	1.972550e+03
1.590000e-06	7.321415e-06	3.004648e-08	5.305931e+01	1.973759e+03
1.600000e-06	7.334336e-06	3.005626e-08	5.315296e+01	1.974694e+03
1.610000e-06	7.344351e-06	3.006416e-08	5.322554e+01	1.975306e+03
1.620000e-06	7.351506e-06	3.006922e-08	5.327739e+01	1.975567e+03
1.630000e-06	7.356120e-06	3.007053e-08	5.331083e+01	1.975480e+03
1.640000e-06	7.358103e-06	3.007017e-08	5.332520e+01	1.975072e+03
1.650000e-06	7.357449e-06	3.006899e-08	5.332046e+01	1.974395e+03
1.660000e-06	7.354422e-06	3.005519e-08	5.329852e+01	1.973517e+03
1.670000e-06	7.348921e-06	3.004410e-08	5.325865e+01	1.972508e+03
1.680000e-06	7.340899e-06	3.003408e-08	5.320052e+01	1.971433e+03
1.690000e-06	7.330503e-06	3.002157e-08	5.312518e+01	1.970338e+03
1.700000e-06	7.317552e-06	3.000933e-08	5.303132e+01	1.969247e+03
1.710000e-06	7.301985e-06	3.000049e-08	5.291851e+01	1.968156e+03
1.720000e-06	7.284165e-06	2.999683e-08	5.278936e+01	1.967036e+03
1.730000e-06	7.264333e-06	2.993249e-08	5.264563e+01	1.965840e+03
1.740000e-06	7.241865e-06	2.982197e-08	5.248281e+01	1.964511e+03
1.750000e-06	7.215989e-06	2.985024e-08	5.229528e+01	1.962993e+03
1.760000e-06	7.186720e-06	2.986087e-08	5.208316e+01	1.961240e+03
1.770000e-06	7.154733e-06	2.979464e-08	5.185135e+01	1.959223e+03
1.780000e-06	7.120727e-06	2.981015e-08	5.160490e+01	1.956938e+03
1.790000e-06	7.085052e-06	2.987958e-08	5.134636e+01	1.954402e+03
1.800000e-06	7.047711e-06	2.970128e-08	5.107575e+01	1.951647e+03
1.810000e-06	7.007946e-06	2.968598e-08	5.078756e+01	1.948718e+03
1.820000e-06	6.965521e-06	2.974432e-08	5.048011e+01	1.945658e+03
1.830000e-06	6.920888e-06	2.958371e-08	5.015664e+01	1.942498e+03
1.840000e-06	6.873729e-06	2.968283e-08	4.981487e+01	1.939250e+03
1.850000e-06	6.823914e-06	2.957119e-08	4.945386e+01	1.935904e+03
1.860000e-06	6.771404e-06	2.951129e-08	4.907331e+01	1.932421e+03
1.870000e-06	6.716151e-06	2.947927e-08	4.867289e+01	1.928743e+03
1.880000e-06	6.658577e-06	2.927853e-08	4.825564e+01	1.924799e+03
1.890000e-06	6.598495e-06	2.932278e-08	4.782022e+01	1.920513e+03
1.900000e-06	6.535752e-06	2.919446e-08	4.736551e+01	1.915819e+03
1.910000e-06	6.470526e-06	2.913495e-08	4.689280e+01	1.910673e+03
1.920000e-06	6.402925e-06	2.909852e-08	4.640289e+01	1.905057e+03
1.930000e-06	6.332926e-06	2.894653e-08	4.589560e+01	1.898983e+03
1.940000e-06	6.260401e-06	2.891076e-08	4.537000e+01	1.892494e+03
1.950000e-06	6.185435e-06	2.875888e-08	4.482671e+01	1.885654e+03
1.960000e-06	6.107923e-06	2.870723e-08	4.426497e+01	1.878538e+03
1.970000e-06	6.027984e-06	2.856440e-08	4.368564e+01	1.871218e+03
1.980000e-06	5.945949e-06	2.844823e-08	4.309112e+01	1.863751e+03
1.990000e-06	5.861838e-06	2.837987e-08	4.248156e+01	1.856164e+03
2.000000e-06	5.775616e-06	2.821598e-08	4.185670e+01	1.848451e+03
2.010000e-06	5.687241e-06	2.813117e-08	4.121623e+01	1.840569e+03
2.020000e-06	5.596880e-06	2.797709e-08	4.056137e+01	1.832442e+03
2.030000e-06	5.504538e-06	2.785253e-08	3.989215e+01	1.823972e+03
2.040000e-06	5.410153e-06	2.768035e-08	3.920813e+01	1.815051e+03
2.050000e-06	5.313885e-06	2.753940e-08	3.851047e+01	1.805578e+03
2.060000e-06	5.215866e-06	2.741115e-08	3.780011e+01	1.795475e+03
2.070000e-06	5.116151e-06	2.723783e-08	3.707746e+01	1.784695e+03
2.080000e-06	5.014545e-06	2.707453e-08	3.634110e+01	1.773231e+03
2.090000e-06	4.910997e-06	2.688572e-08	3.559068e+01	1.761112e+03
2.100000e-06	4.805687e-06	2.671628e-08	3.482748e+01	1.748401e+03
2.110000e-06	4.698867e-06	2.651706e-08	3.405335e+01	1.735175e+03
2.120000e-06	4.590481e-06	2.633127e-08	3.326785e+01	1.721514e+03
2.130000e-06	4.480429e-06	2.612159e-08	3.247030e+01	1.707481e+03
2.140000e-06	4.368703e-06	2.589350e-08	3.166060e+01	1.693103e+03
2.150000e-06	4.255245e-06	2.565075e-08	3.083835e+01	1.678364e+03
2.160000e-06	4.140129e-06	2.541330e-08	3.000409e+01	1.663198e+03
2.170000e-06	4.023205e-06	2.517532e-08	2.915673e+01	1.647495e+03
2.180000e-06	3.904599e-06	2.491990e-08	2.829717e+01	1.631106e+03
2.190000e-06	3.784521e-06	2.465615e-08	2.742695e+01	1.613868e+03
2.200000e-06	3.663065e-06	2.437136e-08	2.654674e+01	1.595618e+03
2.210000e-06	3.540294e-06	2.407478e-08	2.565700e+01	1.576216e+03
2.220000e-06	3.416277e-06	2.375832e-08	2.475824e+01	1.555561e+03
2.230000e-06	3.290928e-06	2.343803e-08	2.384981e+01	1.533603e+03
2.240000e-06	3.164248e-06	2.309535e-08	2.293174e+01	1.510338e+03
2.250000e-06	3.036441e-06	2.273545e-08	2.200551e+01	1.485806e+03
2.260000e-06	2.907509e-06	2.235124e-08	2.107113e+01	1.460068e+03
2.270000e-06	2.777535e-06	2.195001e-08	2.012919e+01	1.433180e+03
2.280000e-06	2.646668e-06	2.153166e-08	1.918077e+01	1.405171e+03
2.290000e-06	2.514936e-06	2.109427e-08	1.822609e+01	1.376007e+03
2.300000e-06	2.382268e-06	2.063045e-08	1.726463e+01	1.345578e+03
2.310000e-06	2.248622e-06	2.013371e-08	1.629607e+01	1.313681e+03
2.320000e-06	2.114147e-06	1.960275e-08	1.532152e+01	1.280023e+03
2.330000e-06	1.979002e-06	1.903287e-08	1.434210e+01	1.244235e+03
2.340000e-06	1.843217e-06	1.843052e-08	1.335805e+01	1.205903e+03
2.350000e-06	1.706844e-06	1.779252e-08	1.236974e+01	1.164600e+03
2.360000e-06	1.569932e-06	1.711771e-08	1.137752e+01	1.119935e+03
2.370000e-06	1.432532e-06	1.639284e-08	1.038176e+01	1.071594e+03
2.380000e-06	1.294612e-06	1.561225e-08	9.382236e+00	1.019376e+03
2.390000e-06	1.156218e-06	1.477696e-08	8.379273e+00	9.632197e+02
2.400000e-06	1.017485e-06	1.388524e-08	7.373857e+00	9.032147e+02
2.410000e-06	8.784639e-07	1.293425e-08	6.366350e+00	8.395941e+02
2.420000e-06	7.391314e-07	1.192440e-08	5.356588e+00	7.727101e+02
2.430000e-06	5.995195e-07	1.086292e-08	4.344802e+00	7.029963e+02
2.440000e-06	4.596688e-07	9.753430e-09	3.331284e+00	6.309199e+02
2.450000e-06	3.194922e-07	8.597948e-09	2.315405e+00	5.569303e+02
2.460000e-06	1.791230e-07	7.407320e-09	1.298129e+00	4.814129e+02
2.470000e-06	3.868512e-08	6.198550e-09	2.803565e-01	4.046521e+02
2.480000e-06	-1.018242e-07	4.985676e-09	-7.379340e-01	3.268110e+02
2.490000e-06	-2.422937e-07	3.775388e-09	-1.755936e+00	2.479298e+02
2.500000e-06	-3.826596e-07	2.566615e-09	-2.773188e+00	1.679448e+02
2.510000e-06	-5.228739e-07	1.352959e-09	-3.789340e+00	8.672514e+01
2.520000e-06	-6.628849e-07	1.247251e-10	-4.804020e+00	4.122173e+00
2.530000e-06	-8.026127e-07	-1.125151e-09	-5.816646e+00	-7.997317e+01
2.540000e-06	-9.419937e-07	-2.405446e-09	-6.826759e+00	-1.655747e+02
2.550000e-06	-1.080991e-06	-3.721742e-09	-7.834090e+00	-2.525539e+02
2.560000e-06	-1.219623e-06	-5.072336e-09	-8.838777e+00	-3.406080e+02
2.570000e-06	-1.357873e-06	-6.451054e-09	-9.840692e+00	-4.292490e+02
2.580000e-06	-1.495651e-06	-7.842918e-09	-1.083919e+01	-5.178152e+02
2.590000e-06	-1.632865e-06	-9.226402e-09	-1.183360e+01	-6.055053e+02
2.600000e-06	-1.769429e-06	-1.057393e-08	-1.282330e+01	-6.914309e+02
2.610000e-06	-1.905274e-06	-1.186447e-08	-1.380778e+01	-7.746819e+02
2.620000e-06	-2.040435e-06	-1.308271e-08	-1.478731e+01	-8.543980e+02
2.630000e-06	-2.174923e-06	-1.421837e-08	-1.576197e+01	-9.298358e+02
2.640000e-06	-2.308560e-06	-1.527052e-08	-1.673045e+01	-1.000426e+03
2.650000e-06	-2.441238e-06	-1.624333e-08	-1.769199e+01	-1.065814e+03
2.660000e-06	-2.572923e-06	-1.714180e-08	-1.864634e+01	-1.125877e+03
2.670000e-06	-2.703664e-06	-1.796910e-08	-1.959383e+01	-1.180718e+03
2.680000e-06	-2.833450e-06	-1.873106e-08	-2.053441e+01	-1.230641e+03
2.690000e-06	-2.962224e-06	-1.943418e-08	-2.146765e+01	-1.276106e+03
2.700000e-06	-3.089996e-06	-2.008580e-08	-2.239363e+01	-1.317671e+03
2.710000e-06	-3.216687e-06	-2.069347e-08	-2.331178e+01	-1.355933e+03
2.720000e-06	-3.342174e-06	-2.126307e-08	-2.422120e+01	-1.391469e+03
2.730000e-06	-3.466361e-06	-2.179632e-08	-2.512120e+01	-1.424786e+03
2.740000e-06	-3.589345e-06	-2.229169e-08	-2.601249e+01	-1.456287e+03
2.750000e-06	-3.711112e-06	-2.275185e-08	-2.689495e+01	-1.486256e+03
2.760000e-06	-3.831554e-06	-2.318007e-08	-2.776781e+01	-1.514854e+03
2.770000e-06	-3.950625e-06	-2.358313e-08	-2.863073e+01	-1.542139e+03
2.780000e-06	-4.068110e-06	-2.396634e-08	-2.948216e+01	-1.568092e+03
2.790000e-06	-4.183928e-06	-2.432891e-08	-3.032151e+01	-1.592651e+03
2.800000e-06	-4.298109e-06	-2.467016e-08	-3.114900e+01	-1.615749e+03
2.810000e-06	-4.410533e-06	-2.499094e-08	-3.196375e+01	-1.637342e+03
2.820000e-06	-4.521208e-06	-2.529448e-08	-3.276582e+01	-1.657433e+03
2.830000e-06	-4.630315e-06	-2.558226e-08	-3.355654e+01	-1.676083e+03
2.840000e-06	-4.737957e-06	-2.585549e-08	-3.433664e+01	-1.693411e+03
2.850000e-06	-4.844076e-06	-2.611402e-08	-3.510570e+01	-1.709583e+03
2.860000e-06	-4.948472e-06	-2.635883e-08	-3.586227e+01	-1.724790e+03
2.870000e-06	-5.050925e-06	-2.659238e-08	-3.660476e+01	-1.739227e+03
2.880000e-06	-5.151417e-06	-2.681452e-08	-3.733303e+01	-1.753070e+03
2.890000e-06	-5.250099e-06	-2.702579e-08	-3.804820e+01	-1.766452e+03
2.900000e-06	-5.346989e-06	-2.722616e-08	-3.875038e+01	-1.779455e+03
2.910000e-06	-5.441930e-06	-2.741606e-08	-3.943843e+01	-1.792102e+03
2.920000e-06	-5.534814e-06	-2.759633e-08	-4.011157e+01	-1.804363e+03
2.930000e-06	-5.625793e-06	-2.776737e-08	-4.077091e+01	-1.816171e+03
2.940000e-06	-5.714856e-06	-2.792951e-08	-4.141636e+01	-1.827434e+03
2.950000e-06	-5.801722e-06	-2.808413e-08	-4.204589e+01	-1.838061e+03
2.960000e-06	-5.886321e-06	-2.823244e-08	-4.265899e+01	-1.847981e+03
2.970000e-06	-5.968845e-06	-2.837286e-08	-4.325706e+01	-1.857152e+03
2.980000e-06	-6.049397e-06	-2.850289e-08	-4.384082e+01	-1.865581e+03
2.990000e-06	-6.127620e-06	-2.862257e-08	-4.440772e+01	-1.873315e+03
3.000000e-06	-6.203330e-06	-2.873379e-08	-4.495640e+01	-1.880440e+03
3.010000e-06	-6.276765e-06	-2.884031e-08	-4.548859e+01	-1.887068e+03
3.020000e-06	-6.347999e-06	-2.894361e-08	-4.600484e+01	-1.893319e+03
3.030000e-06	-6.416898e-06	-2.904178e-08	-4.650415e+01	-1.899309e+03
3.040000e-06	-6.483455e-06	-2.913605e-08	-4.698651e+01	-1.905125e+03
3.050000e-06	-6.547827e-06	-2.922560e-08	-4.745301e+01	-1.910825e+03
3.060000e-06	-6.609903e-06	-2.930895e-08	-4.790289e+01	-1.916422e+03
3.070000e-06	-6.669531e-06	-2.938598e-08	-4.833502e+01	-1.921895e+03
3.080000e-06	-6.726795e-06	-2.945876e-08	-4.875002e+01	-1.927189e+03
3.090000e-06	-6.781659e-06	-2.952725e-08	-4.914763e+01	-1.932232e+03
3.100000e-06	-6.833918e-06	-2.959121e-08	-4.952636e+01	-1.936945e+03
3.110000e-06	-6.883301e-06	-2.964966e-08	-4.988424e+01	-1.941263e+03
3.120000e-06	-6.929940e-06	-2.970639e-08	-5.022224e+01	-1.945142e+03
3.130000e-06	-6.974350e-06	-2.976168e-08	-5.054409e+01	-1.948568e+03
3.140000e-06	-7.016545e-06	-2.981450e-08	-5.084988e+01	-1.951560e+03
3.150000e-06	-7.056343e-06	-2.986409e-08	-5.113830e+01	-1.954169e+03
3.160000e-06	-7.093624e-06	-2.990831e-08	-5.140848e+01	-1.956464e+03
3.170000e-06	-7.128328e-06	-2.994571e-08	-5.165999e+01	-1.958525e+03
3.180000e-06	-7.160532e-06	-2.997535e-08	-5.189337e+01	-1.960429e+03
3.190000e-06	-7.190093e-06	-3.000090e-08	-5.210761e+01	-1.962236e+03
3.200000e-06	-7.217040e-06	-3.002471e-08	-5.230289e+01	-1.963981e+03
3.210000e-06	-7.241447e-06	-3.004719e-08	-5.247978e+01	-1.965670e+03
3.220000e-06	-7.263196e-06	-3.006816e-08	-5.263739e+01	-1.967280e+03
3.230000e-06	-7.282376e-06	-3.008653e-08	-5.277640e+01	-1.968762e+03
3.240000e-06	-7.299044e-06	-3.010061e-08	-5.289719e+01	-1.970056e+03
3.250000e-06	-7.312873e-06	-3.011113e-08	-5.299741e+01	-1.971096e+03
3.260000e-06	-7.323753e-06	-3.011773e-08	-5.307626e+01	-1.971829e+03
3.270000e-06	-7.331933e-06	-3.012232e-08	-5.313554e+01	-1.972218e+03
3.280000e-06	-7.337432e-06	-3.012403e-08	-5.317539e+01	-1.972255e+03
3.290000e-06	-7.340333e-06	-3.012098e-08	-5.319642e+01	-1.971958e+03
3.300000e-06	-7.340758e-06	-3.011161e-08	-5.319950e+01	-1.971371e+03
