# Temperatura_=_47.59
# Concentracion g/m^3_=_41000.0
# C_Vs_to_Am_M_A/Vsm_=_65563218390.804596
# pendiente_HvsI_1/m_=_3716.3
# ordenada_HvsI_A/m_=_1297.0
# frecuencia_Hz_=_302002.4686754524

Tiempo_(s)	Campo_(V.s)	Magnetizacion_(V.s)	Campo_(kA/m)	Magnetizacion_(A/m)
0.000000e+00	-6.791322e-06	-2.535623e-08	-4.746929e+01	-1.659624e+03
1.000000e-08	-6.788145e-06	-2.535155e-08	-4.744709e+01	-1.660005e+03
2.000000e-08	-6.782738e-06	-2.534513e-08	-4.740929e+01	-1.660125e+03
3.000000e-08	-6.775255e-06	-2.533813e-08	-4.735699e+01	-1.659813e+03
4.000000e-08	-6.765501e-06	-2.532954e-08	-4.728881e+01	-1.658999e+03
5.000000e-08	-6.753233e-06	-2.531666e-08	-4.720306e+01	-1.657739e+03
6.000000e-08	-6.738432e-06	-2.529890e-08	-4.709961e+01	-1.656197e+03
7.000000e-08	-6.721241e-06	-2.527439e-08	-4.697945e+01	-1.654593e+03
8.000000e-08	-6.701895e-06	-2.526631e-08	-4.684422e+01	-1.653139e+03
9.000000e-08	-6.680203e-06	-2.529293e-08	-4.669261e+01	-1.651975e+03
1.000000e-07	-6.655798e-06	-2.526394e-08	-4.652202e+01	-1.651128e+03
1.100000e-07	-6.628702e-06	-2.521061e-08	-4.633263e+01	-1.650509e+03
1.200000e-07	-6.599306e-06	-2.519335e-08	-4.612716e+01	-1.649947e+03
1.300000e-07	-6.567969e-06	-2.514437e-08	-4.590812e+01	-1.649236e+03
1.400000e-07	-6.534757e-06	-2.505633e-08	-4.567598e+01	-1.648208e+03
1.500000e-07	-6.499559e-06	-2.510362e-08	-4.542996e+01	-1.646772e+03
1.600000e-07	-6.462336e-06	-2.511034e-08	-4.516978e+01	-1.644947e+03
1.700000e-07	-6.423104e-06	-2.502532e-08	-4.489556e+01	-1.642841e+03
1.800000e-07	-6.381526e-06	-2.507307e-08	-4.460494e+01	-1.640613e+03
1.900000e-07	-6.337414e-06	-2.497919e-08	-4.429661e+01	-1.638413e+03
2.000000e-07	-6.290991e-06	-2.489901e-08	-4.397213e+01	-1.636330e+03
2.100000e-07	-6.242091e-06	-2.493390e-08	-4.363033e+01	-1.634358e+03
2.200000e-07	-6.190549e-06	-2.489830e-08	-4.327007e+01	-1.632394e+03
2.300000e-07	-6.136536e-06	-2.487406e-08	-4.289254e+01	-1.630274e+03
2.400000e-07	-6.080140e-06	-2.479665e-08	-4.249835e+01	-1.627822e+03
2.500000e-07	-6.021419e-06	-2.471784e-08	-4.208790e+01	-1.624910e+03
2.600000e-07	-5.960429e-06	-2.468024e-08	-4.166160e+01	-1.621507e+03
2.700000e-07	-5.897354e-06	-2.463069e-08	-4.122072e+01	-1.617686e+03
2.800000e-07	-5.832127e-06	-2.460273e-08	-4.076481e+01	-1.613611e+03
2.900000e-07	-5.764603e-06	-2.454573e-08	-4.029284e+01	-1.609485e+03
3.000000e-07	-5.694956e-06	-2.447001e-08	-3.980603e+01	-1.605484e+03
3.100000e-07	-5.623214e-06	-2.438238e-08	-3.930457e+01	-1.601706e+03
3.200000e-07	-5.549277e-06	-2.433724e-08	-3.878777e+01	-1.598130e+03
3.300000e-07	-5.473076e-06	-2.431293e-08	-3.825515e+01	-1.594623e+03
3.400000e-07	-5.394668e-06	-2.422778e-08	-3.770710e+01	-1.590977e+03
3.500000e-07	-5.314152e-06	-2.415708e-08	-3.714432e+01	-1.586971e+03
3.600000e-07	-5.231713e-06	-2.407775e-08	-3.656809e+01	-1.582440e+03
3.700000e-07	-5.147554e-06	-2.399389e-08	-3.597985e+01	-1.577325e+03
3.800000e-07	-5.061718e-06	-2.392866e-08	-3.537988e+01	-1.571693e+03
3.900000e-07	-4.974209e-06	-2.386325e-08	-3.476822e+01	-1.565717e+03
4.000000e-07	-4.884936e-06	-2.378149e-08	-3.414423e+01	-1.559620e+03
4.100000e-07	-4.793873e-06	-2.367593e-08	-3.350773e+01	-1.553607e+03
4.200000e-07	-4.701163e-06	-2.357733e-08	-3.285971e+01	-1.547793e+03
4.300000e-07	-4.606914e-06	-2.348252e-08	-3.220094e+01	-1.542166e+03
4.400000e-07	-4.511048e-06	-2.339043e-08	-3.153087e+01	-1.536588e+03
4.500000e-07	-4.413431e-06	-2.329394e-08	-3.084855e+01	-1.530829e+03
4.600000e-07	-4.314140e-06	-2.318751e-08	-3.015454e+01	-1.524642e+03
4.700000e-07	-4.213345e-06	-2.307626e-08	-2.945001e+01	-1.517837e+03
4.800000e-07	-4.111200e-06	-2.295999e-08	-2.873605e+01	-1.510340e+03
4.900000e-07	-4.007607e-06	-2.284981e-08	-2.801196e+01	-1.502220e+03
5.000000e-07	-3.902459e-06	-2.273818e-08	-2.727701e+01	-1.493666e+03
5.100000e-07	-3.795828e-06	-2.261785e-08	-2.653170e+01	-1.484925e+03
5.200000e-07	-3.687782e-06	-2.248705e-08	-2.577648e+01	-1.476222e+03
5.300000e-07	-3.578419e-06	-2.235026e-08	-2.501207e+01	-1.467683e+03
5.400000e-07	-3.467880e-06	-2.220893e-08	-2.423943e+01	-1.459281e+03
5.500000e-07	-3.356063e-06	-2.206201e-08	-2.345787e+01	-1.450839e+03
5.600000e-07	-3.242823e-06	-2.191488e-08	-2.266636e+01	-1.442073e+03
5.700000e-07	-3.128160e-06	-2.176186e-08	-2.186490e+01	-1.432675e+03
5.800000e-07	-3.012111e-06	-2.160041e-08	-2.105375e+01	-1.422405e+03
5.900000e-07	-2.894883e-06	-2.143240e-08	-2.023436e+01	-1.411168e+03
6.000000e-07	-2.776702e-06	-2.125845e-08	-1.940831e+01	-1.399041e+03
6.100000e-07	-2.657601e-06	-2.107552e-08	-1.857583e+01	-1.386254e+03
6.200000e-07	-2.537387e-06	-2.088519e-08	-1.773557e+01	-1.373112e+03
6.300000e-07	-2.416094e-06	-2.068865e-08	-1.688777e+01	-1.359896e+03
6.400000e-07	-2.293996e-06	-2.048381e-08	-1.603434e+01	-1.346758e+03
6.500000e-07	-2.171086e-06	-2.027102e-08	-1.517524e+01	-1.333657e+03
6.600000e-07	-2.047322e-06	-2.004798e-08	-1.431016e+01	-1.320353e+03
6.700000e-07	-1.922852e-06	-1.981617e-08	-1.344015e+01	-1.306463e+03
6.800000e-07	-1.797732e-06	-1.957425e-08	-1.256561e+01	-1.291563e+03
6.900000e-07	-1.672025e-06	-1.932258e-08	-1.168695e+01	-1.275313e+03
7.000000e-07	-1.545854e-06	-1.906180e-08	-1.080505e+01	-1.257560e+03
7.100000e-07	-1.419233e-06	-1.878695e-08	-9.920010e+00	-1.238379e+03
7.200000e-07	-1.292199e-06	-1.849785e-08	-9.032080e+00	-1.218050e+03
7.300000e-07	-1.164743e-06	-1.819470e-08	-8.141200e+00	-1.196953e+03
7.400000e-07	-1.036796e-06	-1.787351e-08	-7.246888e+00	-1.175424e+03
7.500000e-07	-9.084101e-07	-1.753302e-08	-6.349513e+00	-1.153606e+03
7.600000e-07	-7.796182e-07	-1.717591e-08	-5.449296e+00	-1.131354e+03
7.700000e-07	-6.505073e-07	-1.679751e-08	-4.546850e+00	-1.108210e+03
7.800000e-07	-5.211595e-07	-1.639591e-08	-3.642748e+00	-1.083485e+03
7.900000e-07	-3.916100e-07	-1.596990e-08	-2.737236e+00	-1.056416e+03
8.000000e-07	-2.619458e-07	-1.551156e-08	-1.830922e+00	-1.026357e+03
8.100000e-07	-1.321998e-07	-1.501685e-08	-9.240365e-01	-9.929487e+02
8.200000e-07	-2.365031e-09	-1.448430e-08	-1.653085e-02	-9.561954e+02
8.300000e-07	1.274980e-07	-1.391263e-08	8.911725e-01	-9.164184e+02
8.400000e-07	2.573250e-07	-1.329467e-08	1.798624e+00	-8.740699e+02
8.500000e-07	3.870959e-07	-1.262099e-08	2.705683e+00	-8.294446e+02
8.600000e-07	5.168227e-07	-1.188204e-08	3.612435e+00	-7.823592e+02
8.700000e-07	6.465007e-07	-1.106808e-08	4.518845e+00	-7.318898e+02
8.800000e-07	7.759960e-07	-1.016785e-08	5.423978e+00	-6.762568e+02
8.900000e-07	9.051918e-07	-9.160683e-09	6.327018e+00	-6.129230e+02
9.000000e-07	1.033984e-06	-8.020573e-09	7.227237e+00	-5.389187e+02
9.100000e-07	1.162257e-06	-6.712426e-09	8.123824e+00	-4.513578e+02
9.200000e-07	1.290022e-06	-5.194767e-09	9.016862e+00	-3.480520e+02
9.300000e-07	1.417304e-06	-3.424305e-09	9.906524e+00	-2.280997e+02
9.400000e-07	1.544108e-06	-1.372790e-09	1.079285e+01	-9.231643e+01
9.500000e-07	1.670446e-06	9.246498e-10	1.167591e+01	5.659998e+01
9.600000e-07	1.796311e-06	3.350044e-09	1.255567e+01	2.142271e+02
9.700000e-07	1.921623e-06	5.802437e-09	1.343156e+01	3.748879e+02
9.800000e-07	2.046278e-06	8.234973e-09	1.430287e+01	5.323581e+02
9.900000e-07	2.170172e-06	1.053240e-08	1.516885e+01	6.806803e+02
1.000000e-06	2.293236e-06	1.255254e-08	1.602903e+01	8.149352e+02
1.010000e-06	2.415463e-06	1.425168e-08	1.688336e+01	9.318249e+02
1.020000e-06	2.536689e-06	1.565558e-08	1.773069e+01	1.029967e+03
1.030000e-06	2.656778e-06	1.681186e-08	1.857008e+01	1.109858e+03
1.040000e-06	2.775825e-06	1.776928e-08	1.940218e+01	1.173536e+03
1.050000e-06	2.893936e-06	1.856455e-08	2.022774e+01	1.224027e+03
1.060000e-06	3.011047e-06	1.922741e-08	2.104631e+01	1.264712e+03
1.070000e-06	3.127004e-06	1.978706e-08	2.185681e+01	1.298729e+03
1.080000e-06	3.241702e-06	2.026273e-08	2.265852e+01	1.328543e+03
1.090000e-06	3.355065e-06	2.067339e-08	2.345090e+01	1.355732e+03
1.100000e-06	3.467109e-06	2.103646e-08	2.423405e+01	1.381005e+03
1.110000e-06	3.577927e-06	2.136169e-08	2.500863e+01	1.404406e+03
1.120000e-06	3.687589e-06	2.165136e-08	2.577514e+01	1.425626e+03
1.130000e-06	3.796068e-06	2.191160e-08	2.653337e+01	1.444321e+03
1.140000e-06	3.903259e-06	2.214969e-08	2.728260e+01	1.460357e+03
1.150000e-06	4.009068e-06	2.236650e-08	2.802218e+01	1.473934e+03
1.160000e-06	4.113329e-06	2.256588e-08	2.875093e+01	1.485563e+03
1.170000e-06	4.216078e-06	2.274912e-08	2.946911e+01	1.495942e+03
1.180000e-06	4.317456e-06	2.291975e-08	3.017771e+01	1.505771e+03
1.190000e-06	4.417335e-06	2.307996e-08	3.087584e+01	1.515573e+03
1.200000e-06	4.515603e-06	2.323117e-08	3.156270e+01	1.525582e+03
1.210000e-06	4.612111e-06	2.337274e-08	3.223726e+01	1.535718e+03
1.220000e-06	4.706856e-06	2.350420e-08	3.289950e+01	1.545660e+03
1.230000e-06	4.800034e-06	2.362651e-08	3.355079e+01	1.554980e+03
1.240000e-06	4.891657e-06	2.374164e-08	3.419121e+01	1.563299e+03
1.250000e-06	4.981560e-06	2.384889e-08	3.481961e+01	1.570416e+03
1.260000e-06	5.069536e-06	2.394830e-08	3.543453e+01	1.576369e+03
1.270000e-06	5.155671e-06	2.404026e-08	3.603658e+01	1.581422e+03
1.280000e-06	5.240085e-06	2.412676e-08	3.662662e+01	1.585985e+03
1.290000e-06	5.322709e-06	2.421090e-08	3.720413e+01	1.590487e+03
1.300000e-06	5.403307e-06	2.429210e-08	3.776749e+01	1.595253e+03
1.310000e-06	5.481833e-06	2.436983e-08	3.831636e+01	1.600422e+03
1.320000e-06	5.558350e-06	2.444363e-08	3.885119e+01	1.605921e+03
1.330000e-06	5.632713e-06	2.451320e-08	3.937096e+01	1.611503e+03
1.340000e-06	5.704903e-06	2.457788e-08	3.987555e+01	1.616841e+03
1.350000e-06	5.775026e-06	2.463953e-08	4.036569e+01	1.621632e+03
1.360000e-06	5.843192e-06	2.470046e-08	4.084215e+01	1.625697e+03
1.370000e-06	5.909296e-06	2.475826e-08	4.130420e+01	1.629029e+03
1.380000e-06	5.973219e-06	2.481277e-08	4.175100e+01	1.631789e+03
1.390000e-06	6.035061e-06	2.486541e-08	4.218326e+01	1.634251e+03
1.400000e-06	6.094923e-06	2.491523e-08	4.260168e+01	1.636710e+03
1.410000e-06	6.152637e-06	2.496116e-08	4.300508e+01	1.639390e+03
1.420000e-06	6.208143e-06	2.500186e-08	4.339305e+01	1.642380e+03
1.430000e-06	6.261412e-06	2.503913e-08	4.376538e+01	1.645607e+03
1.440000e-06	6.312066e-06	2.507579e-08	4.411944e+01	1.648872e+03
1.450000e-06	6.360131e-06	2.511123e-08	4.445540e+01	1.651911e+03
1.460000e-06	6.405942e-06	2.514381e-08	4.477560e+01	1.654485e+03
1.470000e-06	6.449652e-06	2.517345e-08	4.508112e+01	1.656458e+03
1.480000e-06	6.491041e-06	2.520040e-08	4.537042e+01	1.657833e+03
1.490000e-06	6.530002e-06	2.522479e-08	4.564275e+01	1.658754e+03
1.500000e-06	6.566822e-06	2.524540e-08	4.590010e+01	1.659459e+03
1.510000e-06	6.601420e-06	2.526402e-08	4.614194e+01	1.660204e+03
1.520000e-06	6.633580e-06	2.528353e-08	4.636673e+01	1.661183e+03
1.530000e-06	6.663435e-06	2.530389e-08	4.657540e+01	1.662475e+03
1.540000e-06	6.691125e-06	2.532238e-08	4.676894e+01	1.664018e+03
1.550000e-06	6.716300e-06	2.533720e-08	4.694491e+01	1.665634e+03
1.560000e-06	6.738865e-06	2.534934e-08	4.710263e+01	1.667090e+03
1.570000e-06	6.759160e-06	2.535867e-08	4.724449e+01	1.668169e+03
1.580000e-06	6.777146e-06	2.536645e-08	4.737021e+01	1.668743e+03
1.590000e-06	6.792587e-06	2.537335e-08	4.747814e+01	1.668807e+03
1.600000e-06	6.805467e-06	2.537983e-08	4.756816e+01	1.668485e+03
1.610000e-06	6.815680e-06	2.538699e-08	4.763955e+01	1.667987e+03
1.620000e-06	6.823227e-06	2.539371e-08	4.769230e+01	1.667542e+03
1.630000e-06	6.828422e-06	2.539795e-08	4.772861e+01	1.667329e+03
1.640000e-06	6.831257e-06	2.539882e-08	4.774842e+01	1.667423e+03
1.650000e-06	6.831589e-06	2.539893e-08	4.775075e+01	1.667768e+03
1.660000e-06	6.829593e-06	2.539297e-08	4.773679e+01	1.668199e+03
1.670000e-06	6.825460e-06	2.538339e-08	4.770791e+01	1.668497e+03
1.680000e-06	6.818997e-06	2.537659e-08	4.766273e+01	1.668450e+03
1.690000e-06	6.810284e-06	2.537010e-08	4.760183e+01	1.667926e+03
1.700000e-06	6.799483e-06	2.536374e-08	4.752633e+01	1.666909e+03
1.710000e-06	6.786322e-06	2.535862e-08	4.743435e+01	1.665506e+03
1.720000e-06	6.770806e-06	2.536259e-08	4.732589e+01	1.663912e+03
1.730000e-06	6.753197e-06	2.533847e-08	4.720281e+01	1.662352e+03
1.740000e-06	6.733281e-06	2.526076e-08	4.706361e+01	1.661014e+03
1.750000e-06	6.710306e-06	2.525763e-08	4.690301e+01	1.659991e+03
1.760000e-06	6.684200e-06	2.526601e-08	4.672054e+01	1.659261e+03
1.770000e-06	6.655606e-06	2.523133e-08	4.652068e+01	1.658694e+03
1.780000e-06	6.624891e-06	2.528345e-08	4.630599e+01	1.658094e+03
1.790000e-06	6.592601e-06	2.528398e-08	4.608029e+01	1.657267e+03
1.800000e-06	6.558794e-06	2.516811e-08	4.584399e+01	1.656071e+03
1.810000e-06	6.522602e-06	2.522784e-08	4.559102e+01	1.654463e+03
1.820000e-06	6.483940e-06	2.519910e-08	4.532078e+01	1.652502e+03
1.830000e-06	6.443127e-06	2.514733e-08	4.503552e+01	1.650326e+03
1.840000e-06	6.400142e-06	2.522446e-08	4.473506e+01	1.648096e+03
1.850000e-06	6.355054e-06	2.510925e-08	4.441991e+01	1.645943e+03
1.860000e-06	6.307549e-06	2.509934e-08	4.408786e+01	1.643917e+03
1.870000e-06	6.257649e-06	2.503930e-08	4.373908e+01	1.641968e+03
1.880000e-06	6.205449e-06	2.493814e-08	4.337422e+01	1.639962e+03
1.890000e-06	6.150550e-06	2.500084e-08	4.299049e+01	1.637722e+03
1.900000e-06	6.093253e-06	2.492487e-08	4.259000e+01	1.635086e+03
1.910000e-06	6.033734e-06	2.490484e-08	4.217398e+01	1.631964e+03
1.920000e-06	5.971910e-06	2.484798e-08	4.174185e+01	1.628368e+03
1.930000e-06	5.907931e-06	2.475214e-08	4.129465e+01	1.624417e+03
1.940000e-06	5.841781e-06	2.475807e-08	4.083228e+01	1.620298e+03
1.950000e-06	5.773504e-06	2.467265e-08	4.035505e+01	1.616210e+03
1.960000e-06	5.702873e-06	2.465767e-08	3.986136e+01	1.612302e+03
1.970000e-06	5.629983e-06	2.456162e-08	3.935189e+01	1.608622e+03
1.980000e-06	5.555056e-06	2.448642e-08	3.882817e+01	1.605100e+03
1.990000e-06	5.477898e-06	2.444749e-08	3.828886e+01	1.601563e+03
2.000000e-06	5.398622e-06	2.435645e-08	3.773474e+01	1.597791e+03
2.010000e-06	5.317410e-06	2.434244e-08	3.716709e+01	1.593577e+03
2.020000e-06	5.234381e-06	2.424530e-08	3.658674e+01	1.588798e+03
2.030000e-06	5.149511e-06	2.415867e-08	3.599353e+01	1.583448e+03
2.040000e-06	5.062752e-06	2.406443e-08	3.538711e+01	1.577646e+03
2.050000e-06	4.974173e-06	2.398766e-08	3.476797e+01	1.571592e+03
2.060000e-06	4.883961e-06	2.392865e-08	3.413741e+01	1.565513e+03
2.070000e-06	4.792273e-06	2.383136e-08	3.349655e+01	1.559580e+03
2.080000e-06	4.698860e-06	2.375526e-08	3.284361e+01	1.553858e+03
2.090000e-06	4.603607e-06	2.364982e-08	3.217782e+01	1.548278e+03
2.100000e-06	4.506710e-06	2.355985e-08	3.150055e+01	1.542656e+03
2.110000e-06	4.408347e-06	2.345803e-08	3.081301e+01	1.536744e+03
2.120000e-06	4.308551e-06	2.336371e-08	3.011547e+01	1.530312e+03
2.130000e-06	4.207188e-06	2.326212e-08	2.940697e+01	1.523214e+03
2.140000e-06	4.104147e-06	2.314370e-08	2.868675e+01	1.515436e+03
2.150000e-06	3.999524e-06	2.302483e-08	2.795547e+01	1.507104e+03
2.160000e-06	3.893593e-06	2.289568e-08	2.721504e+01	1.498441e+03
2.170000e-06	3.786450e-06	2.277709e-08	2.646614e+01	1.489696e+03
2.180000e-06	3.677945e-06	2.265352e-08	2.570773e+01	1.481058e+03
2.190000e-06	3.568038e-06	2.253466e-08	2.493951e+01	1.472593e+03
2.200000e-06	3.456789e-06	2.239929e-08	2.416191e+01	1.464206e+03
2.210000e-06	3.344109e-06	2.225487e-08	2.337431e+01	1.455665e+03
2.220000e-06	3.230152e-06	2.210137e-08	2.257779e+01	1.446667e+03
2.230000e-06	3.115022e-06	2.194459e-08	2.177307e+01	1.436920e+03
2.240000e-06	2.998560e-06	2.178398e-08	2.095903e+01	1.426240e+03
2.250000e-06	2.880857e-06	2.162012e-08	2.013632e+01	1.414604e+03
2.260000e-06	2.762044e-06	2.145062e-08	1.930586e+01	1.402162e+03
2.270000e-06	2.642068e-06	2.126974e-08	1.846726e+01	1.389187e+03
2.280000e-06	2.521003e-06	2.108214e-08	1.762105e+01	1.375987e+03
2.290000e-06	2.399101e-06	2.088812e-08	1.676899e+01	1.362798e+03
2.300000e-06	2.276549e-06	2.069028e-08	1.591239e+01	1.349695e+03
2.310000e-06	2.153346e-06	2.047822e-08	1.505124e+01	1.336549e+03
2.320000e-06	2.029379e-06	2.025442e-08	1.418475e+01	1.323049e+03
2.330000e-06	1.904567e-06	2.001832e-08	1.331235e+01	1.308778e+03
2.340000e-06	1.778972e-06	1.977406e-08	1.243447e+01	1.293334e+03
2.350000e-06	1.652818e-06	1.951898e-08	1.155270e+01	1.276448e+03
2.360000e-06	1.526207e-06	1.925100e-08	1.066772e+01	1.258063e+03
2.370000e-06	1.399095e-06	1.897061e-08	9.779254e+00	1.238350e+03
2.380000e-06	1.271483e-06	1.867700e-08	8.887283e+00	1.217646e+03
2.390000e-06	1.143419e-06	1.837039e-08	7.992151e+00	1.196333e+03
2.400000e-06	1.014962e-06	1.804531e-08	7.094278e+00	1.174680e+03
2.410000e-06	8.861343e-07	1.770044e-08	6.193812e+00	1.152716e+03
2.420000e-06	7.569886e-07	1.733043e-08	5.291122e+00	1.130156e+03
2.430000e-06	6.276176e-07	1.693630e-08	4.386858e+00	1.106430e+03
2.440000e-06	4.980482e-07	1.652052e-08	3.481207e+00	1.080794e+03
2.450000e-06	3.683050e-07	1.608197e-08	2.574341e+00	1.052511e+03
2.460000e-06	2.383893e-07	1.561419e-08	1.666269e+00	1.021043e+03
2.470000e-06	1.083868e-07	1.510640e-08	7.575914e-01	9.861813e+02
2.480000e-06	-2.158738e-08	1.455811e-08	-1.508893e-01	9.480820e+02
2.490000e-06	-1.515539e-07	1.396810e-08	-1.059316e+00	9.071517e+02
2.500000e-06	-2.815105e-07	1.332958e-08	-1.967673e+00	8.638144e+02
2.510000e-06	-4.113966e-07	1.263216e-08	-2.875538e+00	8.181981e+02
2.520000e-06	-5.411736e-07	1.186632e-08	-3.782640e+00	7.698273e+02
2.530000e-06	-6.708306e-07	1.102058e-08	-4.688903e+00	7.174142e+02
2.540000e-06	-8.002880e-07	1.007955e-08	-5.593772e+00	6.588291e+02
2.550000e-06	-9.294451e-07	9.023754e-09	-6.496541e+00	5.912968e+02
2.560000e-06	-1.058227e-06	7.824365e-09	-7.396687e+00	5.118121e+02
2.570000e-06	-1.186652e-06	6.445108e-09	-8.294338e+00	4.177110e+02
2.580000e-06	-1.314662e-06	4.841633e-09	-9.189088e+00	3.072910e+02
2.590000e-06	-1.442114e-06	2.971742e-09	-1.007994e+01	1.803471e+02
2.600000e-06	-1.569031e-06	8.166786e-10	-1.096705e+01	3.849951e+01
2.610000e-06	-1.695485e-06	-1.571851e-09	-1.185093e+01	-1.147762e+02
2.620000e-06	-1.821312e-06	-4.070539e-09	-1.273042e+01	-2.744463e+02
2.630000e-06	-1.946302e-06	-6.584069e-09	-1.360407e+01	-4.345029e+02
2.640000e-06	-2.070416e-06	-9.025188e-09	-1.447159e+01	-5.887352e+02
2.650000e-06	-2.193674e-06	-1.125244e-08	-1.533312e+01	-7.315445e+02
2.660000e-06	-2.316108e-06	-1.317075e-08	-1.618890e+01	-8.586500e+02
2.670000e-06	-2.437774e-06	-1.477579e-08	-1.703930e+01	-9.675579e+02
2.680000e-06	-2.558641e-06	-1.610100e-08	-1.788413e+01	-1.057714e+03
2.690000e-06	-2.678460e-06	-1.718992e-08	-1.872163e+01	-1.130333e+03
2.700000e-06	-2.797226e-06	-1.808646e-08	-1.955176e+01	-1.187951e+03
2.710000e-06	-2.914971e-06	-1.883167e-08	-2.037477e+01	-1.233825e+03
2.720000e-06	-3.031472e-06	-1.946044e-08	-2.118908e+01	-1.271297e+03
2.730000e-06	-3.146688e-06	-1.999608e-08	-2.199440e+01	-1.303258e+03
2.740000e-06	-3.260602e-06	-2.045489e-08	-2.279062e+01	-1.331805e+03
2.750000e-06	-3.373179e-06	-2.085296e-08	-2.357750e+01	-1.358129e+03
2.760000e-06	-3.484404e-06	-2.120150e-08	-2.435493e+01	-1.382620e+03
2.770000e-06	-3.594309e-06	-2.150945e-08	-2.512314e+01	-1.405131e+03
2.780000e-06	-3.703023e-06	-2.178550e-08	-2.588301e+01	-1.425301e+03
2.790000e-06	-3.810599e-06	-2.203542e-08	-2.663494e+01	-1.442852e+03
2.800000e-06	-3.916996e-06	-2.226452e-08	-2.737862e+01	-1.457787e+03
2.810000e-06	-4.022073e-06	-2.247674e-08	-2.811307e+01	-1.470449e+03
2.820000e-06	-4.125662e-06	-2.267153e-08	-2.883713e+01	-1.481450e+03
2.830000e-06	-4.227640e-06	-2.284878e-08	-2.954993e+01	-1.491512e+03
2.840000e-06	-4.327987e-06	-2.301358e-08	-3.025132e+01	-1.501279e+03
2.850000e-06	-4.426825e-06	-2.316884e-08	-3.094217e+01	-1.511157e+03
2.860000e-06	-4.524214e-06	-2.331439e-08	-3.162289e+01	-1.521244e+03
2.870000e-06	-4.620033e-06	-2.345114e-08	-3.229264e+01	-1.531344e+03
2.880000e-06	-4.714166e-06	-2.357850e-08	-3.295060e+01	-1.541070e+03
2.890000e-06	-4.806600e-06	-2.369581e-08	-3.359669e+01	-1.549997e+03
2.900000e-06	-4.897382e-06	-2.380309e-08	-3.423122e+01	-1.557810e+03
2.910000e-06	-4.986480e-06	-2.390290e-08	-3.485399e+01	-1.564406e+03
2.920000e-06	-5.073731e-06	-2.399804e-08	-3.546385e+01	-1.569928e+03
2.930000e-06	-5.158948e-06	-2.409011e-08	-3.605949e+01	-1.574715e+03
2.940000e-06	-5.242268e-06	-2.417781e-08	-3.664187e+01	-1.579200e+03
2.950000e-06	-5.323836e-06	-2.425960e-08	-3.721201e+01	-1.583782e+03
2.960000e-06	-5.403520e-06	-2.433667e-08	-3.776898e+01	-1.588714e+03
2.970000e-06	-5.481033e-06	-2.441029e-08	-3.831077e+01	-1.594043e+03
2.980000e-06	-5.556299e-06	-2.448171e-08	-3.883685e+01	-1.599612e+03
2.990000e-06	-5.629552e-06	-2.455025e-08	-3.934887e+01	-1.605128e+03
3.000000e-06	-5.700807e-06	-2.461475e-08	-3.984692e+01	-1.610261e+03
3.010000e-06	-5.769912e-06	-2.467591e-08	-4.032995e+01	-1.614751e+03
3.020000e-06	-5.836909e-06	-2.473481e-08	-4.079824e+01	-1.618490e+03
3.030000e-06	-5.901921e-06	-2.479135e-08	-4.125265e+01	-1.621547e+03
3.040000e-06	-5.964918e-06	-2.484680e-08	-4.169298e+01	-1.624140e+03
3.050000e-06	-6.025733e-06	-2.489955e-08	-4.211806e+01	-1.626564e+03
3.060000e-06	-6.084361e-06	-2.494855e-08	-4.252785e+01	-1.629094e+03
3.070000e-06	-6.140944e-06	-2.499411e-08	-4.292335e+01	-1.631903e+03
3.080000e-06	-6.195287e-06	-2.503489e-08	-4.330319e+01	-1.635010e+03
3.090000e-06	-6.247099e-06	-2.507166e-08	-4.366534e+01	-1.638281e+03
3.100000e-06	-6.296234e-06	-2.510366e-08	-4.400878e+01	-1.641479e+03
3.110000e-06	-6.342900e-06	-2.513536e-08	-4.433496e+01	-1.644342e+03
3.120000e-06	-6.387520e-06	-2.516710e-08	-4.464684e+01	-1.646665e+03
3.130000e-06	-6.430103e-06	-2.519709e-08	-4.494448e+01	-1.648370e+03
3.140000e-06	-6.470572e-06	-2.522620e-08	-4.522735e+01	-1.649523e+03
3.150000e-06	-6.508745e-06	-2.525292e-08	-4.549417e+01	-1.650317e+03
3.160000e-06	-6.544560e-06	-2.527606e-08	-4.574450e+01	-1.651007e+03
3.170000e-06	-6.578156e-06	-2.529404e-08	-4.597933e+01	-1.651832e+03
3.180000e-06	-6.609400e-06	-2.531115e-08	-4.619771e+01	-1.652942e+03
3.190000e-06	-6.638162e-06	-2.532537e-08	-4.639875e+01	-1.654354e+03
3.200000e-06	-6.664545e-06	-2.533584e-08	-4.658316e+01	-1.655953e+03
3.210000e-06	-6.688618e-06	-2.534588e-08	-4.675142e+01	-1.657527e+03
3.220000e-06	-6.710173e-06	-2.535759e-08	-4.690209e+01	-1.658842e+03
3.230000e-06	-6.729303e-06	-2.536774e-08	-4.703580e+01	-1.659711e+03
3.240000e-06	-6.746165e-06	-2.537433e-08	-4.715366e+01	-1.660057e+03
3.250000e-06	-6.760421e-06	-2.537809e-08	-4.725331e+01	-1.659932e+03
3.260000e-06	-6.771967e-06	-2.538066e-08	-4.733401e+01	-1.659503e+03
3.270000e-06	-6.781061e-06	-2.538083e-08	-4.739757e+01	-1.658998e+03
3.280000e-06	-6.787668e-06	-2.537870e-08	-4.744375e+01	-1.658634e+03
3.290000e-06	-6.791796e-06	-2.537584e-08	-4.747261e+01	-1.658549e+03
3.300000e-06	-6.793653e-06	-2.537068e-08	-4.748558e+01	-1.658762e+03
3.310000e-06	-6.793180e-06	-2.536405e-08	-4.748228e+01	-1.659166e+03
