# Temperatura_=_88.51
# Concentracion g/m^3_=_41000.0
# C_Vs_to_Am_M_A/Vsm_=_65563218390.804596
# pendiente_HvsI_1/m_=_3716.3
# ordenada_HvsI_A/m_=_1297.0
# frecuencia_Hz_=_302501.0529983296

Tiempo_(s)	Campo_(V.s)	Magnetizacion_(V.s)	Campo_(kA/m)	Magnetizacion_(A/m)
0.000000e+00	-7.958928e-06	-2.423852e-08	-5.685480e+01	-1.586527e+03
1.000000e-08	-7.954307e-06	-2.423122e-08	-5.682179e+01	-1.585567e+03
2.000000e-08	-7.947217e-06	-2.421742e-08	-5.677114e+01	-1.584279e+03
3.000000e-08	-7.937381e-06	-2.420510e-08	-5.670087e+01	-1.582900e+03
4.000000e-08	-7.924727e-06	-2.419159e-08	-5.661048e+01	-1.581656e+03
5.000000e-08	-7.909211e-06	-2.417595e-08	-5.649964e+01	-1.580692e+03
6.000000e-08	-7.891011e-06	-2.415556e-08	-5.636963e+01	-1.580024e+03
7.000000e-08	-7.870502e-06	-2.412949e-08	-5.622313e+01	-1.579541e+03
8.000000e-08	-7.847426e-06	-2.414766e-08	-5.605828e+01	-1.579038e+03
9.000000e-08	-7.821196e-06	-2.415297e-08	-5.587091e+01	-1.578286e+03
1.000000e-07	-7.791742e-06	-2.409967e-08	-5.566050e+01	-1.577105e+03
1.100000e-07	-7.759431e-06	-2.405851e-08	-5.542969e+01	-1.575425e+03
1.200000e-07	-7.724408e-06	-2.403932e-08	-5.517950e+01	-1.573308e+03
1.300000e-07	-7.686915e-06	-2.400060e-08	-5.491166e+01	-1.570932e+03
1.400000e-07	-7.647281e-06	-2.391578e-08	-5.462854e+01	-1.568532e+03
1.500000e-07	-7.605410e-06	-2.391104e-08	-5.432943e+01	-1.566326e+03
1.600000e-07	-7.560928e-06	-2.391461e-08	-5.401168e+01	-1.564446e+03
1.700000e-07	-7.513717e-06	-2.379859e-08	-5.367442e+01	-1.562890e+03
1.800000e-07	-7.463611e-06	-2.381379e-08	-5.331649e+01	-1.561520e+03
1.900000e-07	-7.410440e-06	-2.379734e-08	-5.293666e+01	-1.560098e+03
2.000000e-07	-7.354488e-06	-2.374722e-08	-5.253696e+01	-1.558360e+03
2.100000e-07	-7.295885e-06	-2.374985e-08	-5.211833e+01	-1.556091e+03
2.200000e-07	-7.234620e-06	-2.367302e-08	-5.168068e+01	-1.553193e+03
2.300000e-07	-7.170751e-06	-2.362896e-08	-5.122444e+01	-1.549709e+03
2.400000e-07	-7.104164e-06	-2.355302e-08	-5.074877e+01	-1.545811e+03
2.500000e-07	-7.034850e-06	-2.350899e-08	-5.025362e+01	-1.541745e+03
2.600000e-07	-6.962795e-06	-2.345058e-08	-4.973890e+01	-1.537753e+03
2.700000e-07	-6.887968e-06	-2.338630e-08	-4.920437e+01	-1.534000e+03
2.800000e-07	-6.810423e-06	-2.332573e-08	-4.865043e+01	-1.530520e+03
2.900000e-07	-6.730138e-06	-2.324192e-08	-4.807691e+01	-1.527210e+03
3.000000e-07	-6.647308e-06	-2.318907e-08	-4.748521e+01	-1.523860e+03
3.100000e-07	-6.562278e-06	-2.312626e-08	-4.687780e+01	-1.520225e+03
3.200000e-07	-6.475020e-06	-2.307886e-08	-4.625446e+01	-1.516100e+03
3.300000e-07	-6.385360e-06	-2.301336e-08	-4.561398e+01	-1.511387e+03
3.400000e-07	-6.293366e-06	-2.292998e-08	-4.495681e+01	-1.506125e+03
3.500000e-07	-6.199118e-06	-2.285430e-08	-4.428355e+01	-1.500479e+03
3.600000e-07	-6.102591e-06	-2.277423e-08	-4.359401e+01	-1.494681e+03
3.700000e-07	-6.003793e-06	-2.269327e-08	-4.288825e+01	-1.488958e+03
3.800000e-07	-5.902900e-06	-2.261578e-08	-4.216751e+01	-1.483453e+03
3.900000e-07	-5.799935e-06	-2.253643e-08	-4.143198e+01	-1.478176e+03
4.000000e-07	-5.694868e-06	-2.243643e-08	-4.068143e+01	-1.472994e+03
4.100000e-07	-5.587779e-06	-2.233513e-08	-3.991643e+01	-1.467673e+03
4.200000e-07	-5.478754e-06	-2.223685e-08	-3.913761e+01	-1.461949e+03
4.300000e-07	-5.367852e-06	-2.213183e-08	-3.834538e+01	-1.455612e+03
4.400000e-07	-5.254921e-06	-2.202238e-08	-3.753866e+01	-1.448576e+03
4.500000e-07	-5.139924e-06	-2.191895e-08	-3.671717e+01	-1.440908e+03
4.600000e-07	-5.022963e-06	-2.181175e-08	-3.588166e+01	-1.432811e+03
4.700000e-07	-4.904155e-06	-2.169673e-08	-3.503295e+01	-1.424558e+03
4.800000e-07	-4.783535e-06	-2.157982e-08	-3.417130e+01	-1.416401e+03
4.900000e-07	-4.661116e-06	-2.146319e-08	-3.329679e+01	-1.408488e+03
5.000000e-07	-4.536997e-06	-2.133986e-08	-3.241015e+01	-1.400805e+03
5.100000e-07	-4.411288e-06	-2.120335e-08	-3.151214e+01	-1.393168e+03
5.200000e-07	-4.284017e-06	-2.106332e-08	-3.060298e+01	-1.385276e+03
5.300000e-07	-4.155143e-06	-2.091847e-08	-2.968237e+01	-1.376796e+03
5.400000e-07	-4.024724e-06	-2.076533e-08	-2.875071e+01	-1.367468e+03
5.500000e-07	-3.892728e-06	-2.060810e-08	-2.780780e+01	-1.357185e+03
5.600000e-07	-3.759213e-06	-2.045239e-08	-2.685403e+01	-1.346034e+03
5.700000e-07	-3.624270e-06	-2.029180e-08	-2.589006e+01	-1.334266e+03
5.800000e-07	-3.487970e-06	-2.012580e-08	-2.491640e+01	-1.322217e+03
5.900000e-07	-3.350420e-06	-1.995119e-08	-2.393381e+01	-1.310193e+03
6.000000e-07	-3.211498e-06	-1.976862e-08	-2.294141e+01	-1.298362e+03
6.100000e-07	-3.071129e-06	-1.957528e-08	-2.193869e+01	-1.286680e+03
6.200000e-07	-2.929445e-06	-1.937245e-08	-2.092656e+01	-1.274884e+03
6.300000e-07	-2.786633e-06	-1.916194e-08	-1.990638e+01	-1.262556e+03
6.400000e-07	-2.642806e-06	-1.894112e-08	-1.887895e+01	-1.249241e+03
6.500000e-07	-2.498054e-06	-1.871118e-08	-1.784491e+01	-1.234581e+03
6.600000e-07	-2.352351e-06	-1.846806e-08	-1.680408e+01	-1.218427e+03
6.700000e-07	-2.205774e-06	-1.821675e-08	-1.575700e+01	-1.200890e+03
6.800000e-07	-2.058504e-06	-1.795524e-08	-1.470498e+01	-1.182302e+03
6.900000e-07	-1.910584e-06	-1.768298e-08	-1.364830e+01	-1.163103e+03
7.000000e-07	-1.762080e-06	-1.739582e-08	-1.258746e+01	-1.143678e+03
7.100000e-07	-1.613018e-06	-1.708969e-08	-1.152263e+01	-1.124196e+03
7.200000e-07	-1.463450e-06	-1.676764e-08	-1.045419e+01	-1.104498e+03
7.300000e-07	-1.313473e-06	-1.642580e-08	-9.382830e+00	-1.084084e+03
7.400000e-07	-1.163047e-06	-1.606152e-08	-8.308253e+00	-1.062206e+03
7.500000e-07	-1.012208e-06	-1.567374e-08	-7.230730e+00	-1.038044e+03
7.600000e-07	-8.610419e-07	-1.526248e-08	-6.150874e+00	-1.010920e+03
7.700000e-07	-7.095768e-07	-1.481812e-08	-5.068880e+00	-9.804763e+02
7.800000e-07	-5.578292e-07	-1.433570e-08	-3.984867e+00	-9.467532e+02
7.900000e-07	-4.058686e-07	-1.381238e-08	-2.899332e+00	-9.101179e+02
8.000000e-07	-2.537394e-07	-1.324218e-08	-1.812594e+00	-8.710444e+02
8.100000e-07	-1.014605e-07	-1.261549e-08	-7.247853e-01	-8.297835e+02
8.200000e-07	5.084458e-08	-1.191974e-08	3.632095e-01	-7.860072e+02
8.300000e-07	2.031569e-07	-1.114441e-08	1.451257e+00	-7.385303e+02
8.400000e-07	3.554239e-07	-1.027273e-08	2.538979e+00	-6.852116e+02
8.500000e-07	5.076190e-07	-9.287650e-09	3.626189e+00	-6.230988e+02
8.600000e-07	6.596844e-07	-8.157374e-09	4.712471e+00	-5.488320e+02
8.700000e-07	8.114653e-07	-6.835708e-09	5.796722e+00	-4.592524e+02
8.800000e-07	9.629824e-07	-5.264511e-09	6.879089e+00	-3.521057e+02
8.900000e-07	1.114245e-06	-3.377947e-09	7.959640e+00	-2.266943e+02
9.000000e-07	1.265112e-06	-1.164477e-09	9.037360e+00	-8.432764e+01
9.100000e-07	1.415554e-06	1.245244e-09	1.011205e+01	7.154723e+01
9.200000e-07	1.565544e-06	3.697628e-09	1.118350e+01	2.355904e+02
9.300000e-07	1.714987e-06	6.150690e-09	1.225105e+01	4.011674e+02
9.400000e-07	1.863870e-06	8.596128e-09	1.331460e+01	5.612022e+02
9.500000e-07	2.012102e-06	1.093672e-08	1.437350e+01	7.091277e+02
9.600000e-07	2.159491e-06	1.295883e-08	1.542638e+01	8.397565e+02
9.700000e-07	2.305995e-06	1.455372e-08	1.647293e+01	9.499070e+02
9.800000e-07	2.451586e-06	1.578272e-08	1.751296e+01	1.038676e+03
9.900000e-07	2.596244e-06	1.673727e-08	1.854633e+01	1.107318e+03
1.000000e-06	2.740002e-06	1.748951e-08	1.957327e+01	1.158785e+03
1.010000e-06	2.882692e-06	1.809375e-08	2.059258e+01	1.197026e+03
1.020000e-06	3.024231e-06	1.859055e-08	2.160367e+01	1.226221e+03
1.030000e-06	3.164560e-06	1.900902e-08	2.260611e+01	1.250084e+03
1.040000e-06	3.303587e-06	1.937258e-08	2.359925e+01	1.271383e+03
1.050000e-06	3.441381e-06	1.969357e-08	2.458359e+01	1.291731e+03
1.060000e-06	3.577861e-06	1.997762e-08	2.555854e+01	1.311660e+03
1.070000e-06	3.712915e-06	2.023060e-08	2.652330e+01	1.330903e+03
1.080000e-06	3.846630e-06	2.045934e-08	2.747850e+01	1.348798e+03
1.090000e-06	3.978983e-06	2.067166e-08	2.842396e+01	1.364690e+03
1.100000e-06	4.109917e-06	2.086856e-08	2.935929e+01	1.378223e+03
1.110000e-06	4.239471e-06	2.105130e-08	3.028477e+01	1.389487e+03
1.120000e-06	4.367551e-06	2.122092e-08	3.119971e+01	1.398981e+03
1.130000e-06	4.494074e-06	2.137917e-08	3.210353e+01	1.407456e+03
1.140000e-06	4.619131e-06	2.152945e-08	3.299687e+01	1.415679e+03
1.150000e-06	4.742549e-06	2.167238e-08	3.387851e+01	1.424224e+03
1.160000e-06	4.864205e-06	2.180984e-08	3.474757e+01	1.433331e+03
1.170000e-06	4.984163e-06	2.193882e-08	3.560449e+01	1.442877e+03
1.180000e-06	5.102342e-06	2.205947e-08	3.644870e+01	1.452462e+03
1.190000e-06	5.218627e-06	2.217558e-08	3.727939e+01	1.461565e+03
1.200000e-06	5.332849e-06	2.228776e-08	3.809534e+01	1.469728e+03
1.210000e-06	5.444962e-06	2.239455e-08	3.889622e+01	1.476700e+03
1.220000e-06	5.555137e-06	2.249520e-08	3.968326e+01	1.482508e+03
1.230000e-06	5.663401e-06	2.259073e-08	4.045665e+01	1.487439e+03
1.240000e-06	5.769622e-06	2.268084e-08	4.121544e+01	1.491942e+03
1.250000e-06	5.873719e-06	2.276497e-08	4.195906e+01	1.496481e+03
1.260000e-06	5.975663e-06	2.284595e-08	4.268730e+01	1.501401e+03
1.270000e-06	6.075416e-06	2.292471e-08	4.339988e+01	1.506833e+03
1.280000e-06	6.172848e-06	2.300097e-08	4.409589e+01	1.512669e+03
1.290000e-06	6.267943e-06	2.307364e-08	4.477521e+01	1.518617e+03
1.300000e-06	6.360809e-06	2.314342e-08	4.543859e+01	1.524304e+03
1.310000e-06	6.451424e-06	2.320949e-08	4.608591e+01	1.529399e+03
1.320000e-06	6.539675e-06	2.327514e-08	4.671633e+01	1.533722e+03
1.330000e-06	6.625667e-06	2.334085e-08	4.733061e+01	1.537289e+03
1.340000e-06	6.709394e-06	2.340259e-08	4.792872e+01	1.540304e+03
1.350000e-06	6.790633e-06	2.346098e-08	4.850905e+01	1.543086e+03
1.360000e-06	6.869371e-06	2.351583e-08	4.907152e+01	1.545966e+03
1.370000e-06	6.945593e-06	2.356816e-08	4.961601e+01	1.549178e+03
1.380000e-06	7.019150e-06	2.361673e-08	5.014147e+01	1.552796e+03
1.390000e-06	7.090121e-06	2.366395e-08	5.064845e+01	1.556709e+03
1.400000e-06	7.158668e-06	2.371108e-08	5.113812e+01	1.560666e+03
1.410000e-06	7.224679e-06	2.375647e-08	5.160967e+01	1.564358e+03
1.420000e-06	7.288076e-06	2.380082e-08	5.206255e+01	1.567517e+03
1.430000e-06	7.348987e-06	2.384174e-08	5.249767e+01	1.570000e+03
1.440000e-06	7.407368e-06	2.387888e-08	5.291472e+01	1.571830e+03
1.450000e-06	7.463083e-06	2.391346e-08	5.331272e+01	1.573186e+03
1.460000e-06	7.516017e-06	2.394611e-08	5.369085e+01	1.574346e+03
1.470000e-06	7.565894e-06	2.397654e-08	5.404715e+01	1.575593e+03
1.480000e-06	7.612795e-06	2.400429e-08	5.438219e+01	1.577133e+03
1.490000e-06	7.657107e-06	2.402878e-08	5.469873e+01	1.579029e+03
1.500000e-06	7.698729e-06	2.405099e-08	5.499606e+01	1.581187e+03
1.510000e-06	7.737524e-06	2.407261e-08	5.527319e+01	1.583392e+03
1.520000e-06	7.773620e-06	2.409381e-08	5.553104e+01	1.585373e+03
1.530000e-06	7.806904e-06	2.411309e-08	5.576881e+01	1.586897e+03
1.540000e-06	7.837402e-06	2.413084e-08	5.598668e+01	1.587837e+03
1.550000e-06	7.865241e-06	2.414755e-08	5.618554e+01	1.588216e+03
1.560000e-06	7.890184e-06	2.416127e-08	5.636372e+01	1.588193e+03
1.570000e-06	7.912246e-06	2.417124e-08	5.652132e+01	1.588015e+03
1.580000e-06	7.931609e-06	2.417913e-08	5.665964e+01	1.587937e+03
1.590000e-06	7.948059e-06	2.418666e-08	5.677716e+01	1.588145e+03
1.600000e-06	7.961488e-06	2.419473e-08	5.687308e+01	1.588694e+03
1.610000e-06	7.971804e-06	2.420220e-08	5.694678e+01	1.589499e+03
1.620000e-06	7.979045e-06	2.420711e-08	5.699850e+01	1.590356e+03
1.630000e-06	7.983482e-06	2.420893e-08	5.703020e+01	1.591016e+03
1.640000e-06	7.985064e-06	2.420914e-08	5.704150e+01	1.591257e+03
1.650000e-06	7.983854e-06	2.420573e-08	5.703285e+01	1.590955e+03
1.660000e-06	7.980072e-06	2.420004e-08	5.700584e+01	1.590123e+03
1.670000e-06	7.973634e-06	2.419413e-08	5.695985e+01	1.588905e+03
1.680000e-06	7.964494e-06	2.418519e-08	5.689456e+01	1.587525e+03
1.690000e-06	7.952580e-06	2.417444e-08	5.680945e+01	1.586222e+03
1.700000e-06	7.937847e-06	2.416545e-08	5.670421e+01	1.585168e+03
1.710000e-06	7.920606e-06	2.416002e-08	5.658104e+01	1.584420e+03
1.720000e-06	7.901132e-06	2.414802e-08	5.644193e+01	1.583901e+03
1.730000e-06	7.879119e-06	2.407005e-08	5.628468e+01	1.583426e+03
1.740000e-06	7.853867e-06	2.404901e-08	5.610429e+01	1.582765e+03
1.750000e-06	7.824995e-06	2.406338e-08	5.589804e+01	1.581718e+03
1.760000e-06	7.792801e-06	2.403391e-08	5.566806e+01	1.580179e+03
1.770000e-06	7.758059e-06	2.400241e-08	5.541989e+01	1.578171e+03
1.780000e-06	7.721004e-06	2.404501e-08	5.515518e+01	1.575845e+03
1.790000e-06	7.681780e-06	2.401464e-08	5.487499e+01	1.573425e+03
1.800000e-06	7.640601e-06	2.394934e-08	5.458082e+01	1.571144e+03
1.810000e-06	7.596891e-06	2.403002e-08	5.426858e+01	1.569164e+03
1.820000e-06	7.550390e-06	2.393255e-08	5.393640e+01	1.567523e+03
1.830000e-06	7.501176e-06	2.392110e-08	5.358484e+01	1.566118e+03
1.840000e-06	7.448980e-06	2.389194e-08	5.321197e+01	1.564737e+03
1.850000e-06	7.393966e-06	2.378005e-08	5.281898e+01	1.563113e+03
1.860000e-06	7.336320e-06	2.381432e-08	5.240718e+01	1.561011e+03
1.870000e-06	7.276035e-06	2.373408e-08	5.197654e+01	1.558293e+03
1.880000e-06	7.212957e-06	2.374688e-08	5.152594e+01	1.554962e+03
1.890000e-06	7.147044e-06	2.371594e-08	5.105508e+01	1.551158e+03
1.900000e-06	7.078451e-06	2.362557e-08	5.056509e+01	1.547111e+03
1.910000e-06	7.007026e-06	2.360019e-08	5.005486e+01	1.543076e+03
1.920000e-06	6.932896e-06	2.351545e-08	4.952531e+01	1.539243e+03
1.930000e-06	6.856061e-06	2.350653e-08	4.897644e+01	1.535688e+03
1.940000e-06	6.776485e-06	2.343645e-08	4.840799e+01	1.532346e+03
1.950000e-06	6.694456e-06	2.337274e-08	4.782201e+01	1.529030e+03
1.960000e-06	6.610014e-06	2.330692e-08	4.721879e+01	1.525500e+03
1.970000e-06	6.523059e-06	2.321410e-08	4.659763e+01	1.521529e+03
1.980000e-06	6.433663e-06	2.317472e-08	4.595903e+01	1.516984e+03
1.990000e-06	6.342104e-06	2.309555e-08	4.530497e+01	1.511866e+03
2.000000e-06	6.248332e-06	2.304274e-08	4.463511e+01	1.506306e+03
2.010000e-06	6.152286e-06	2.295638e-08	4.394900e+01	1.500524e+03
2.020000e-06	6.054071e-06	2.286528e-08	4.324740e+01	1.494759e+03
2.030000e-06	5.953678e-06	2.276951e-08	4.253024e+01	1.489183e+03
2.040000e-06	5.851133e-06	2.268547e-08	4.179771e+01	1.483847e+03
2.050000e-06	5.746497e-06	2.260792e-08	4.105025e+01	1.478657e+03
2.060000e-06	5.639878e-06	2.251589e-08	4.028861e+01	1.473402e+03
2.070000e-06	5.531303e-06	2.243421e-08	3.951300e+01	1.467817e+03
2.080000e-06	5.420771e-06	2.233750e-08	3.872341e+01	1.461669e+03
2.090000e-06	5.308202e-06	2.224059e-08	3.791927e+01	1.454830e+03
2.100000e-06	5.193650e-06	2.212886e-08	3.710097e+01	1.447326e+03
2.110000e-06	5.077140e-06	2.202493e-08	3.626868e+01	1.439324e+03
2.120000e-06	4.958603e-06	2.190981e-08	3.542190e+01	1.431085e+03
2.130000e-06	4.838269e-06	2.179025e-08	3.456229e+01	1.422878e+03
2.140000e-06	4.716218e-06	2.166558e-08	3.369042e+01	1.414888e+03
2.150000e-06	4.592408e-06	2.154202e-08	3.280598e+01	1.407149e+03
2.160000e-06	4.466895e-06	2.141771e-08	3.190937e+01	1.399525e+03
2.170000e-06	4.339696e-06	2.128905e-08	3.100072e+01	1.391738e+03
2.180000e-06	4.210911e-06	2.116044e-08	3.008074e+01	1.383456e+03
2.190000e-06	4.080641e-06	2.102476e-08	2.915016e+01	1.374387e+03
2.200000e-06	3.948829e-06	2.087953e-08	2.820856e+01	1.364376e+03
2.210000e-06	3.815525e-06	2.072166e-08	2.725630e+01	1.353452e+03
2.220000e-06	3.680813e-06	2.055878e-08	2.629398e+01	1.341826e+03
2.230000e-06	3.544687e-06	2.038618e-08	2.532156e+01	1.329821e+03
2.240000e-06	3.407258e-06	2.021097e-08	2.433983e+01	1.317763e+03
2.250000e-06	3.268608e-06	2.003101e-08	2.334938e+01	1.305870e+03
2.260000e-06	3.128670e-06	1.984738e-08	2.234973e+01	1.294161e+03
2.270000e-06	2.987465e-06	1.965650e-08	2.134103e+01	1.282434e+03
2.280000e-06	2.845087e-06	1.945704e-08	2.032395e+01	1.270304e+03
2.290000e-06	2.701577e-06	1.924951e-08	1.929878e+01	1.257313e+03
2.300000e-06	2.557084e-06	1.902962e-08	1.826659e+01	1.243062e+03
2.310000e-06	2.411766e-06	1.879826e-08	1.722851e+01	1.227333e+03
2.320000e-06	2.265638e-06	1.855517e-08	1.618464e+01	1.210164e+03
2.330000e-06	2.118770e-06	1.829967e-08	1.513549e+01	1.191832e+03
2.340000e-06	1.971211e-06	1.802959e-08	1.408139e+01	1.172761e+03
2.350000e-06	1.822985e-06	1.774536e-08	1.302254e+01	1.153370e+03
2.360000e-06	1.674144e-06	1.744712e-08	1.195929e+01	1.133903e+03
2.370000e-06	1.524773e-06	1.713307e-08	1.089225e+01	1.114302e+03
2.380000e-06	1.374954e-06	1.680450e-08	9.822018e+00	1.094160e+03
2.390000e-06	1.224697e-06	1.645507e-08	8.748656e+00	1.072783e+03
2.400000e-06	1.074019e-06	1.607919e-08	7.672283e+00	1.049351e+03
2.410000e-06	9.229229e-07	1.567512e-08	6.592922e+00	1.023125e+03
2.420000e-06	7.714507e-07	1.524045e-08	5.510877e+00	9.936414e+02
2.430000e-06	6.197069e-07	1.477136e-08	4.426891e+00	9.608277e+02
2.440000e-06	4.677719e-07	1.426080e-08	3.341540e+00	9.249737e+02
2.450000e-06	3.156626e-07	1.370366e-08	2.254944e+00	8.865532e+02
2.460000e-06	1.634199e-07	1.309472e-08	1.167394e+00	8.459176e+02
2.470000e-06	1.106710e-08	1.242541e-08	7.905811e-02	8.029381e+02
2.480000e-06	-1.413764e-07	1.168355e-08	-1.009926e+00	7.566942e+02
2.490000e-06	-2.938128e-07	1.085289e-08	-2.098859e+00	7.053143e+02
2.500000e-06	-4.461507e-07	9.913349e-09	-3.187089e+00	6.460475e+02
2.510000e-06	-5.983573e-07	8.836165e-09	-4.274380e+00	5.755957e+02
2.520000e-06	-7.503421e-07	7.583042e-09	-5.360087e+00	4.906725e+02
2.530000e-06	-9.020449e-07	6.107293e-09	-6.443780e+00	3.886935e+02
2.540000e-06	-1.053421e-06	4.344218e-09	-7.525137e+00	2.684588e+02
2.550000e-06	-1.204337e-06	2.234879e-09	-8.603212e+00	1.306754e+02
2.560000e-06	-1.354790e-06	-1.560891e-10	-9.677975e+00	-2.181210e+01
2.570000e-06	-1.504789e-06	-2.655808e-09	-1.074950e+01	-1.841577e+02
2.580000e-06	-1.654268e-06	-5.170293e-09	-1.181731e+01	-3.500184e+02
2.590000e-06	-1.803171e-06	-7.686793e-09	-1.288099e+01	-5.123483e+02
2.600000e-06	-1.951364e-06	-1.014412e-08	-1.393962e+01	-6.643392e+02
2.610000e-06	-2.098756e-06	-1.233866e-08	-1.499251e+01	-8.003322e+02
2.620000e-06	-2.245342e-06	-1.410631e-08	-1.603966e+01	-9.165280e+02
2.630000e-06	-2.391129e-06	-1.547305e-08	-1.708109e+01	-1.011368e+03
2.640000e-06	-2.536132e-06	-1.652997e-08	-1.811692e+01	-1.085523e+03
2.650000e-06	-2.680202e-06	-1.736028e-08	-1.914609e+01	-1.141525e+03
2.660000e-06	-2.823085e-06	-1.802288e-08	-2.016677e+01	-1.183116e+03
2.670000e-06	-2.964811e-06	-1.856200e-08	-2.117920e+01	-1.214487e+03
2.680000e-06	-3.105396e-06	-1.900891e-08	-2.218347e+01	-1.239544e+03
2.690000e-06	-3.244740e-06	-1.938774e-08	-2.317888e+01	-1.261361e+03
2.700000e-06	-3.382855e-06	-1.971669e-08	-2.416551e+01	-1.281885e+03
2.710000e-06	-3.519701e-06	-2.000892e-08	-2.514307e+01	-1.301935e+03
2.720000e-06	-3.655181e-06	-2.027285e-08	-2.611087e+01	-1.321433e+03
2.730000e-06	-3.789303e-06	-2.051269e-08	-2.706898e+01	-1.339789e+03
2.740000e-06	-3.922094e-06	-2.073321e-08	-2.801758e+01	-1.356308e+03
2.750000e-06	-4.053495e-06	-2.093563e-08	-2.895624e+01	-1.370528e+03
2.760000e-06	-4.183522e-06	-2.112131e-08	-2.988510e+01	-1.382406e+03
2.770000e-06	-4.312127e-06	-2.129515e-08	-3.080379e+01	-1.392338e+03
2.780000e-06	-4.439203e-06	-2.145987e-08	-3.171156e+01	-1.401023e+03
2.790000e-06	-4.564754e-06	-2.161491e-08	-3.260843e+01	-1.409249e+03
2.800000e-06	-4.688740e-06	-2.176220e-08	-3.349413e+01	-1.417663e+03
2.810000e-06	-4.811076e-06	-2.190072e-08	-3.436804e+01	-1.426609e+03
2.820000e-06	-4.931706e-06	-2.202848e-08	-3.522976e+01	-1.436062e+03
2.830000e-06	-5.050480e-06	-2.214796e-08	-3.607823e+01	-1.445689e+03
2.840000e-06	-5.167254e-06	-2.226241e-08	-3.691241e+01	-1.454984e+03
2.850000e-06	-5.281957e-06	-2.237330e-08	-3.773179e+01	-1.463454e+03
2.860000e-06	-5.394501e-06	-2.247986e-08	-3.853575e+01	-1.470777e+03
2.870000e-06	-5.504930e-06	-2.258002e-08	-3.932461e+01	-1.476900e+03
2.880000e-06	-5.613361e-06	-2.267344e-08	-4.009918e+01	-1.482042e+03
2.890000e-06	-5.719899e-06	-2.276203e-08	-4.086024e+01	-1.486619e+03
2.900000e-06	-5.824440e-06	-2.284845e-08	-4.160703e+01	-1.491107e+03
2.910000e-06	-5.926741e-06	-2.293170e-08	-4.233782e+01	-1.495896e+03
2.920000e-06	-6.026797e-06	-2.301064e-08	-4.305258e+01	-1.501184e+03
2.930000e-06	-6.124758e-06	-2.308553e-08	-4.375236e+01	-1.506929e+03
2.940000e-06	-6.220549e-06	-2.315794e-08	-4.443664e+01	-1.512884e+03
2.950000e-06	-6.313996e-06	-2.322852e-08	-4.510418e+01	-1.518685e+03
2.960000e-06	-6.405196e-06	-2.329726e-08	-4.575568e+01	-1.523977e+03
2.970000e-06	-6.494147e-06	-2.336577e-08	-4.639110e+01	-1.528529e+03
2.980000e-06	-6.580790e-06	-2.343164e-08	-4.701004e+01	-1.532300e+03
2.990000e-06	-6.665051e-06	-2.349220e-08	-4.761196e+01	-1.535445e+03
3.000000e-06	-6.746924e-06	-2.354945e-08	-4.819681e+01	-1.538260e+03
3.010000e-06	-6.826368e-06	-2.360561e-08	-4.876433e+01	-1.541084e+03
3.020000e-06	-6.903167e-06	-2.366061e-08	-4.931295e+01	-1.544187e+03
3.030000e-06	-6.977370e-06	-2.371370e-08	-4.984302e+01	-1.547694e+03
3.040000e-06	-7.049095e-06	-2.376271e-08	-5.035538e+01	-1.551545e+03
3.050000e-06	-7.118242e-06	-2.380921e-08	-5.084934e+01	-1.555522e+03
3.060000e-06	-7.184795e-06	-2.385285e-08	-5.132476e+01	-1.559322e+03
3.070000e-06	-7.248842e-06	-2.389245e-08	-5.178228e+01	-1.562656e+03
3.080000e-06	-7.310307e-06	-2.392871e-08	-5.222136e+01	-1.565339e+03
3.090000e-06	-7.369139e-06	-2.396445e-08	-5.264162e+01	-1.567345e+03
3.100000e-06	-7.425358e-06	-2.399950e-08	-5.304323e+01	-1.568813e+03
3.110000e-06	-7.478808e-06	-2.403031e-08	-5.342505e+01	-1.570000e+03
3.120000e-06	-7.529204e-06	-2.405873e-08	-5.378505e+01	-1.571197e+03
3.130000e-06	-7.576556e-06	-2.408476e-08	-5.412331e+01	-1.572642e+03
3.140000e-06	-7.621231e-06	-2.410864e-08	-5.444245e+01	-1.574440e+03
3.150000e-06	-7.663478e-06	-2.413108e-08	-5.474424e+01	-1.576543e+03
3.160000e-06	-7.703155e-06	-2.415245e-08	-5.502767e+01	-1.578763e+03
3.170000e-06	-7.740082e-06	-2.417276e-08	-5.529146e+01	-1.580836e+03
3.180000e-06	-7.774260e-06	-2.418938e-08	-5.553562e+01	-1.582511e+03
3.190000e-06	-7.805645e-06	-2.420455e-08	-5.575982e+01	-1.583624e+03
3.200000e-06	-7.834188e-06	-2.421675e-08	-5.596371e+01	-1.584154e+03
3.210000e-06	-7.859988e-06	-2.422632e-08	-5.614802e+01	-1.584225e+03
3.220000e-06	-7.882960e-06	-2.423416e-08	-5.631212e+01	-1.584065e+03
3.230000e-06	-7.903006e-06	-2.424100e-08	-5.645532e+01	-1.583937e+03
3.240000e-06	-7.920259e-06	-2.424462e-08	-5.657856e+01	-1.584053e+03
3.250000e-06	-7.934474e-06	-2.424550e-08	-5.668011e+01	-1.584509e+03
3.260000e-06	-7.945593e-06	-2.424648e-08	-5.675954e+01	-1.585258e+03
3.270000e-06	-7.953832e-06	-2.424559e-08	-5.681839e+01	-1.586127e+03
3.280000e-06	-7.959157e-06	-2.424264e-08	-5.685643e+01	-1.586870e+03
3.290000e-06	-7.961696e-06	-2.423726e-08	-5.687457e+01	-1.587250e+03
3.300000e-06	-7.961472e-06	-2.423374e-08	-5.687297e+01	-1.587110e+03
