# Temperatura_=_85.42
# Concentracion g/m^3_=_28200.0
# C_Vs_to_Am_M_A/Vsm_=_65563218390.804596
# pendiente_HvsI_1/m_=_3716.3
# ordenada_HvsI_A/m_=_1297.0
# frecuencia_Hz_=_301746.4738143409

Tiempo_(s)	Campo_(V.s)	Magnetizacion_(V.s)	Campo_(kA/m)	Magnetizacion_(A/m)
0.000000e+00	-5.332023e-06	-2.706693e-08	-3.829907e+01	-1.771227e+03
1.000000e-08	-5.329417e-06	-2.705765e-08	-3.828035e+01	-1.770705e+03
2.000000e-08	-5.325003e-06	-2.704577e-08	-3.824865e+01	-1.769993e+03
3.000000e-08	-5.318961e-06	-2.703360e-08	-3.820525e+01	-1.769090e+03
4.000000e-08	-5.311358e-06	-2.701685e-08	-3.815064e+01	-1.767984e+03
5.000000e-08	-5.302043e-06	-2.699324e-08	-3.808373e+01	-1.766659e+03
6.000000e-08	-5.290701e-06	-2.696371e-08	-3.800226e+01	-1.765096e+03
7.000000e-08	-5.277441e-06	-2.692118e-08	-3.790701e+01	-1.763283e+03
8.000000e-08	-5.262169e-06	-2.691643e-08	-3.779732e+01	-1.761212e+03
9.000000e-08	-5.244661e-06	-2.694065e-08	-3.767156e+01	-1.758891e+03
1.000000e-07	-5.225076e-06	-2.687892e-08	-3.753088e+01	-1.756340e+03
1.100000e-07	-5.203602e-06	-2.680607e-08	-3.737664e+01	-1.753592e+03
1.200000e-07	-5.180338e-06	-2.674747e-08	-3.720954e+01	-1.750685e+03
1.300000e-07	-5.155504e-06	-2.659899e-08	-3.703116e+01	-1.747655e+03
1.400000e-07	-5.129137e-06	-2.664468e-08	-3.684177e+01	-1.744530e+03
1.500000e-07	-5.101116e-06	-2.668108e-08	-3.664050e+01	-1.741322e+03
1.600000e-07	-5.071605e-06	-2.646773e-08	-3.642853e+01	-1.738024e+03
1.700000e-07	-5.040666e-06	-2.651892e-08	-3.620630e+01	-1.734606e+03
1.800000e-07	-5.007784e-06	-2.648160e-08	-3.597011e+01	-1.731023e+03
1.900000e-07	-4.972869e-06	-2.626721e-08	-3.571932e+01	-1.727222e+03
2.000000e-07	-4.936423e-06	-2.634322e-08	-3.545754e+01	-1.723148e+03
2.100000e-07	-4.898332e-06	-2.626589e-08	-3.518393e+01	-1.718755e+03
2.200000e-07	-4.858478e-06	-2.609527e-08	-3.489767e+01	-1.714013e+03
2.300000e-07	-4.816769e-06	-2.607244e-08	-3.459808e+01	-1.708908e+03
2.400000e-07	-4.773050e-06	-2.593601e-08	-3.428405e+01	-1.703446e+03
2.500000e-07	-4.727540e-06	-2.586878e-08	-3.395716e+01	-1.697642e+03
2.600000e-07	-4.680306e-06	-2.583663e-08	-3.361789e+01	-1.691521e+03
2.700000e-07	-4.631187e-06	-2.567700e-08	-3.326508e+01	-1.685104e+03
2.800000e-07	-4.579958e-06	-2.554576e-08	-3.289710e+01	-1.678404e+03
2.900000e-07	-4.526688e-06	-2.545352e-08	-3.251448e+01	-1.671424e+03
3.000000e-07	-4.471752e-06	-2.535658e-08	-3.211988e+01	-1.664155e+03
3.100000e-07	-4.415238e-06	-2.524879e-08	-3.171395e+01	-1.656580e+03
3.200000e-07	-4.356949e-06	-2.515223e-08	-3.129527e+01	-1.648679e+03
3.300000e-07	-4.297007e-06	-2.501610e-08	-3.086472e+01	-1.640432e+03
3.400000e-07	-4.235615e-06	-2.483530e-08	-3.042375e+01	-1.631827e+03
3.500000e-07	-4.172836e-06	-2.470554e-08	-2.997281e+01	-1.622861e+03
3.600000e-07	-4.108668e-06	-2.456749e-08	-2.951191e+01	-1.613536e+03
3.700000e-07	-4.042961e-06	-2.444244e-08	-2.903994e+01	-1.603860e+03
3.800000e-07	-3.975597e-06	-2.431159e-08	-2.855608e+01	-1.593839e+03
3.900000e-07	-3.906749e-06	-2.410970e-08	-2.806156e+01	-1.583476e+03
4.000000e-07	-3.836659e-06	-2.393614e-08	-2.755811e+01	-1.572765e+03
4.100000e-07	-3.765418e-06	-2.377695e-08	-2.704640e+01	-1.561688e+03
4.200000e-07	-3.692913e-06	-2.360842e-08	-2.652561e+01	-1.550221e+03
4.300000e-07	-3.618900e-06	-2.342584e-08	-2.599398e+01	-1.538336e+03
4.400000e-07	-3.543303e-06	-2.323696e-08	-2.545098e+01	-1.526002e+03
4.500000e-07	-3.466318e-06	-2.303365e-08	-2.489801e+01	-1.513193e+03
4.600000e-07	-3.388006e-06	-2.282042e-08	-2.433551e+01	-1.499889e+03
4.700000e-07	-3.308298e-06	-2.262554e-08	-2.376297e+01	-1.486079e+03
4.800000e-07	-3.227283e-06	-2.241280e-08	-2.318106e+01	-1.471752e+03
4.900000e-07	-3.145077e-06	-2.217901e-08	-2.259059e+01	-1.456902e+03
5.000000e-07	-3.061867e-06	-2.193562e-08	-2.199290e+01	-1.441517e+03
5.100000e-07	-2.977764e-06	-2.168804e-08	-2.138880e+01	-1.425579e+03
5.200000e-07	-2.892769e-06	-2.143544e-08	-2.077830e+01	-1.409060e+03
5.300000e-07	-2.806831e-06	-2.117560e-08	-2.016102e+01	-1.391924e+03
5.400000e-07	-2.719960e-06	-2.090692e-08	-1.953704e+01	-1.374130e+03
5.500000e-07	-2.632151e-06	-2.062600e-08	-1.890632e+01	-1.355631e+03
5.600000e-07	-2.543339e-06	-2.032543e-08	-1.826840e+01	-1.336385e+03
5.700000e-07	-2.453467e-06	-2.001655e-08	-1.762286e+01	-1.316351e+03
5.800000e-07	-2.362497e-06	-1.970498e-08	-1.696944e+01	-1.295491e+03
5.900000e-07	-2.270545e-06	-1.937676e-08	-1.630896e+01	-1.273769e+03
6.000000e-07	-2.177828e-06	-1.902389e-08	-1.564299e+01	-1.251146e+03
6.100000e-07	-2.084416e-06	-1.865645e-08	-1.497202e+01	-1.227577e+03
6.200000e-07	-1.990238e-06	-1.828137e-08	-1.429556e+01	-1.203004e+03
6.300000e-07	-1.895366e-06	-1.788927e-08	-1.361411e+01	-1.177355e+03
6.400000e-07	-1.799885e-06	-1.748231e-08	-1.292829e+01	-1.150548e+03
6.500000e-07	-1.703832e-06	-1.705482e-08	-1.223835e+01	-1.122485e+03
6.600000e-07	-1.607132e-06	-1.660307e-08	-1.154377e+01	-1.093064e+03
6.700000e-07	-1.509723e-06	-1.612923e-08	-1.084410e+01	-1.062180e+03
6.800000e-07	-1.411617e-06	-1.563291e-08	-1.013942e+01	-1.029728e+03
6.900000e-07	-1.312906e-06	-1.511291e-08	-9.430393e+00	-9.956056e+02
7.000000e-07	-1.213782e-06	-1.456476e-08	-8.718405e+00	-9.597174e+02
7.100000e-07	-1.114281e-06	-1.398705e-08	-8.003699e+00	-9.219707e+02
7.200000e-07	-1.014425e-06	-1.337958e-08	-7.286452e+00	-8.822790e+02
7.300000e-07	-9.143228e-07	-1.274378e-08	-6.567435e+00	-8.405655e+02
7.400000e-07	-8.139512e-07	-1.207800e-08	-5.846481e+00	-7.967696e+02
7.500000e-07	-7.133131e-07	-1.138094e-08	-5.123614e+00	-7.508579e+02
7.600000e-07	-6.124893e-07	-1.064638e-08	-4.399412e+00	-7.028372e+02
7.700000e-07	-5.114520e-07	-9.878251e-09	-3.673678e+00	-6.527671e+02
7.800000e-07	-4.102466e-07	-9.084412e-09	-2.946736e+00	-6.007699e+02
7.900000e-07	-3.089792e-07	-8.263245e-09	-2.219348e+00	-5.470321e+02
8.000000e-07	-2.075818e-07	-7.420305e-09	-1.491027e+00	-4.917973e+02
8.100000e-07	-1.060388e-07	-6.561325e-09	-7.616601e-01	-4.353471e+02
8.200000e-07	-4.425629e-09	-5.690142e-09	-3.178859e-02	-3.779725e+02
8.300000e-07	9.727998e-08	-4.808333e-09	6.987465e-01	-3.199395e+02
8.400000e-07	1.989791e-07	-3.919005e-09	1.429235e+00	-2.614539e+02
8.500000e-07	3.005839e-07	-3.023868e-09	2.159046e+00	-2.026325e+02
8.600000e-07	4.020972e-07	-2.124039e-09	2.888200e+00	-1.434865e+02
8.700000e-07	5.034891e-07	-1.217717e-09	3.616482e+00	-8.392234e+01
8.800000e-07	6.047380e-07	-3.009652e-10	4.343737e+00	-2.376189e+01
8.900000e-07	7.058150e-07	6.306691e-10	5.069756e+00	3.722086e+01
9.000000e-07	8.066508e-07	1.577892e-09	5.794044e+00	9.925017e+01
9.100000e-07	9.072145e-07	2.539534e-09	6.516377e+00	1.624945e+02
9.200000e-07	1.007500e-06	3.519094e-09	7.236712e+00	2.270169e+02
9.300000e-07	1.107477e-06	4.517128e-09	7.954829e+00	2.927381e+02
9.400000e-07	1.207154e-06	5.531407e-09	8.670793e+00	3.594190e+02
9.500000e-07	1.306510e-06	6.554424e-09	9.384453e+00	4.266660e+02
9.600000e-07	1.405348e-06	7.579950e-09	1.009439e+01	4.939581e+02
9.700000e-07	1.503459e-06	8.596722e-09	1.079911e+01	5.606917e+02
9.800000e-07	1.600735e-06	9.592682e-09	1.149782e+01	6.262365e+02
9.900000e-07	1.697208e-06	1.055912e-08	1.219077e+01	6.899919e+02
1.000000e-06	1.793036e-06	1.148994e-08	1.287909e+01	7.514382e+02
1.010000e-06	1.888268e-06	1.238099e-08	1.356313e+01	8.101736e+02
1.020000e-06	1.982868e-06	1.322451e-08	1.424262e+01	8.659331e+02
1.030000e-06	2.076780e-06	1.402024e-08	1.491718e+01	9.185901e+02
1.040000e-06	2.169998e-06	1.476885e-08	1.558675e+01	9.681411e+02
1.050000e-06	2.262515e-06	1.547191e-08	1.625128e+01	1.014679e+03
1.060000e-06	2.354366e-06	1.613258e-08	1.691104e+01	1.058363e+03
1.070000e-06	2.445484e-06	1.675511e-08	1.756552e+01	1.099383e+03
1.080000e-06	2.535491e-06	1.734223e-08	1.821202e+01	1.137938e+03
1.090000e-06	2.624288e-06	1.789344e-08	1.884984e+01	1.174215e+03
1.100000e-06	2.712153e-06	1.841127e-08	1.948096e+01	1.208381e+03
1.110000e-06	2.799228e-06	1.889811e-08	2.010641e+01	1.240579e+03
1.120000e-06	2.885402e-06	1.935823e-08	2.072538e+01	1.270939e+03
1.130000e-06	2.970590e-06	1.979257e-08	2.133727e+01	1.299575e+03
1.140000e-06	3.054866e-06	2.020183e-08	2.194261e+01	1.326598e+03
1.150000e-06	3.138307e-06	2.058773e-08	2.254196e+01	1.352121e+03
1.160000e-06	3.220650e-06	2.095524e-08	2.313342e+01	1.376253e+03
1.170000e-06	3.301604e-06	2.130507e-08	2.371490e+01	1.399103e+03
1.180000e-06	3.381400e-06	2.163712e-08	2.428806e+01	1.420773e+03
1.190000e-06	3.460058e-06	2.195166e-08	2.485304e+01	1.441356e+03
1.200000e-06	3.537464e-06	2.224907e-08	2.540904e+01	1.460930e+03
1.210000e-06	3.613681e-06	2.253067e-08	2.595650e+01	1.479558e+03
1.220000e-06	3.688522e-06	2.279590e-08	2.649406e+01	1.497292e+03
1.230000e-06	3.761696e-06	2.304831e-08	2.701966e+01	1.514172e+03
1.240000e-06	3.833349e-06	2.329049e-08	2.753434e+01	1.530233e+03
1.250000e-06	3.903662e-06	2.352442e-08	2.803938e+01	1.545510e+03
1.260000e-06	3.972616e-06	2.374799e-08	2.853467e+01	1.560040e+03
1.270000e-06	4.040289e-06	2.395878e-08	2.902075e+01	1.573864e+03
1.280000e-06	4.106357e-06	2.415707e-08	2.949531e+01	1.587025e+03
1.290000e-06	4.170772e-06	2.434550e-08	2.995799e+01	1.599567e+03
1.300000e-06	4.233785e-06	2.452572e-08	3.041060e+01	1.611533e+03
1.310000e-06	4.295365e-06	2.469835e-08	3.085292e+01	1.622957e+03
1.320000e-06	4.355638e-06	2.486446e-08	3.128585e+01	1.633866e+03
1.330000e-06	4.414443e-06	2.502471e-08	3.170824e+01	1.644275e+03
1.340000e-06	4.471438e-06	2.517759e-08	3.211763e+01	1.654192e+03
1.350000e-06	4.526748e-06	2.532156e-08	3.251491e+01	1.663618e+03
1.360000e-06	4.580440e-06	2.545870e-08	3.290057e+01	1.672553e+03
1.370000e-06	4.632292e-06	2.558912e-08	3.327302e+01	1.680998e+03
1.380000e-06	4.682114e-06	2.571181e-08	3.363088e+01	1.688963e+03
1.390000e-06	4.730014e-06	2.582637e-08	3.397493e+01	1.696464e+03
1.400000e-06	4.776245e-06	2.593209e-08	3.430700e+01	1.703523e+03
1.410000e-06	4.821003e-06	2.603168e-08	3.462849e+01	1.710173e+03
1.420000e-06	4.864167e-06	2.612639e-08	3.493853e+01	1.716447e+03
1.430000e-06	4.905410e-06	2.621805e-08	3.523477e+01	1.722377e+03
1.440000e-06	4.944875e-06	2.630527e-08	3.551825e+01	1.727991e+03
1.450000e-06	4.982693e-06	2.638565e-08	3.578989e+01	1.733307e+03
1.460000e-06	5.018953e-06	2.646092e-08	3.605034e+01	1.738334e+03
1.470000e-06	5.053474e-06	2.653185e-08	3.629829e+01	1.743073e+03
1.480000e-06	5.086039e-06	2.659843e-08	3.653220e+01	1.747516e+03
1.490000e-06	5.116858e-06	2.666137e-08	3.675357e+01	1.751654e+03
1.500000e-06	5.146020e-06	2.672086e-08	3.696304e+01	1.755476e+03
1.510000e-06	5.173473e-06	2.677585e-08	3.716023e+01	1.758976e+03
1.520000e-06	5.198855e-06	2.682553e-08	3.734255e+01	1.762154e+03
1.530000e-06	5.222202e-06	2.687056e-08	3.751024e+01	1.765016e+03
1.540000e-06	5.243804e-06	2.691120e-08	3.766540e+01	1.767572e+03
1.550000e-06	5.263775e-06	2.694681e-08	3.780885e+01	1.769837e+03
1.560000e-06	5.281881e-06	2.697704e-08	3.793891e+01	1.771825e+03
1.570000e-06	5.297900e-06	2.700126e-08	3.805397e+01	1.773548e+03
1.580000e-06	5.311991e-06	2.702098e-08	3.815518e+01	1.775016e+03
1.590000e-06	5.324073e-06	2.703799e-08	3.824196e+01	1.776232e+03
1.600000e-06	5.333931e-06	2.705347e-08	3.831277e+01	1.777201e+03
1.610000e-06	5.341708e-06	2.706730e-08	3.836863e+01	1.777923e+03
1.620000e-06	5.347665e-06	2.707825e-08	3.841142e+01	1.778402e+03
1.630000e-06	5.351872e-06	2.708455e-08	3.844164e+01	1.778646e+03
1.640000e-06	5.354149e-06	2.708900e-08	3.845800e+01	1.778665e+03
1.650000e-06	5.354428e-06	2.709002e-08	3.846000e+01	1.778472e+03
1.660000e-06	5.352976e-06	2.708141e-08	3.844957e+01	1.778079e+03
1.670000e-06	5.349941e-06	2.707262e-08	3.842777e+01	1.777494e+03
1.680000e-06	5.345147e-06	2.706201e-08	3.839334e+01	1.776720e+03
1.690000e-06	5.338402e-06	2.704800e-08	3.834489e+01	1.775752e+03
1.700000e-06	5.329896e-06	2.703065e-08	3.828379e+01	1.774576e+03
1.710000e-06	5.319812e-06	2.701233e-08	3.821136e+01	1.773174e+03
1.720000e-06	5.307981e-06	2.700806e-08	3.812638e+01	1.771531e+03
1.730000e-06	5.294121e-06	2.696868e-08	3.802683e+01	1.769633e+03
1.740000e-06	5.278282e-06	2.686133e-08	3.791305e+01	1.767479e+03
1.750000e-06	5.260304e-06	2.684348e-08	3.778392e+01	1.765080e+03
1.760000e-06	5.239718e-06	2.683179e-08	3.763606e+01	1.762461e+03
1.770000e-06	5.216737e-06	2.682868e-08	3.747099e+01	1.759655e+03
1.780000e-06	5.192321e-06	2.688309e-08	3.729562e+01	1.756703e+03
1.790000e-06	5.167178e-06	2.667050e-08	3.711501e+01	1.753639e+03
1.800000e-06	5.140771e-06	2.662667e-08	3.692533e+01	1.750486e+03
1.810000e-06	5.112211e-06	2.669930e-08	3.672019e+01	1.747249e+03
1.820000e-06	5.081760e-06	2.646125e-08	3.650147e+01	1.743915e+03
1.830000e-06	5.049662e-06	2.651667e-08	3.627092e+01	1.740447e+03
1.840000e-06	5.015695e-06	2.656205e-08	3.602694e+01	1.736799e+03
1.850000e-06	4.980175e-06	2.630489e-08	3.577180e+01	1.732914e+03
1.860000e-06	4.942911e-06	2.636546e-08	3.550414e+01	1.728741e+03
1.870000e-06	4.903673e-06	2.631505e-08	3.522230e+01	1.724237e+03
1.880000e-06	4.862815e-06	2.618687e-08	3.492882e+01	1.719377e+03
1.890000e-06	4.820206e-06	2.623173e-08	3.462277e+01	1.714155e+03
1.900000e-06	4.775866e-06	2.598567e-08	3.430428e+01	1.708579e+03
1.910000e-06	4.729718e-06	2.593661e-08	3.397281e+01	1.702669e+03
1.920000e-06	4.681624e-06	2.596471e-08	3.362735e+01	1.696450e+03
1.930000e-06	4.631965e-06	2.577503e-08	3.327067e+01	1.689939e+03
1.940000e-06	4.580463e-06	2.572157e-08	3.290073e+01	1.683148e+03
1.950000e-06	4.526898e-06	2.558511e-08	3.251599e+01	1.676075e+03
1.960000e-06	4.471576e-06	2.547522e-08	3.211862e+01	1.668708e+03
1.970000e-06	4.414530e-06	2.534366e-08	3.170886e+01	1.661029e+03
1.980000e-06	4.355970e-06	2.516889e-08	3.128824e+01	1.653017e+03
1.990000e-06	4.296053e-06	2.515034e-08	3.085787e+01	1.644654e+03
2.000000e-06	4.234581e-06	2.499684e-08	3.041632e+01	1.635932e+03
2.010000e-06	4.171365e-06	2.484378e-08	2.996225e+01	1.626848e+03
2.020000e-06	4.106576e-06	2.466718e-08	2.949688e+01	1.617408e+03
2.030000e-06	4.040430e-06	2.450070e-08	2.902176e+01	1.607618e+03
2.040000e-06	3.972860e-06	2.442790e-08	2.853642e+01	1.597487e+03
2.050000e-06	3.903834e-06	2.422920e-08	2.804062e+01	1.587011e+03
2.060000e-06	3.833310e-06	2.408487e-08	2.753405e+01	1.576183e+03
2.070000e-06	3.761402e-06	2.391743e-08	2.701755e+01	1.564983e+03
2.080000e-06	3.688234e-06	2.371236e-08	2.649199e+01	1.553383e+03
2.090000e-06	3.613735e-06	2.353559e-08	2.595688e+01	1.541355e+03
2.100000e-06	3.537797e-06	2.333967e-08	2.541143e+01	1.528869e+03
2.110000e-06	3.460255e-06	2.317246e-08	2.485446e+01	1.515902e+03
2.120000e-06	3.381303e-06	2.294797e-08	2.428736e+01	1.502435e+03
2.130000e-06	3.301246e-06	2.273566e-08	2.371232e+01	1.488458e+03
2.140000e-06	3.220097e-06	2.251872e-08	2.312944e+01	1.473962e+03
2.150000e-06	3.137836e-06	2.228799e-08	2.253858e+01	1.458940e+03
2.160000e-06	3.054540e-06	2.206497e-08	2.194027e+01	1.443378e+03
2.170000e-06	2.970209e-06	2.181799e-08	2.133454e+01	1.427255e+03
2.180000e-06	2.884712e-06	2.156711e-08	2.072042e+01	1.410541e+03
2.190000e-06	2.797956e-06	2.128838e-08	2.009727e+01	1.393196e+03
2.200000e-06	2.710117e-06	2.101506e-08	1.946634e+01	1.375179e+03
2.210000e-06	2.621412e-06	2.073944e-08	1.882919e+01	1.356444e+03
2.220000e-06	2.531787e-06	2.044346e-08	1.818542e+01	1.336947e+03
2.230000e-06	2.441314e-06	2.012703e-08	1.753557e+01	1.316650e+03
2.240000e-06	2.350145e-06	1.980565e-08	1.688071e+01	1.295515e+03
2.250000e-06	2.258256e-06	1.948474e-08	1.622069e+01	1.273507e+03
2.260000e-06	2.165490e-06	1.913684e-08	1.555437e+01	1.250584e+03
2.270000e-06	2.071749e-06	1.877085e-08	1.488104e+01	1.226697e+03
2.280000e-06	1.977054e-06	1.838988e-08	1.420086e+01	1.201785e+03
2.290000e-06	1.881551e-06	1.799101e-08	1.351488e+01	1.175772e+03
2.300000e-06	1.785433e-06	1.757423e-08	1.282448e+01	1.148571e+03
2.310000e-06	1.688834e-06	1.714282e-08	1.213063e+01	1.120081e+03
2.320000e-06	1.591751e-06	1.669479e-08	1.143329e+01	1.090200e+03
2.330000e-06	1.494097e-06	1.621981e-08	1.073186e+01	1.058822e+03
2.340000e-06	1.395917e-06	1.571158e-08	1.002665e+01	1.025842e+03
2.350000e-06	1.297317e-06	1.517716e-08	9.318418e+00	9.911611e+02
2.360000e-06	1.198394e-06	1.462406e-08	8.607873e+00	9.546837e+02
2.370000e-06	1.099191e-06	1.404668e-08	7.895315e+00	9.163194e+02
2.380000e-06	9.997211e-07	1.343691e-08	7.180837e+00	8.759841e+02
2.390000e-06	8.999937e-07	1.278897e-08	6.464511e+00	8.336053e+02
2.400000e-06	7.999768e-07	1.210513e-08	5.746106e+00	7.891298e+02
2.410000e-06	6.996342e-07	1.139229e-08	5.025360e+00	7.425356e+02
2.420000e-06	5.989173e-07	1.064885e-08	4.301927e+00	6.938453e+02
2.430000e-06	4.979645e-07	9.876007e-09	3.576800e+00	6.431378e+02
2.440000e-06	3.969501e-07	9.078457e-09	2.851229e+00	5.905562e+02
2.450000e-06	2.958235e-07	8.252957e-09	2.124853e+00	5.363068e+02
2.460000e-06	1.944410e-07	7.401454e-09	1.396639e+00	4.806480e+02
2.470000e-06	9.288578e-08	6.531547e-09	6.671837e-01	4.238679e+02
2.480000e-06	-8.672164e-09	5.650418e-09	-6.229077e-02	3.662533e+02
2.490000e-06	-1.102298e-07	4.760951e-09	-7.917628e-01	3.080547e+02
2.500000e-06	-2.117355e-07	3.864830e-09	-1.520862e+00	2.494518e+02
2.510000e-06	-3.131969e-07	2.963622e-09	-2.249643e+00	1.905285e+02
2.520000e-06	-4.145533e-07	2.057491e-09	-2.977670e+00	1.312614e+02
2.530000e-06	-5.156717e-07	1.142326e-09	-3.703988e+00	7.152671e+01
2.540000e-06	-6.165552e-07	2.174065e-10	-4.428618e+00	1.112606e+01
2.550000e-06	-7.171651e-07	-7.199777e-10	-5.151282e+00	-5.017175e+01
2.560000e-06	-8.174648e-07	-1.671905e-09	-5.871719e+00	-1.125789e+02
2.570000e-06	-9.174596e-07	-2.641367e-09	-6.589966e+00	-1.762350e+02
2.580000e-06	-1.017117e-06	-3.630871e-09	-7.305790e+00	-2.411604e+02
2.590000e-06	-1.116497e-06	-4.639584e-09	-8.019622e+00	-3.072254e+02
2.600000e-06	-1.215604e-06	-5.664757e-09	-8.731491e+00	-3.741396e+02
2.610000e-06	-1.314343e-06	-6.695684e-09	-9.440714e+00	-4.414644e+02
2.620000e-06	-1.412602e-06	-7.724700e-09	-1.014649e+01	-5.086468e+02
2.630000e-06	-1.510286e-06	-8.744721e-09	-1.084815e+01	-5.750683e+02
2.640000e-06	-1.607378e-06	-9.744815e-09	-1.154554e+01	-6.401019e+02
2.650000e-06	-1.703858e-06	-1.071148e-08	-1.223854e+01	-7.031683e+02
2.660000e-06	-1.799812e-06	-1.163939e-08	-1.292776e+01	-7.637822e+02
2.670000e-06	-1.895363e-06	-1.252719e-08	-1.361409e+01	-8.215847e+02
2.680000e-06	-1.990392e-06	-1.336801e-08	-1.429667e+01	-8.763559e+02
2.690000e-06	-2.084560e-06	-1.415853e-08	-1.497306e+01	-9.280112e+02
2.700000e-06	-2.177609e-06	-1.490226e-08	-1.564142e+01	-9.765814e+02
2.710000e-06	-2.269669e-06	-1.560431e-08	-1.630267e+01	-1.022184e+03
2.720000e-06	-2.360977e-06	-1.626350e-08	-1.695852e+01	-1.064992e+03
2.730000e-06	-2.451528e-06	-1.688124e-08	-1.760893e+01	-1.105200e+03
2.740000e-06	-2.541166e-06	-1.746342e-08	-1.825279e+01	-1.143004e+03
2.750000e-06	-2.629893e-06	-1.801076e-08	-1.889010e+01	-1.178587e+03
2.760000e-06	-2.717845e-06	-1.852338e-08	-1.952185e+01	-1.212107e+03
2.770000e-06	-2.805037e-06	-1.900411e-08	-2.014813e+01	-1.243703e+03
2.780000e-06	-2.891215e-06	-1.945967e-08	-2.076713e+01	-1.273497e+03
2.790000e-06	-2.976095e-06	-1.988911e-08	-2.137681e+01	-1.301605e+03
2.800000e-06	-3.059839e-06	-2.029231e-08	-2.197833e+01	-1.328135e+03
2.810000e-06	-3.142658e-06	-2.067556e-08	-2.257321e+01	-1.353200e+03
2.820000e-06	-3.224444e-06	-2.104105e-08	-2.316067e+01	-1.376910e+03
2.830000e-06	-3.305114e-06	-2.138570e-08	-2.374011e+01	-1.399372e+03
2.840000e-06	-3.384743e-06	-2.171075e-08	-2.431207e+01	-1.420684e+03
2.850000e-06	-3.463152e-06	-2.202158e-08	-2.487527e+01	-1.440937e+03
2.860000e-06	-3.540007e-06	-2.231877e-08	-2.542731e+01	-1.460202e+03
2.870000e-06	-3.615361e-06	-2.260062e-08	-2.596856e+01	-1.478539e+03
2.880000e-06	-3.689348e-06	-2.286704e-08	-2.649999e+01	-1.495996e+03
2.890000e-06	-3.762017e-06	-2.311973e-08	-2.702197e+01	-1.512611e+03
2.900000e-06	-3.833449e-06	-2.336098e-08	-2.753505e+01	-1.528418e+03
2.910000e-06	-3.903364e-06	-2.359165e-08	-2.803724e+01	-1.543452e+03
2.920000e-06	-3.971636e-06	-2.381236e-08	-2.852763e+01	-1.557752e+03
2.930000e-06	-4.038558e-06	-2.402381e-08	-2.900831e+01	-1.571359e+03
2.940000e-06	-4.104126e-06	-2.422372e-08	-2.947928e+01	-1.584318e+03
2.950000e-06	-4.168321e-06	-2.441334e-08	-2.994039e+01	-1.596672e+03
2.960000e-06	-4.231055e-06	-2.459501e-08	-3.039099e+01	-1.608462e+03
2.970000e-06	-4.292022e-06	-2.476819e-08	-3.082891e+01	-1.619720e+03
2.980000e-06	-4.351341e-06	-2.493080e-08	-3.125498e+01	-1.630468e+03
2.990000e-06	-4.409236e-06	-2.508351e-08	-3.167084e+01	-1.640720e+03
3.000000e-06	-4.465701e-06	-2.523000e-08	-3.207642e+01	-1.650480e+03
3.010000e-06	-4.520607e-06	-2.537216e-08	-3.247080e+01	-1.659750e+03
3.020000e-06	-4.573541e-06	-2.550624e-08	-3.285101e+01	-1.668529e+03
3.030000e-06	-4.624542e-06	-2.563215e-08	-3.321734e+01	-1.676820e+03
3.040000e-06	-4.673753e-06	-2.575237e-08	-3.357082e+01	-1.684635e+03
3.050000e-06	-4.720965e-06	-2.586692e-08	-3.390994e+01	-1.691992e+03
3.060000e-06	-4.766431e-06	-2.597291e-08	-3.423651e+01	-1.698918e+03
3.070000e-06	-4.810450e-06	-2.607199e-08	-3.455269e+01	-1.705445e+03
3.080000e-06	-4.853019e-06	-2.616536e-08	-3.485846e+01	-1.711607e+03
3.090000e-06	-4.894060e-06	-2.625307e-08	-3.515325e+01	-1.717434e+03
3.100000e-06	-4.933517e-06	-2.633756e-08	-3.543667e+01	-1.722952e+03
3.110000e-06	-4.971120e-06	-2.641788e-08	-3.570676e+01	-1.728176e+03
3.120000e-06	-5.006817e-06	-2.649410e-08	-3.596317e+01	-1.733113e+03
3.130000e-06	-5.040860e-06	-2.656634e-08	-3.620769e+01	-1.737759e+03
3.140000e-06	-5.073239e-06	-2.663514e-08	-3.644027e+01	-1.742107e+03
3.150000e-06	-5.103684e-06	-2.669928e-08	-3.665894e+01	-1.746145e+03
3.160000e-06	-5.132147e-06	-2.675531e-08	-3.686339e+01	-1.749866e+03
3.170000e-06	-5.158885e-06	-2.680652e-08	-3.705545e+01	-1.753264e+03
3.180000e-06	-5.183851e-06	-2.685073e-08	-3.723477e+01	-1.756341e+03
3.190000e-06	-5.206945e-06	-2.689046e-08	-3.740066e+01	-1.759104e+03
3.200000e-06	-5.228100e-06	-2.692716e-08	-3.755261e+01	-1.761567e+03
3.210000e-06	-5.247400e-06	-2.696127e-08	-3.769123e+01	-1.763743e+03
3.220000e-06	-5.264953e-06	-2.699101e-08	-3.781732e+01	-1.765646e+03
3.230000e-06	-5.280609e-06	-2.701704e-08	-3.792977e+01	-1.767288e+03
3.240000e-06	-5.294091e-06	-2.704012e-08	-3.802661e+01	-1.768676e+03
3.250000e-06	-5.305362e-06	-2.705682e-08	-3.810757e+01	-1.769814e+03
3.260000e-06	-5.314704e-06	-2.707042e-08	-3.817467e+01	-1.770704e+03
3.270000e-06	-5.322223e-06	-2.707913e-08	-3.822867e+01	-1.771349e+03
3.280000e-06	-5.327723e-06	-2.708356e-08	-3.826818e+01	-1.771754e+03
3.290000e-06	-5.331310e-06	-2.708241e-08	-3.829395e+01	-1.771926e+03
3.300000e-06	-5.333144e-06	-2.707597e-08	-3.830712e+01	-1.771877e+03
3.310000e-06	-5.333204e-06	-2.707009e-08	-3.830755e+01	-1.771620e+03
