# Temperatura_=_40.98
# Concentracion g/m^3_=_28200.0
# C_Vs_to_Am_M_A/Vsm_=_65563218390.804596
# pendiente_HvsI_1/m_=_3716.3
# ordenada_HvsI_A/m_=_1297.0
# frecuencia_Hz_=_301752.33643075195

Tiempo_(s)	Campo_(V.s)	Magnetizacion_(V.s)	Campo_(kA/m)	Magnetizacion_(A/m)
0.000000e+00	-5.331406e-06	-1.991442e-08	-3.830199e+01	-1.302455e+03
1.000000e-08	-5.329352e-06	-1.991192e-08	-3.828723e+01	-1.302130e+03
2.000000e-08	-5.325400e-06	-1.990349e-08	-3.825885e+01	-1.301680e+03
3.000000e-08	-5.319815e-06	-1.989364e-08	-3.821872e+01	-1.301099e+03
4.000000e-08	-5.312621e-06	-1.988331e-08	-3.816704e+01	-1.300369e+03
5.000000e-08	-5.303746e-06	-1.986696e-08	-3.810328e+01	-1.299469e+03
6.000000e-08	-5.292855e-06	-1.984627e-08	-3.802504e+01	-1.298382e+03
7.000000e-08	-5.280028e-06	-1.981801e-08	-3.793288e+01	-1.297099e+03
8.000000e-08	-5.265298e-06	-1.979411e-08	-3.782706e+01	-1.295623e+03
9.000000e-08	-5.248348e-06	-1.981602e-08	-3.770529e+01	-1.293973e+03
1.000000e-07	-5.229242e-06	-1.981243e-08	-3.756803e+01	-1.292181e+03
1.100000e-07	-5.208207e-06	-1.974393e-08	-3.741690e+01	-1.290284e+03
1.200000e-07	-5.185403e-06	-1.969499e-08	-3.725308e+01	-1.288321e+03
1.300000e-07	-5.161018e-06	-1.961878e-08	-3.707789e+01	-1.286320e+03
1.400000e-07	-5.135070e-06	-1.955890e-08	-3.689147e+01	-1.284296e+03
1.500000e-07	-5.107506e-06	-1.963618e-08	-3.669345e+01	-1.282241e+03
1.600000e-07	-5.078390e-06	-1.956427e-08	-3.648427e+01	-1.280133e+03
1.700000e-07	-5.047811e-06	-1.946305e-08	-3.626459e+01	-1.277929e+03
1.800000e-07	-5.015424e-06	-1.952689e-08	-3.603191e+01	-1.275581e+03
1.900000e-07	-4.980991e-06	-1.940357e-08	-3.578453e+01	-1.273040e+03
2.000000e-07	-4.944946e-06	-1.931625e-08	-3.552558e+01	-1.270263e+03
2.100000e-07	-4.907301e-06	-1.936509e-08	-3.525513e+01	-1.267222e+03
2.200000e-07	-4.867886e-06	-1.925800e-08	-3.497196e+01	-1.263902e+03
2.300000e-07	-4.826668e-06	-1.918944e-08	-3.467585e+01	-1.260307e+03
2.400000e-07	-4.783506e-06	-1.915179e-08	-3.436576e+01	-1.256450e+03
2.500000e-07	-4.738551e-06	-1.904842e-08	-3.404279e+01	-1.252353e+03
2.600000e-07	-4.691822e-06	-1.902042e-08	-3.370708e+01	-1.248034e+03
2.700000e-07	-4.643106e-06	-1.895041e-08	-3.335710e+01	-1.243509e+03
2.800000e-07	-4.592299e-06	-1.885307e-08	-3.299209e+01	-1.238784e+03
2.900000e-07	-4.539546e-06	-1.878216e-08	-3.261310e+01	-1.233857e+03
3.000000e-07	-4.485098e-06	-1.869972e-08	-3.222193e+01	-1.228718e+03
3.100000e-07	-4.429034e-06	-1.862623e-08	-3.181916e+01	-1.223350e+03
3.200000e-07	-4.371173e-06	-1.854292e-08	-3.140347e+01	-1.217741e+03
3.300000e-07	-4.311628e-06	-1.845592e-08	-3.097568e+01	-1.211876e+03
3.400000e-07	-4.250644e-06	-1.834972e-08	-3.053757e+01	-1.205750e+03
3.500000e-07	-4.188228e-06	-1.824329e-08	-3.008915e+01	-1.199357e+03
3.600000e-07	-4.124406e-06	-1.814790e-08	-2.963064e+01	-1.192701e+03
3.700000e-07	-4.059010e-06	-1.804318e-08	-2.916082e+01	-1.185784e+03
3.800000e-07	-3.992024e-06	-1.795395e-08	-2.867958e+01	-1.178607e+03
3.900000e-07	-3.923615e-06	-1.783646e-08	-2.818812e+01	-1.171167e+03
4.000000e-07	-3.853865e-06	-1.769712e-08	-2.768702e+01	-1.163459e+03
4.100000e-07	-3.782977e-06	-1.757957e-08	-2.717774e+01	-1.155470e+03
4.200000e-07	-3.710901e-06	-1.745216e-08	-2.665993e+01	-1.147184e+03
4.300000e-07	-3.637316e-06	-1.732288e-08	-2.613128e+01	-1.138587e+03
4.400000e-07	-3.562122e-06	-1.718797e-08	-2.559107e+01	-1.129659e+03
4.500000e-07	-3.485501e-06	-1.704859e-08	-2.504061e+01	-1.120386e+03
4.600000e-07	-3.407510e-06	-1.689919e-08	-2.448030e+01	-1.110755e+03
4.700000e-07	-3.328054e-06	-1.674653e-08	-2.390947e+01	-1.100753e+03
4.800000e-07	-3.247319e-06	-1.659571e-08	-2.332945e+01	-1.090370e+03
4.900000e-07	-3.165458e-06	-1.642483e-08	-2.274135e+01	-1.079591e+03
5.000000e-07	-3.082510e-06	-1.624763e-08	-2.214543e+01	-1.068402e+03
5.100000e-07	-2.998639e-06	-1.606766e-08	-2.154288e+01	-1.056781e+03
5.200000e-07	-2.913920e-06	-1.588378e-08	-2.093424e+01	-1.044706e+03
5.300000e-07	-2.828203e-06	-1.569171e-08	-2.031843e+01	-1.032147e+03
5.400000e-07	-2.741520e-06	-1.549354e-08	-1.969568e+01	-1.019074e+03
5.500000e-07	-2.654068e-06	-1.529033e-08	-1.906741e+01	-1.005453e+03
5.600000e-07	-2.565657e-06	-1.507289e-08	-1.843224e+01	-9.912522e+02
5.700000e-07	-2.476015e-06	-1.484365e-08	-1.778824e+01	-9.764390e+02
5.800000e-07	-2.385265e-06	-1.460594e-08	-1.713627e+01	-9.609814e+02
5.900000e-07	-2.293643e-06	-1.436013e-08	-1.647804e+01	-9.448479e+02
6.000000e-07	-2.201200e-06	-1.410074e-08	-1.581390e+01	-9.280061e+02
6.100000e-07	-2.108025e-06	-1.382794e-08	-1.514452e+01	-9.104216e+02
6.200000e-07	-2.014102e-06	-1.354621e-08	-1.446975e+01	-8.920570e+02
6.300000e-07	-1.919445e-06	-1.325298e-08	-1.378971e+01	-8.728705e+02
6.400000e-07	-1.824226e-06	-1.294745e-08	-1.310564e+01	-8.528157e+02
6.500000e-07	-1.728397e-06	-1.262886e-08	-1.241718e+01	-8.318401e+02
6.600000e-07	-1.631833e-06	-1.229505e-08	-1.172345e+01	-8.098857e+02
6.700000e-07	-1.534555e-06	-1.194309e-08	-1.102458e+01	-7.868886e+02
6.800000e-07	-1.436647e-06	-1.157263e-08	-1.032119e+01	-7.627798e+02
6.900000e-07	-1.338130e-06	-1.118425e-08	-9.613421e+00	-7.374859e+02
7.000000e-07	-1.239093e-06	-1.077678e-08	-8.901916e+00	-7.109323e+02
7.100000e-07	-1.139642e-06	-1.034956e-08	-8.187437e+00	-6.830460e+02
7.200000e-07	-1.039879e-06	-9.903104e-09	-7.470722e+00	-6.537621e+02
7.300000e-07	-9.398487e-07	-9.435830e-09	-6.752080e+00	-6.230298e+02
7.400000e-07	-8.395295e-07	-8.945857e-09	-6.031364e+00	-5.908210e+02
7.500000e-07	-7.389983e-07	-8.434887e-09	-5.309126e+00	-5.571382e+02
7.600000e-07	-6.382705e-07	-7.900727e-09	-4.585476e+00	-5.220216e+02
7.700000e-07	-5.373599e-07	-7.343461e-09	-3.860512e+00	-4.855534e+02
7.800000e-07	-4.362716e-07	-6.769667e-09	-3.134271e+00	-4.478584e+02
7.900000e-07	-3.350227e-07	-6.181646e-09	-2.406877e+00	-4.090997e+02
8.000000e-07	-2.336228e-07	-5.579650e-09	-1.678397e+00	-3.694693e+02
8.100000e-07	-1.320269e-07	-4.967619e-09	-9.485104e-01	-3.291730e+02
8.200000e-07	-3.034791e-08	-4.348659e-09	-2.180261e-01	-2.884128e+02
8.300000e-07	7.131708e-08	-3.724730e-09	5.123576e-01	-2.473671e+02
8.400000e-07	1.729667e-07	-3.098099e-09	1.242631e+00	-2.061722e+02
8.500000e-07	2.745856e-07	-2.470747e-09	1.972684e+00	-1.649075e+02
8.600000e-07	3.761415e-07	-1.843010e-09	2.702283e+00	-1.235872e+02
8.700000e-07	4.775909e-07	-1.212921e-09	3.431118e+00	-8.216037e+01
8.800000e-07	5.788468e-07	-5.783918e-10	4.158563e+00	-4.051923e+01
8.900000e-07	6.798747e-07	6.362996e-11	4.884370e+00	1.483155e+00
9.000000e-07	7.806993e-07	7.140117e-10	5.608715e+00	4.400908e+01
9.100000e-07	8.812972e-07	1.372731e-09	6.331433e+00	8.720824e+01
9.200000e-07	9.816615e-07	2.039503e-09	7.052472e+00	1.311896e+02
9.300000e-07	1.081763e-06	2.717382e-09	7.771622e+00	1.759965e+02
9.400000e-07	1.181494e-06	3.409754e-09	8.488116e+00	2.215892e+02
9.500000e-07	1.280771e-06	4.112331e-09	9.201342e+00	2.678359e+02
9.600000e-07	1.379554e-06	4.822124e-09	9.911019e+00	3.145159e+02
9.700000e-07	1.477741e-06	5.534835e-09	1.061642e+01	3.613322e+02
9.800000e-07	1.575234e-06	6.244891e-09	1.131683e+01	4.079334e+02
9.900000e-07	1.671981e-06	6.946039e-09	1.201188e+01	4.539418e+02
1.000000e-06	1.767990e-06	7.631596e-09	1.270163e+01	4.989837e+02
1.010000e-06	1.863350e-06	8.297253e-09	1.338671e+01	5.427176e+02
1.020000e-06	1.958076e-06	8.937406e-09	1.406725e+01	5.848582e+02
1.030000e-06	2.052136e-06	9.547914e-09	1.474299e+01	6.251915e+02
1.040000e-06	2.145498e-06	1.012891e-08	1.541373e+01	6.635826e+02
1.050000e-06	2.238182e-06	1.068103e-08	1.607959e+01	6.999727e+02
1.060000e-06	2.330257e-06	1.120289e-08	1.674108e+01	7.343697e+02
1.070000e-06	2.421630e-06	1.169588e-08	1.739752e+01	7.668339e+02
1.080000e-06	2.512026e-06	1.216086e-08	1.804695e+01	7.974600e+02
1.090000e-06	2.601264e-06	1.260057e-08	1.868805e+01	8.263608e+02
1.100000e-06	2.689387e-06	1.301607e-08	1.932115e+01	8.536531e+02
1.110000e-06	2.776604e-06	1.340959e-08	1.994773e+01	8.794474e+02
1.120000e-06	2.862953e-06	1.378136e-08	2.056808e+01	9.038427e+02
1.130000e-06	2.948339e-06	1.413438e-08	2.118152e+01	9.269251e+02
1.140000e-06	3.032807e-06	1.446715e-08	2.178836e+01	9.487697e+02
1.150000e-06	3.116392e-06	1.477913e-08	2.238885e+01	9.694440e+02
1.160000e-06	3.198986e-06	1.507511e-08	2.298222e+01	9.890110e+02
1.170000e-06	3.280357e-06	1.535499e-08	2.356680e+01	1.007533e+03
1.180000e-06	3.360504e-06	1.562151e-08	2.414260e+01	1.025071e+03
1.190000e-06	3.439495e-06	1.587514e-08	2.471009e+01	1.041687e+03
1.200000e-06	3.517296e-06	1.611746e-08	2.526903e+01	1.057442e+03
1.210000e-06	3.593856e-06	1.634681e-08	2.581905e+01	1.072393e+03
1.220000e-06	3.668981e-06	1.656135e-08	2.635877e+01	1.086593e+03
1.230000e-06	3.742584e-06	1.676371e-08	2.688755e+01	1.100089e+03
1.240000e-06	3.814664e-06	1.695551e-08	2.740538e+01	1.112926e+03
1.250000e-06	3.885305e-06	1.713861e-08	2.791289e+01	1.125141e+03
1.260000e-06	3.954626e-06	1.731485e-08	2.841090e+01	1.136766e+03
1.270000e-06	4.022642e-06	1.748392e-08	2.889954e+01	1.147832e+03
1.280000e-06	4.089234e-06	1.764598e-08	2.937796e+01	1.158364e+03
1.290000e-06	4.154159e-06	1.780042e-08	2.984439e+01	1.168383e+03
1.300000e-06	4.217491e-06	1.794624e-08	3.029938e+01	1.177908e+03
1.310000e-06	4.279385e-06	1.808397e-08	3.074404e+01	1.186951e+03
1.320000e-06	4.339882e-06	1.821648e-08	3.117866e+01	1.195522e+03
1.330000e-06	4.399011e-06	1.834149e-08	3.160346e+01	1.203630e+03
1.340000e-06	4.456486e-06	1.845648e-08	3.201638e+01	1.211282e+03
1.350000e-06	4.512176e-06	1.856409e-08	3.241647e+01	1.218490e+03
1.360000e-06	4.566230e-06	1.866730e-08	3.280480e+01	1.225273e+03
1.370000e-06	4.618579e-06	1.876542e-08	3.318088e+01	1.231654e+03
1.380000e-06	4.668945e-06	1.885788e-08	3.354273e+01	1.237665e+03
1.390000e-06	4.717348e-06	1.894579e-08	3.389047e+01	1.243345e+03
1.400000e-06	4.764076e-06	1.902925e-08	3.422617e+01	1.248731e+03
1.410000e-06	4.809198e-06	1.910690e-08	3.455034e+01	1.253860e+03
1.420000e-06	4.852746e-06	1.917998e-08	3.486319e+01	1.258757e+03
1.430000e-06	4.894528e-06	1.925148e-08	3.516337e+01	1.263439e+03
1.440000e-06	4.934445e-06	1.932001e-08	3.545014e+01	1.267908e+03
1.450000e-06	4.972697e-06	1.938348e-08	3.572495e+01	1.272154e+03
1.460000e-06	5.009346e-06	1.944230e-08	3.598824e+01	1.276158e+03
1.470000e-06	5.044269e-06	1.949896e-08	3.623914e+01	1.279898e+03
1.480000e-06	5.077260e-06	1.955229e-08	3.647615e+01	1.283354e+03
1.490000e-06	5.108464e-06	1.959978e-08	3.670033e+01	1.286517e+03
1.500000e-06	5.138012e-06	1.964176e-08	3.691261e+01	1.289386e+03
1.510000e-06	5.165882e-06	1.967999e-08	3.711284e+01	1.291973e+03
1.520000e-06	5.191850e-06	1.971578e-08	3.729940e+01	1.294303e+03
1.530000e-06	5.215723e-06	1.974868e-08	3.747090e+01	1.296401e+03
1.540000e-06	5.237768e-06	1.977779e-08	3.762928e+01	1.298297e+03
1.550000e-06	5.258130e-06	1.980340e-08	3.777556e+01	1.300010e+03
1.560000e-06	5.276677e-06	1.982705e-08	3.790881e+01	1.301555e+03
1.570000e-06	5.293209e-06	1.984701e-08	3.802758e+01	1.302932e+03
1.580000e-06	5.307703e-06	1.986360e-08	3.813171e+01	1.304135e+03
1.590000e-06	5.320207e-06	1.987865e-08	3.822154e+01	1.305151e+03
1.600000e-06	5.330583e-06	1.989214e-08	3.829608e+01	1.305970e+03
1.610000e-06	5.338871e-06	1.990347e-08	3.835562e+01	1.306586e+03
1.620000e-06	5.345296e-06	1.991141e-08	3.840178e+01	1.306999e+03
1.630000e-06	5.349938e-06	1.991647e-08	3.843513e+01	1.307222e+03
1.640000e-06	5.352671e-06	1.991900e-08	3.845476e+01	1.307273e+03
1.650000e-06	5.353400e-06	1.992032e-08	3.846000e+01	1.307171e+03
1.660000e-06	5.352297e-06	1.991634e-08	3.845208e+01	1.306934e+03
1.670000e-06	5.349552e-06	1.990803e-08	3.843236e+01	1.306573e+03
1.680000e-06	5.345203e-06	1.990251e-08	3.840111e+01	1.306086e+03
1.690000e-06	5.338979e-06	1.989453e-08	3.835640e+01	1.305463e+03
1.700000e-06	5.330927e-06	1.988292e-08	3.829855e+01	1.304686e+03
1.710000e-06	5.321314e-06	1.987061e-08	3.822949e+01	1.303734e+03
1.720000e-06	5.310004e-06	1.986463e-08	3.814824e+01	1.302590e+03
1.730000e-06	5.296800e-06	1.985737e-08	3.805338e+01	1.301250e+03
1.740000e-06	5.281577e-06	1.978267e-08	3.794401e+01	1.299721e+03
1.750000e-06	5.264194e-06	1.972137e-08	3.781913e+01	1.298026e+03
1.760000e-06	5.244337e-06	1.973812e-08	3.767647e+01	1.296199e+03
1.770000e-06	5.221961e-06	1.973413e-08	3.751572e+01	1.294279e+03
1.780000e-06	5.197843e-06	1.977683e-08	3.734245e+01	1.292302e+03
1.790000e-06	5.172853e-06	1.972286e-08	3.716291e+01	1.290293e+03
1.800000e-06	5.146850e-06	1.956194e-08	3.697610e+01	1.288260e+03
1.810000e-06	5.118919e-06	1.964249e-08	3.677544e+01	1.286193e+03
1.820000e-06	5.088892e-06	1.959378e-08	3.655972e+01	1.284061e+03
1.830000e-06	5.057199e-06	1.944866e-08	3.633203e+01	1.281820e+03
1.840000e-06	5.023695e-06	1.956264e-08	3.609133e+01	1.279422e+03
1.850000e-06	4.988532e-06	1.945977e-08	3.583871e+01	1.276816e+03
1.860000e-06	4.951838e-06	1.933316e-08	3.557509e+01	1.273965e+03
1.870000e-06	4.913177e-06	1.940309e-08	3.529735e+01	1.270843e+03
1.880000e-06	4.872726e-06	1.928468e-08	3.500673e+01	1.267443e+03
1.890000e-06	4.830589e-06	1.926851e-08	3.470401e+01	1.263771e+03
1.900000e-06	4.786743e-06	1.923611e-08	3.438902e+01	1.259843e+03
1.910000e-06	4.741168e-06	1.907455e-08	3.406160e+01	1.255679e+03
1.920000e-06	4.693627e-06	1.911725e-08	3.372005e+01	1.251300e+03
1.930000e-06	4.644402e-06	1.902384e-08	3.336641e+01	1.246716e+03
1.940000e-06	4.593458e-06	1.892691e-08	3.300041e+01	1.241934e+03
1.950000e-06	4.540368e-06	1.889601e-08	3.261901e+01	1.236946e+03
1.960000e-06	4.485381e-06	1.876865e-08	3.222396e+01	1.231743e+03
1.970000e-06	4.428794e-06	1.872878e-08	3.181743e+01	1.226307e+03
1.980000e-06	4.370634e-06	1.859546e-08	3.139960e+01	1.220625e+03
1.990000e-06	4.311001e-06	1.850794e-08	3.097118e+01	1.214685e+03
2.000000e-06	4.249810e-06	1.847520e-08	3.053157e+01	1.208482e+03
2.010000e-06	4.186951e-06	1.833631e-08	3.007998e+01	1.202013e+03
2.020000e-06	4.122463e-06	1.824346e-08	2.961668e+01	1.195281e+03
2.030000e-06	4.056532e-06	1.809907e-08	2.914302e+01	1.188289e+03
2.040000e-06	3.989312e-06	1.801244e-08	2.866010e+01	1.181036e+03
2.050000e-06	3.920722e-06	1.792149e-08	2.816733e+01	1.173520e+03
2.060000e-06	3.850526e-06	1.777383e-08	2.766302e+01	1.165732e+03
2.070000e-06	3.778843e-06	1.768646e-08	2.714804e+01	1.157659e+03
2.080000e-06	3.705958e-06	1.753572e-08	2.662442e+01	1.149285e+03
2.090000e-06	3.631800e-06	1.740015e-08	2.609165e+01	1.140594e+03
2.100000e-06	3.556312e-06	1.726051e-08	2.554933e+01	1.131569e+03
2.110000e-06	3.479305e-06	1.712255e-08	2.499609e+01	1.122194e+03
2.120000e-06	3.400705e-06	1.699026e-08	2.443142e+01	1.112457e+03
2.130000e-06	3.320882e-06	1.681737e-08	2.385795e+01	1.102347e+03
2.140000e-06	3.240019e-06	1.666853e-08	2.327701e+01	1.091851e+03
2.150000e-06	3.158045e-06	1.649696e-08	2.268809e+01	1.080956e+03
2.160000e-06	3.074989e-06	1.633030e-08	2.209140e+01	1.069645e+03
2.170000e-06	2.990990e-06	1.615749e-08	2.148793e+01	1.057896e+03
2.180000e-06	2.905791e-06	1.597216e-08	2.087584e+01	1.045685e+03
2.190000e-06	2.819297e-06	1.577890e-08	2.025445e+01	1.032981e+03
2.200000e-06	2.731775e-06	1.556647e-08	1.962568e+01	1.019754e+03
2.210000e-06	2.643299e-06	1.536303e-08	1.899004e+01	1.005970e+03
2.220000e-06	2.553904e-06	1.514548e-08	1.834781e+01	9.915970e+02
2.230000e-06	2.463600e-06	1.491717e-08	1.769905e+01	9.766021e+02
2.240000e-06	2.372542e-06	1.467497e-08	1.704486e+01	9.609538e+02
2.250000e-06	2.280838e-06	1.443064e-08	1.638604e+01	9.446205e+02
2.260000e-06	2.188382e-06	1.417644e-08	1.572182e+01	9.275693e+02
2.270000e-06	2.095000e-06	1.390384e-08	1.505094e+01	9.097650e+02
2.280000e-06	2.000616e-06	1.362270e-08	1.437287e+01	8.911692e+02
2.290000e-06	1.905382e-06	1.332736e-08	1.368869e+01	8.717389e+02
2.300000e-06	1.809498e-06	1.301833e-08	1.299983e+01	8.514257e+02
2.310000e-06	1.713037e-06	1.269246e-08	1.230683e+01	8.301758e+02
2.320000e-06	1.616068e-06	1.235568e-08	1.161019e+01	8.079295e+02
2.330000e-06	1.518623e-06	1.200351e-08	1.091012e+01	7.846212e+02
2.340000e-06	1.420575e-06	1.163123e-08	1.020572e+01	7.601806e+02
2.350000e-06	1.322002e-06	1.123933e-08	9.497557e+00	7.345336e+02
2.360000e-06	1.223095e-06	1.083014e-08	8.786983e+00	7.076056e+02
2.370000e-06	1.123922e-06	1.040347e-08	8.074505e+00	6.793253e+02
2.380000e-06	1.024526e-06	9.954880e-09	7.360423e+00	6.496311e+02
2.390000e-06	9.248894e-07	9.481478e-09	6.644609e+00	6.184778e+02
2.400000e-06	8.249488e-07	8.981340e-09	5.926613e+00	5.858453e+02
2.410000e-06	7.247350e-07	8.457763e-09	5.206656e+00	5.517461e+02
2.420000e-06	6.242763e-07	7.911213e-09	4.484938e+00	5.162322e+02
2.430000e-06	5.235345e-07	7.345959e-09	3.761187e+00	4.793981e+02
2.440000e-06	4.224865e-07	6.767684e-09	3.035236e+00	4.413803e+02
2.450000e-06	3.212779e-07	6.175430e-09	2.308131e+00	4.023512e+02
2.460000e-06	2.200341e-07	5.567089e-09	1.580774e+00	3.625085e+02
2.470000e-06	1.186556e-07	4.946093e-09	8.524476e-01	3.220589e+02
2.480000e-06	1.712218e-08	4.318247e-09	1.230095e-01	2.811996e+02
2.490000e-06	-8.441434e-08	3.687170e-09	-6.064512e-01	2.400988e+02
2.500000e-06	-1.858781e-07	3.055192e-09	-1.335389e+00	1.988778e+02
2.510000e-06	-2.872808e-07	2.423885e-09	-2.063888e+00	1.575979e+02
2.520000e-06	-3.885727e-07	1.793897e-09	-2.791592e+00	1.162543e+02
2.530000e-06	-4.896945e-07	1.161761e-09	-3.518073e+00	7.477850e+01
2.540000e-06	-5.906405e-07	5.248840e-10	-4.243292e+00	3.304949e+01
2.550000e-06	-6.914040e-07	-1.190899e-10	-4.967198e+00	-9.086752e+00
2.560000e-06	-7.919435e-07	-7.717296e-10	-5.689497e+00	-5.179184e+01
2.570000e-06	-8.922255e-07	-1.436143e-09	-6.409945e+00	-9.520664e+01
2.580000e-06	-9.921394e-07	-2.113606e-09	-7.127748e+00	-1.394236e+02
2.590000e-06	-1.091663e-06	-2.801833e-09	-7.842744e+00	-1.844639e+02
2.600000e-06	-1.190841e-06	-3.503612e-09	-8.555266e+00	-2.302617e+02
2.610000e-06	-1.289634e-06	-4.214898e-09	-9.265012e+00	-2.766593e+02
2.620000e-06	-1.387955e-06	-4.929856e-09	-9.971371e+00	-3.234122e+02
2.630000e-06	-1.485721e-06	-5.645024e-09	-1.067375e+01	-3.702054e+02
2.640000e-06	-1.582900e-06	-6.355366e-09	-1.137190e+01	-4.166770e+02
2.650000e-06	-1.679574e-06	-7.055611e-09	-1.206643e+01	-4.624473e+02
2.660000e-06	-1.775815e-06	-7.739386e-09	-1.275784e+01	-5.071491e+02
2.670000e-06	-1.871516e-06	-8.402284e-09	-1.344538e+01	-5.504548e+02
2.680000e-06	-1.966527e-06	-9.040820e-09	-1.412796e+01	-5.920982e+02
2.690000e-06	-2.060657e-06	-9.651118e-09	-1.480421e+01	-6.318878e+02
2.700000e-06	-2.153864e-06	-1.023199e-08	-1.547383e+01	-6.697108e+02
2.710000e-06	-2.246240e-06	-1.078314e-08	-1.613749e+01	-7.055288e+02
2.720000e-06	-2.337798e-06	-1.130193e-08	-1.679526e+01	-7.393665e+02
2.730000e-06	-2.428558e-06	-1.178846e-08	-1.744729e+01	-7.712955e+02
2.740000e-06	-2.518411e-06	-1.224828e-08	-1.809282e+01	-8.014176e+02
2.750000e-06	-2.607328e-06	-1.268335e-08	-1.873162e+01	-8.298479e+02
2.760000e-06	-2.695451e-06	-1.309501e-08	-1.936471e+01	-8.567022e+02
2.770000e-06	-2.782783e-06	-1.348495e-08	-1.999213e+01	-8.820880e+02
2.780000e-06	-2.869096e-06	-1.385359e-08	-2.061222e+01	-9.061008e+02
2.790000e-06	-2.954200e-06	-1.420017e-08	-2.122363e+01	-9.288231e+02
2.800000e-06	-3.038177e-06	-1.452486e-08	-2.182693e+01	-9.503275e+02
2.810000e-06	-3.121177e-06	-1.483462e-08	-2.242322e+01	-9.706799e+02
2.820000e-06	-3.203206e-06	-1.513041e-08	-2.301253e+01	-9.899428e+02
2.830000e-06	-3.284163e-06	-1.540979e-08	-2.359415e+01	-1.008178e+03
2.840000e-06	-3.364055e-06	-1.567273e-08	-2.416811e+01	-1.025447e+03
2.850000e-06	-3.442709e-06	-1.592259e-08	-2.473318e+01	-1.041812e+03
2.860000e-06	-3.519858e-06	-1.616185e-08	-2.528744e+01	-1.057332e+03
2.870000e-06	-3.595547e-06	-1.638953e-08	-2.583120e+01	-1.072064e+03
2.880000e-06	-3.669852e-06	-1.660667e-08	-2.636502e+01	-1.086059e+03
2.890000e-06	-3.742837e-06	-1.681309e-08	-2.688937e+01	-1.099364e+03
2.900000e-06	-3.814588e-06	-1.700785e-08	-2.740484e+01	-1.112021e+03
2.910000e-06	-3.884906e-06	-1.719111e-08	-2.791002e+01	-1.124064e+03
2.920000e-06	-3.953645e-06	-1.736418e-08	-2.840385e+01	-1.135528e+03
2.930000e-06	-4.020905e-06	-1.752922e-08	-2.888707e+01	-1.146439e+03
2.940000e-06	-4.086784e-06	-1.768682e-08	-2.936036e+01	-1.156824e+03
2.950000e-06	-4.151302e-06	-1.783723e-08	-2.982387e+01	-1.166701e+03
2.960000e-06	-4.214380e-06	-1.798202e-08	-3.027703e+01	-1.176088e+03
2.970000e-06	-4.275822e-06	-1.812014e-08	-3.071845e+01	-1.184996e+03
2.980000e-06	-4.335579e-06	-1.825027e-08	-3.114775e+01	-1.193435e+03
2.990000e-06	-4.393835e-06	-1.837255e-08	-3.156628e+01	-1.201412e+03
3.000000e-06	-4.450608e-06	-1.848538e-08	-3.197415e+01	-1.208937e+03
3.010000e-06	-4.505735e-06	-1.859046e-08	-3.237019e+01	-1.216022e+03
3.020000e-06	-4.559015e-06	-1.869115e-08	-3.275297e+01	-1.222688e+03
3.030000e-06	-4.610411e-06	-1.878669e-08	-3.312221e+01	-1.228961e+03
3.040000e-06	-4.659943e-06	-1.887808e-08	-3.347806e+01	-1.234874e+03
3.050000e-06	-4.707548e-06	-1.896559e-08	-3.382006e+01	-1.240467e+03
3.060000e-06	-4.753442e-06	-1.904795e-08	-3.414978e+01	-1.245777e+03
3.070000e-06	-4.797837e-06	-1.912598e-08	-3.446871e+01	-1.250838e+03
3.080000e-06	-4.840725e-06	-1.920037e-08	-3.477684e+01	-1.255674e+03
3.090000e-06	-4.882092e-06	-1.927032e-08	-3.507402e+01	-1.260296e+03
3.100000e-06	-4.921900e-06	-1.933805e-08	-3.536001e+01	-1.264704e+03
3.110000e-06	-4.959953e-06	-1.940223e-08	-3.563340e+01	-1.268883e+03
3.120000e-06	-4.996123e-06	-1.946215e-08	-3.589324e+01	-1.272815e+03
3.130000e-06	-5.030540e-06	-1.951892e-08	-3.614050e+01	-1.276476e+03
3.140000e-06	-5.063320e-06	-1.957201e-08	-3.637601e+01	-1.279850e+03
3.150000e-06	-5.094303e-06	-1.962066e-08	-3.659859e+01	-1.282929e+03
3.160000e-06	-5.123284e-06	-1.966373e-08	-3.680680e+01	-1.285717e+03
3.170000e-06	-5.150447e-06	-1.970267e-08	-3.700195e+01	-1.288229e+03
3.180000e-06	-5.175908e-06	-1.973832e-08	-3.718486e+01	-1.290490e+03
3.190000e-06	-5.199564e-06	-1.976978e-08	-3.735481e+01	-1.292529e+03
3.200000e-06	-5.221235e-06	-1.979731e-08	-3.751050e+01	-1.294371e+03
3.210000e-06	-5.240976e-06	-1.982318e-08	-3.765232e+01	-1.296037e+03
3.220000e-06	-5.258948e-06	-1.984592e-08	-3.778144e+01	-1.297534e+03
3.230000e-06	-5.275081e-06	-1.986663e-08	-3.789734e+01	-1.298863e+03
3.240000e-06	-5.289106e-06	-1.988512e-08	-3.799810e+01	-1.300015e+03
3.250000e-06	-5.300929e-06	-1.989971e-08	-3.808304e+01	-1.300977e+03
3.260000e-06	-5.310781e-06	-1.991032e-08	-3.815382e+01	-1.301739e+03
3.270000e-06	-5.318816e-06	-1.991818e-08	-3.821154e+01	-1.302297e+03
3.280000e-06	-5.324927e-06	-1.992299e-08	-3.825545e+01	-1.302655e+03
3.290000e-06	-5.329055e-06	-1.992405e-08	-3.828510e+01	-1.302828e+03
3.300000e-06	-5.331371e-06	-1.992149e-08	-3.830174e+01	-1.302833e+03
3.310000e-06	-5.331981e-06	-1.991726e-08	-3.830612e+01	-1.302692e+03
