# Temperatura_=_88.12
# Concentracion g/m^3_=_28370.0
# C_Vs_to_Am_M_A/Vsm_=_65563218390.804596
# pendiente_HvsI_1/m_=_3716.3
# ordenada_HvsI_A/m_=_1297.0
# frecuencia_Hz_=_302395.55202809436

Tiempo_(s)	Campo_(V.s)	Magnetizacion_(V.s)	Campo_(kA/m)	Magnetizacion_(A/m)
0.000000e+00	-7.321100e-06	-2.890912e-08	-5.318288e+01	-1.893381e+03
1.000000e-08	-7.317215e-06	-2.890501e-08	-5.315465e+01	-1.892445e+03
2.000000e-08	-7.311010e-06	-2.888978e-08	-5.310958e+01	-1.891410e+03
3.000000e-08	-7.302474e-06	-2.887363e-08	-5.304757e+01	-1.890321e+03
4.000000e-08	-7.291350e-06	-2.885621e-08	-5.296676e+01	-1.889204e+03
5.000000e-08	-7.277428e-06	-2.883500e-08	-5.286563e+01	-1.888057e+03
6.000000e-08	-7.260866e-06	-2.880809e-08	-5.274532e+01	-1.886857e+03
7.000000e-08	-7.242125e-06	-2.877712e-08	-5.260917e+01	-1.885566e+03
8.000000e-08	-7.221303e-06	-2.875911e-08	-5.245792e+01	-1.884133e+03
9.000000e-08	-7.197887e-06	-2.882121e-08	-5.228782e+01	-1.882508e+03
1.000000e-07	-7.171463e-06	-2.878337e-08	-5.209587e+01	-1.880648e+03
1.100000e-07	-7.142211e-06	-2.866694e-08	-5.188337e+01	-1.878528e+03
1.200000e-07	-7.110468e-06	-2.861958e-08	-5.165278e+01	-1.876144e+03
1.300000e-07	-7.076203e-06	-2.859543e-08	-5.140386e+01	-1.873508e+03
1.400000e-07	-7.039694e-06	-2.850457e-08	-5.113865e+01	-1.870654e+03
1.500000e-07	-7.001444e-06	-2.841422e-08	-5.086079e+01	-1.867621e+03
1.600000e-07	-6.961152e-06	-2.852996e-08	-5.056810e+01	-1.864451e+03
1.700000e-07	-6.918335e-06	-2.839387e-08	-5.025706e+01	-1.861175e+03
1.800000e-07	-6.873094e-06	-2.824473e-08	-4.992842e+01	-1.857809e+03
1.900000e-07	-6.825241e-06	-2.832317e-08	-4.958080e+01	-1.854344e+03
2.000000e-07	-6.774488e-06	-2.819636e-08	-4.921211e+01	-1.850747e+03
2.100000e-07	-6.721122e-06	-2.815343e-08	-4.882444e+01	-1.846965e+03
2.200000e-07	-6.665262e-06	-2.810032e-08	-4.841866e+01	-1.842931e+03
2.300000e-07	-6.606904e-06	-2.798430e-08	-4.799473e+01	-1.838570e+03
2.400000e-07	-6.546135e-06	-2.795225e-08	-4.755328e+01	-1.833819e+03
2.500000e-07	-6.482941e-06	-2.784116e-08	-4.709422e+01	-1.828629e+03
2.600000e-07	-6.417222e-06	-2.776068e-08	-4.661681e+01	-1.822976e+03
2.700000e-07	-6.349006e-06	-2.766324e-08	-4.612127e+01	-1.816866e+03
2.800000e-07	-6.278488e-06	-2.757825e-08	-4.560900e+01	-1.810335e+03
2.900000e-07	-6.205611e-06	-2.746674e-08	-4.507960e+01	-1.803440e+03
3.000000e-07	-6.130178e-06	-2.733907e-08	-4.453163e+01	-1.796252e+03
3.100000e-07	-6.052173e-06	-2.728727e-08	-4.396498e+01	-1.788843e+03
3.200000e-07	-5.971705e-06	-2.716684e-08	-4.338043e+01	-1.781273e+03
3.300000e-07	-5.889104e-06	-2.705101e-08	-4.278039e+01	-1.773578e+03
3.400000e-07	-5.804627e-06	-2.690464e-08	-4.216672e+01	-1.765764e+03
3.500000e-07	-5.718257e-06	-2.678356e-08	-4.153930e+01	-1.757801e+03
3.600000e-07	-5.629896e-06	-2.667717e-08	-4.089741e+01	-1.749629e+03
3.700000e-07	-5.539381e-06	-2.652517e-08	-4.023989e+01	-1.741163e+03
3.800000e-07	-5.446780e-06	-2.638509e-08	-3.956720e+01	-1.732304e+03
3.900000e-07	-5.352249e-06	-2.623101e-08	-3.888049e+01	-1.722957e+03
4.000000e-07	-5.255860e-06	-2.607670e-08	-3.818030e+01	-1.713041e+03
4.100000e-07	-5.157630e-06	-2.590444e-08	-3.746672e+01	-1.702505e+03
4.200000e-07	-5.057625e-06	-2.575771e-08	-3.674025e+01	-1.691329e+03
4.300000e-07	-4.955888e-06	-2.559093e-08	-3.600120e+01	-1.679530e+03
4.400000e-07	-4.852395e-06	-2.539632e-08	-3.524939e+01	-1.667157e+03
4.500000e-07	-4.747159e-06	-2.520024e-08	-3.448492e+01	-1.654276e+03
4.600000e-07	-4.640129e-06	-2.500522e-08	-3.370743e+01	-1.640962e+03
4.700000e-07	-4.531432e-06	-2.480556e-08	-3.291782e+01	-1.627277e+03
4.800000e-07	-4.421202e-06	-2.459829e-08	-3.211707e+01	-1.613256e+03
4.900000e-07	-4.309442e-06	-2.439034e-08	-3.130521e+01	-1.598898e+03
5.000000e-07	-4.195947e-06	-2.415163e-08	-3.048074e+01	-1.584158e+03
5.100000e-07	-4.080598e-06	-2.389705e-08	-2.964281e+01	-1.568946e+03
5.200000e-07	-3.963639e-06	-2.363946e-08	-2.879318e+01	-1.553138e+03
5.300000e-07	-3.845251e-06	-2.338359e-08	-2.793316e+01	-1.536591e+03
5.400000e-07	-3.725484e-06	-2.311104e-08	-2.706314e+01	-1.519156e+03
5.500000e-07	-3.604313e-06	-2.282278e-08	-2.618292e+01	-1.500699e+03
5.600000e-07	-3.481721e-06	-2.252131e-08	-2.529237e+01	-1.481119e+03
5.700000e-07	-3.357740e-06	-2.220492e-08	-2.439173e+01	-1.460357e+03
5.800000e-07	-3.232522e-06	-2.187818e-08	-2.348210e+01	-1.438396e+03
5.900000e-07	-3.106160e-06	-2.154007e-08	-2.256417e+01	-1.415262e+03
6.000000e-07	-2.978689e-06	-2.118782e-08	-2.163818e+01	-1.391005e+03
6.100000e-07	-2.850162e-06	-2.080906e-08	-2.070452e+01	-1.365681e+03
6.200000e-07	-2.720498e-06	-2.040967e-08	-1.976259e+01	-1.339325e+03
6.300000e-07	-2.589754e-06	-1.998891e-08	-1.881283e+01	-1.311926e+03
6.400000e-07	-2.458006e-06	-1.954899e-08	-1.785577e+01	-1.283411e+03
6.500000e-07	-2.325357e-06	-1.908365e-08	-1.689216e+01	-1.253624e+03
6.600000e-07	-2.192017e-06	-1.858934e-08	-1.592353e+01	-1.222330e+03
6.700000e-07	-2.058037e-06	-1.806474e-08	-1.495025e+01	-1.189219e+03
6.800000e-07	-1.923337e-06	-1.750932e-08	-1.397175e+01	-1.153931e+03
6.900000e-07	-1.787942e-06	-1.692321e-08	-1.298820e+01	-1.116082e+03
7.000000e-07	-1.651879e-06	-1.629884e-08	-1.199979e+01	-1.075303e+03
7.100000e-07	-1.515141e-06	-1.563169e-08	-1.100649e+01	-1.031277e+03
7.200000e-07	-1.377832e-06	-1.491533e-08	-1.000903e+01	-9.837709e+02
7.300000e-07	-1.240034e-06	-1.415106e-08	-9.008018e+00	-9.326630e+02
7.400000e-07	-1.101794e-06	-1.333302e-08	-8.003797e+00	-8.779549e+02
7.500000e-07	-9.631944e-07	-1.246546e-08	-6.996961e+00	-8.197703e+02
7.600000e-07	-8.243013e-07	-1.154774e-08	-5.987996e+00	-7.583390e+02
7.700000e-07	-6.851059e-07	-1.057154e-08	-4.976835e+00	-6.939691e+02
7.800000e-07	-5.455916e-07	-9.539494e-09	-3.963357e+00	-6.270090e+02
7.900000e-07	-4.058761e-07	-8.461808e-09	-2.948418e+00	-5.578073e+02
8.000000e-07	-2.659416e-07	-7.348116e-09	-1.931887e+00	-4.866737e+02
8.100000e-07	-1.258220e-07	-6.204277e-09	-9.140125e-01	-4.138488e+02
8.200000e-07	1.431988e-08	-5.043659e-09	1.040243e-01	-3.394861e+02
8.300000e-07	1.544994e-07	-3.875460e-09	1.122335e+00	-2.636495e+02
8.400000e-07	2.946655e-07	-2.702868e-09	2.140547e+00	-1.863286e+02
8.500000e-07	4.347249e-07	-1.523006e-09	3.157985e+00	-1.074674e+02
8.600000e-07	5.745929e-07	-3.335642e-10	4.174032e+00	-2.700611e+01
8.700000e-07	7.142112e-07	8.728312e-10	5.188265e+00	5.507229e+01
8.800000e-07	8.536152e-07	2.111044e-09	6.200942e+00	1.386956e+02
8.900000e-07	9.927465e-07	3.386916e-09	7.211637e+00	2.236637e+02
9.000000e-07	1.131507e-06	4.699534e-09	8.219639e+00	3.096225e+02
9.100000e-07	1.269832e-06	6.038497e-09	9.224478e+00	3.960567e+02
9.200000e-07	1.407704e-06	7.388518e-09	1.022603e+01	4.823013e+02
9.300000e-07	1.545113e-06	8.726178e-09	1.122421e+01	5.675733e+02
9.400000e-07	1.681920e-06	1.002749e-08	1.221802e+01	6.510196e+02
9.500000e-07	1.817961e-06	1.127409e-08	1.320627e+01	7.317763e+02
9.600000e-07	1.953193e-06	1.244869e-08	1.418864e+01	8.090329e+02
9.700000e-07	2.087629e-06	1.353777e-08	1.516522e+01	8.820931e+02
9.800000e-07	2.221325e-06	1.454165e-08	1.613644e+01	9.504268e+02
9.900000e-07	2.354373e-06	1.546872e-08	1.710294e+01	1.013705e+03
1.000000e-06	2.486596e-06	1.632382e-08	1.806345e+01	1.071819e+03
1.010000e-06	2.617741e-06	1.710914e-08	1.901614e+01	1.124870e+03
1.020000e-06	2.747905e-06	1.783261e-08	1.996169e+01	1.173151e+03
1.030000e-06	2.877139e-06	1.850341e-08	2.090048e+01	1.217101e+03
1.040000e-06	3.005190e-06	1.912686e-08	2.183069e+01	1.257255e+03
1.050000e-06	3.132017e-06	1.970609e-08	2.275200e+01	1.294185e+03
1.060000e-06	3.257799e-06	2.024475e-08	2.366572e+01	1.328450e+03
1.070000e-06	3.382561e-06	2.074734e-08	2.457203e+01	1.360543e+03
1.080000e-06	3.506095e-06	2.121778e-08	2.546943e+01	1.390863e+03
1.090000e-06	3.628391e-06	2.165842e-08	2.635783e+01	1.419693e+03
1.100000e-06	3.749427e-06	2.207143e-08	2.723707e+01	1.447206e+03
1.110000e-06	3.868991e-06	2.246216e-08	2.810562e+01	1.473468e+03
1.120000e-06	3.987134e-06	2.283193e-08	2.896385e+01	1.498473e+03
1.130000e-06	4.103873e-06	2.317831e-08	2.981188e+01	1.522169e+03
1.140000e-06	4.219063e-06	2.350338e-08	3.064866e+01	1.544494e+03
1.150000e-06	4.332661e-06	2.381128e-08	3.147387e+01	1.565404e+03
1.160000e-06	4.444550e-06	2.410269e-08	3.228667e+01	1.584896e+03
1.170000e-06	4.554809e-06	2.437844e-08	3.308763e+01	1.603021e+03
1.180000e-06	4.663595e-06	2.463934e-08	3.387789e+01	1.619882e+03
1.190000e-06	4.770811e-06	2.488949e-08	3.465674e+01	1.635630e+03
1.200000e-06	4.876347e-06	2.512705e-08	3.542339e+01	1.650443e+03
1.210000e-06	4.980027e-06	2.535208e-08	3.617656e+01	1.664506e+03
1.220000e-06	5.081890e-06	2.556631e-08	3.691652e+01	1.677987e+03
1.230000e-06	5.182024e-06	2.577089e-08	3.764393e+01	1.691022e+03
1.240000e-06	5.280240e-06	2.596437e-08	3.835740e+01	1.703695e+03
1.250000e-06	5.376323e-06	2.614530e-08	3.905538e+01	1.716040e+03
1.260000e-06	5.470431e-06	2.631920e-08	3.973901e+01	1.728040e+03
1.270000e-06	5.562727e-06	2.648595e-08	4.040948e+01	1.739638e+03
1.280000e-06	5.653084e-06	2.664549e-08	4.106586e+01	1.750751e+03
1.290000e-06	5.741250e-06	2.679937e-08	4.170633e+01	1.761295e+03
1.300000e-06	5.827267e-06	2.694721e-08	4.233118e+01	1.771196e+03
1.310000e-06	5.911298e-06	2.708797e-08	4.294161e+01	1.780410e+03
1.320000e-06	5.993231e-06	2.722110e-08	4.353680e+01	1.788930e+03
1.330000e-06	6.072969e-06	2.734799e-08	4.411605e+01	1.796790e+03
1.340000e-06	6.150511e-06	2.746759e-08	4.467934e+01	1.804058e+03
1.350000e-06	6.225748e-06	2.757903e-08	4.522588e+01	1.810831e+03
1.360000e-06	6.298503e-06	2.768368e-08	4.575440e+01	1.817216e+03
1.370000e-06	6.368930e-06	2.778333e-08	4.626600e+01	1.823317e+03
1.380000e-06	6.437152e-06	2.787734e-08	4.676159e+01	1.829220e+03
1.390000e-06	6.503032e-06	2.796586e-08	4.724017e+01	1.834982e+03
1.400000e-06	6.566552e-06	2.804999e-08	4.770160e+01	1.840625e+03
1.410000e-06	6.627861e-06	2.812886e-08	4.814696e+01	1.846136e+03
1.420000e-06	6.686959e-06	2.820218e-08	4.857627e+01	1.851473e+03
1.430000e-06	6.743641e-06	2.827260e-08	4.898803e+01	1.856575e+03
1.440000e-06	6.797884e-06	2.834098e-08	4.938207e+01	1.861374e+03
1.450000e-06	6.849521e-06	2.840555e-08	4.975717e+01	1.865809e+03
1.460000e-06	6.898285e-06	2.846588e-08	5.011141e+01	1.869838e+03
1.470000e-06	6.944469e-06	2.852205e-08	5.044691e+01	1.873443e+03
1.480000e-06	6.988288e-06	2.857479e-08	5.076522e+01	1.876639e+03
1.490000e-06	7.029553e-06	2.862445e-08	5.106499e+01	1.879463e+03
1.500000e-06	7.068287e-06	2.867050e-08	5.134636e+01	1.881975e+03
1.510000e-06	7.104689e-06	2.871253e-08	5.161080e+01	1.884244e+03
1.520000e-06	7.138590e-06	2.875035e-08	5.185706e+01	1.886338e+03
1.530000e-06	7.169852e-06	2.878374e-08	5.208417e+01	1.888311e+03
1.540000e-06	7.198679e-06	2.881279e-08	5.229357e+01	1.890198e+03
1.550000e-06	7.224953e-06	2.883840e-08	5.248443e+01	1.892005e+03
1.560000e-06	7.248431e-06	2.886116e-08	5.265499e+01	1.893715e+03
1.570000e-06	7.269340e-06	2.888068e-08	5.280688e+01	1.895287e+03
1.580000e-06	7.287829e-06	2.889668e-08	5.294119e+01	1.896667e+03
1.590000e-06	7.303592e-06	2.890863e-08	5.305569e+01	1.897797e+03
1.600000e-06	7.316544e-06	2.891651e-08	5.314978e+01	1.898626e+03
1.610000e-06	7.326636e-06	2.892216e-08	5.322309e+01	1.899121e+03
1.620000e-06	7.333894e-06	2.892675e-08	5.327582e+01	1.899270e+03
1.630000e-06	7.338613e-06	2.893111e-08	5.331010e+01	1.899086e+03
1.640000e-06	7.340692e-06	2.893336e-08	5.332520e+01	1.898609e+03
1.650000e-06	7.340084e-06	2.893350e-08	5.332079e+01	1.897891e+03
1.660000e-06	7.337127e-06	2.891781e-08	5.329930e+01	1.896995e+03
1.670000e-06	7.331820e-06	2.890263e-08	5.326075e+01	1.895985e+03
1.680000e-06	7.323962e-06	2.888771e-08	5.320367e+01	1.894908e+03
1.690000e-06	7.313694e-06	2.886868e-08	5.312908e+01	1.893797e+03
1.700000e-06	7.300907e-06	2.885234e-08	5.303619e+01	1.892659e+03
1.710000e-06	7.285511e-06	2.884314e-08	5.292435e+01	1.891478e+03
1.720000e-06	7.267836e-06	2.884295e-08	5.279595e+01	1.890220e+03
1.730000e-06	7.248088e-06	2.878511e-08	5.265249e+01	1.888837e+03
1.740000e-06	7.225685e-06	2.864624e-08	5.248975e+01	1.887276e+03
1.750000e-06	7.199928e-06	2.866195e-08	5.230265e+01	1.885494e+03
1.760000e-06	7.170819e-06	2.868734e-08	5.209119e+01	1.883457e+03
1.770000e-06	7.138973e-06	2.862844e-08	5.185985e+01	1.881155e+03
1.780000e-06	7.105068e-06	2.863935e-08	5.161355e+01	1.878596e+03
1.790000e-06	7.069467e-06	2.870454e-08	5.135493e+01	1.875806e+03
1.800000e-06	7.032305e-06	2.849513e-08	5.108498e+01	1.872824e+03
1.810000e-06	6.992823e-06	2.846019e-08	5.079817e+01	1.869692e+03
1.820000e-06	6.950609e-06	2.855939e-08	5.049151e+01	1.866446e+03
1.830000e-06	6.906167e-06	2.837747e-08	5.016867e+01	1.863107e+03
1.840000e-06	6.859203e-06	2.848772e-08	4.982750e+01	1.859675e+03
1.850000e-06	6.809562e-06	2.834184e-08	4.946690e+01	1.856123e+03
1.860000e-06	6.757369e-06	2.822209e-08	4.908775e+01	1.852406e+03
1.870000e-06	6.702365e-06	2.826851e-08	4.868818e+01	1.848459e+03
1.880000e-06	6.644901e-06	2.806998e-08	4.827075e+01	1.844209e+03
1.890000e-06	6.584960e-06	2.811064e-08	4.783531e+01	1.839588e+03
1.900000e-06	6.522362e-06	2.799043e-08	4.738058e+01	1.834541e+03
1.910000e-06	6.457344e-06	2.787726e-08	4.690827e+01	1.829035e+03
1.920000e-06	6.390014e-06	2.783672e-08	4.641916e+01	1.823069e+03
1.930000e-06	6.320291e-06	2.768565e-08	4.591267e+01	1.816666e+03
1.940000e-06	6.248003e-06	2.768804e-08	4.538755e+01	1.809879e+03
1.950000e-06	6.173314e-06	2.750586e-08	4.484498e+01	1.802775e+03
1.960000e-06	6.096119e-06	2.741191e-08	4.428421e+01	1.795428e+03
1.970000e-06	6.016437e-06	2.730807e-08	4.370538e+01	1.787902e+03
1.980000e-06	5.934643e-06	2.718051e-08	4.311120e+01	1.780243e+03
1.990000e-06	5.850785e-06	2.711218e-08	4.250203e+01	1.772467e+03
2.000000e-06	5.764815e-06	2.693913e-08	4.187751e+01	1.764556e+03
2.010000e-06	5.676651e-06	2.684791e-08	4.123706e+01	1.756458e+03
2.020000e-06	5.586563e-06	2.667418e-08	4.058263e+01	1.748095e+03
2.030000e-06	5.494625e-06	2.653938e-08	3.991476e+01	1.739371e+03
2.040000e-06	5.400612e-06	2.640829e-08	3.923182e+01	1.730189e+03
2.050000e-06	5.304675e-06	2.626621e-08	3.853490e+01	1.720461e+03
2.060000e-06	5.206987e-06	2.610422e-08	3.782527e+01	1.710127e+03
2.070000e-06	5.107538e-06	2.590557e-08	3.710284e+01	1.699154e+03
2.080000e-06	5.006195e-06	2.575316e-08	3.636665e+01	1.687550e+03
2.090000e-06	4.902932e-06	2.557019e-08	3.561651e+01	1.675353e+03
2.100000e-06	4.797900e-06	2.540446e-08	3.485352e+01	1.662625e+03
2.110000e-06	4.691342e-06	2.520594e-08	3.407945e+01	1.649441e+03
2.120000e-06	4.583275e-06	2.500163e-08	3.329442e+01	1.635868e+03
2.130000e-06	4.473605e-06	2.477068e-08	3.249774e+01	1.621952e+03
2.140000e-06	4.362189e-06	2.455059e-08	3.168838e+01	1.607703e+03
2.150000e-06	4.249046e-06	2.434099e-08	3.086647e+01	1.593091e+03
2.160000e-06	4.134291e-06	2.411621e-08	3.003285e+01	1.578041e+03
2.170000e-06	4.017844e-06	2.387546e-08	2.918694e+01	1.562438e+03
2.180000e-06	3.899745e-06	2.360903e-08	2.832903e+01	1.546143e+03
2.190000e-06	3.780101e-06	2.334052e-08	2.745990e+01	1.529007e+03
2.200000e-06	3.659009e-06	2.305452e-08	2.658024e+01	1.510890e+03
2.210000e-06	3.536546e-06	2.276904e-08	2.569063e+01	1.491679e+03
2.220000e-06	3.412818e-06	2.246292e-08	2.479183e+01	1.471298e+03
2.230000e-06	3.287847e-06	2.214071e-08	2.388400e+01	1.449719e+03
2.240000e-06	3.161646e-06	2.179433e-08	2.296724e+01	1.426956e+03
2.250000e-06	3.034252e-06	2.144256e-08	2.204180e+01	1.403052e+03
2.260000e-06	2.905654e-06	2.107866e-08	2.110763e+01	1.378064e+03
2.270000e-06	2.776003e-06	2.069558e-08	2.016580e+01	1.352036e+03
2.280000e-06	2.645431e-06	2.028861e-08	1.921728e+01	1.324976e+03
2.290000e-06	2.513919e-06	1.985443e-08	1.826193e+01	1.296831e+03
2.300000e-06	2.381524e-06	1.939788e-08	1.730018e+01	1.267473e+03
2.310000e-06	2.248287e-06	1.891479e-08	1.633230e+01	1.236692e+03
2.320000e-06	2.114236e-06	1.840767e-08	1.535851e+01	1.204201e+03
2.330000e-06	1.979484e-06	1.786553e-08	1.437962e+01	1.169652e+03
2.340000e-06	1.844106e-06	1.728999e-08	1.339619e+01	1.132666e+03
2.350000e-06	1.708072e-06	1.667744e-08	1.240800e+01	1.092865e+03
2.360000e-06	1.571366e-06	1.602463e-08	1.141492e+01	1.049911e+03
2.370000e-06	1.434114e-06	1.532888e-08	1.041788e+01	1.003540e+03
2.380000e-06	1.296456e-06	1.458719e-08	9.417884e+00	9.535942e+02
2.390000e-06	1.158444e-06	1.379353e-08	8.415321e+00	9.000337e+02
2.400000e-06	1.020023e-06	1.294292e-08	7.409781e+00	8.429443e+02
2.410000e-06	8.812284e-07	1.203798e-08	6.401533e+00	7.825243e+02
2.420000e-06	7.421379e-07	1.108064e-08	5.391134e+00	7.190603e+02
2.430000e-06	6.027613e-07	1.006960e-08	4.378656e+00	6.528921e+02
2.440000e-06	4.631557e-07	9.007540e-09	3.364515e+00	5.843728e+02
2.450000e-06	3.233706e-07	7.903358e-09	2.349070e+00	5.138283e+02
2.460000e-06	1.834133e-07	6.767844e-09	1.332375e+00	4.415242e+02
2.470000e-06	4.334966e-08	5.608515e-09	3.149062e-01	3.676428e+02
2.480000e-06	-9.671676e-08	4.438069e-09	-7.025824e-01	2.922763e+02
2.490000e-06	-2.367386e-07	3.263159e-09	-1.719747e+00	2.154353e+02
2.500000e-06	-3.766741e-07	2.079388e-09	-2.736284e+00	1.370747e+02
2.510000e-06	-5.165311e-07	8.847880e-10	-3.752252e+00	5.713082e+01
2.520000e-06	-6.562208e-07	-3.244307e-10	-4.767003e+00	-2.443227e+01
2.530000e-06	-7.956039e-07	-1.556073e-09	-5.779528e+00	-1.075758e+02
2.540000e-06	-9.347155e-07	-2.819159e-09	-6.790081e+00	-1.921443e+02
2.550000e-06	-1.073531e-06	-4.117581e-09	-7.798483e+00	-2.778350e+02
2.560000e-06	-1.211887e-06	-5.447572e-09	-8.803549e+00	-3.641839e+02
2.570000e-06	-1.349828e-06	-6.798335e-09	-9.805592e+00	-4.505718e+02
2.580000e-06	-1.487359e-06	-8.150020e-09	-1.080466e+01	-5.362489e+02
2.590000e-06	-1.624327e-06	-9.478720e-09	-1.179965e+01	-6.203788e+02
2.600000e-06	-1.760646e-06	-1.075754e-08	-1.278991e+01	-7.020941e+02
2.610000e-06	-1.896206e-06	-1.196807e-08	-1.377467e+01	-7.805601e+02
2.620000e-06	-2.031026e-06	-1.310064e-08	-1.475404e+01	-8.550376e+02
2.630000e-06	-2.165183e-06	-1.414919e-08	-1.572860e+01	-9.249383e+02
2.640000e-06	-2.298553e-06	-1.511533e-08	-1.669745e+01	-9.898662e+02
2.650000e-06	-2.430930e-06	-1.600322e-08	-1.765907e+01	-1.049640e+03
2.660000e-06	-2.562286e-06	-1.682056e-08	-1.861329e+01	-1.104297e+03
2.670000e-06	-2.692738e-06	-1.757361e-08	-1.956093e+01	-1.154071e+03
2.680000e-06	-2.822315e-06	-1.826905e-08	-2.050222e+01	-1.199360e+03
2.690000e-06	-2.950901e-06	-1.891415e-08	-2.143631e+01	-1.240674e+03
2.700000e-06	-3.078371e-06	-1.951423e-08	-2.236230e+01	-1.278580e+03
2.710000e-06	-3.204813e-06	-2.007491e-08	-2.328081e+01	-1.313646e+03
2.720000e-06	-3.330143e-06	-2.059691e-08	-2.419126e+01	-1.346390e+03
2.730000e-06	-3.454060e-06	-2.108380e-08	-2.509143e+01	-1.377245e+03
2.740000e-06	-3.576701e-06	-2.153980e-08	-2.598233e+01	-1.406532e+03
2.750000e-06	-3.698209e-06	-2.196481e-08	-2.686501e+01	-1.434458e+03
2.760000e-06	-3.818338e-06	-2.236344e-08	-2.773767e+01	-1.461121e+03
2.770000e-06	-3.937042e-06	-2.274043e-08	-2.859997e+01	-1.486536e+03
2.780000e-06	-4.054238e-06	-2.309789e-08	-2.945132e+01	-1.510662e+03
2.790000e-06	-4.169750e-06	-2.343333e-08	-3.029044e+01	-1.533436e+03
2.800000e-06	-4.283570e-06	-2.374808e-08	-3.111726e+01	-1.554805e+03
2.810000e-06	-4.395713e-06	-2.404682e-08	-3.193191e+01	-1.574752e+03
2.820000e-06	-4.506128e-06	-2.432919e-08	-3.273400e+01	-1.593309e+03
2.830000e-06	-4.614993e-06	-2.459700e-08	-3.352483e+01	-1.610563e+03
2.840000e-06	-4.722450e-06	-2.485071e-08	-3.430543e+01	-1.626653e+03
2.850000e-06	-4.828303e-06	-2.509019e-08	-3.507438e+01	-1.641748e+03
2.860000e-06	-4.932394e-06	-2.531764e-08	-3.583054e+01	-1.656034e+03
2.870000e-06	-5.034616e-06	-2.553555e-08	-3.657311e+01	-1.669687e+03
2.880000e-06	-5.134894e-06	-2.574640e-08	-3.730156e+01	-1.682855e+03
2.890000e-06	-5.233391e-06	-2.594920e-08	-3.801707e+01	-1.695640e+03
2.900000e-06	-5.330155e-06	-2.613974e-08	-3.872000e+01	-1.708092e+03
2.910000e-06	-5.424981e-06	-2.631933e-08	-3.940885e+01	-1.720210e+03
2.920000e-06	-5.517743e-06	-2.649035e-08	-4.008270e+01	-1.731946e+03
2.930000e-06	-5.608552e-06	-2.665316e-08	-4.074236e+01	-1.743227e+03
2.940000e-06	-5.697487e-06	-2.680779e-08	-4.138842e+01	-1.753964e+03
2.950000e-06	-5.784287e-06	-2.695501e-08	-4.201896e+01	-1.764080e+03
2.960000e-06	-5.868836e-06	-2.709430e-08	-4.263315e+01	-1.773520e+03
2.970000e-06	-5.951312e-06	-2.722537e-08	-4.323228e+01	-1.782263e+03
2.980000e-06	-6.031772e-06	-2.735008e-08	-4.381678e+01	-1.790330e+03
2.990000e-06	-6.109967e-06	-2.746831e-08	-4.438481e+01	-1.797781e+03
3.000000e-06	-6.185666e-06	-2.758063e-08	-4.493471e+01	-1.804703e+03
3.010000e-06	-6.259018e-06	-2.768640e-08	-4.546757e+01	-1.811203e+03
3.020000e-06	-6.330176e-06	-2.778527e-08	-4.598448e+01	-1.817386e+03
3.030000e-06	-6.398997e-06	-2.787819e-08	-4.648442e+01	-1.823347e+03
3.040000e-06	-6.465527e-06	-2.796860e-08	-4.696772e+01	-1.829152e+03
3.050000e-06	-6.529897e-06	-2.805615e-08	-4.743532e+01	-1.834835e+03
3.060000e-06	-6.591899e-06	-2.813816e-08	-4.788572e+01	-1.840394e+03
3.070000e-06	-6.651446e-06	-2.821365e-08	-4.831829e+01	-1.845795e+03
3.080000e-06	-6.708676e-06	-2.828338e-08	-4.873403e+01	-1.850981e+03
3.090000e-06	-6.763570e-06	-2.834994e-08	-4.913280e+01	-1.855887e+03
3.100000e-06	-6.815830e-06	-2.841464e-08	-4.951243e+01	-1.860446e+03
3.110000e-06	-6.865148e-06	-2.847408e-08	-4.987069e+01	-1.864610e+03
3.120000e-06	-6.911755e-06	-2.853226e-08	-5.020926e+01	-1.868354e+03
3.130000e-06	-6.956100e-06	-2.858812e-08	-5.053140e+01	-1.871680e+03
3.140000e-06	-6.998213e-06	-2.863811e-08	-5.083732e+01	-1.874619e+03
3.150000e-06	-7.037960e-06	-2.868178e-08	-5.112606e+01	-1.877226e+03
3.160000e-06	-7.075208e-06	-2.872145e-08	-5.139664e+01	-1.879567e+03
3.170000e-06	-7.109909e-06	-2.875926e-08	-5.164872e+01	-1.881713e+03
3.180000e-06	-7.142163e-06	-2.879227e-08	-5.188302e+01	-1.883722e+03
3.190000e-06	-7.171792e-06	-2.882075e-08	-5.209826e+01	-1.885636e+03
3.200000e-06	-7.198782e-06	-2.884477e-08	-5.229432e+01	-1.887471e+03
3.210000e-06	-7.223241e-06	-2.886613e-08	-5.247200e+01	-1.889218e+03
3.220000e-06	-7.244983e-06	-2.888560e-08	-5.262994e+01	-1.890841e+03
3.230000e-06	-7.264102e-06	-2.890241e-08	-5.276883e+01	-1.892291e+03
3.240000e-06	-7.280735e-06	-2.891421e-08	-5.288966e+01	-1.893509e+03
3.250000e-06	-7.294542e-06	-2.892251e-08	-5.298995e+01	-1.894441e+03
3.260000e-06	-7.305439e-06	-2.892653e-08	-5.306911e+01	-1.895048e+03
3.270000e-06	-7.313702e-06	-2.892735e-08	-5.312914e+01	-1.895309e+03
3.280000e-06	-7.319297e-06	-2.892583e-08	-5.316978e+01	-1.895231e+03
3.290000e-06	-7.322281e-06	-2.892287e-08	-5.319146e+01	-1.894845e+03
3.300000e-06	-7.322808e-06	-2.891470e-08	-5.319528e+01	-1.894199e+03
