# Temperatura_=_86.77
# Concentracion g/m^3_=_28370.0
# C_Vs_to_Am_M_A/Vsm_=_65563218390.804596
# pendiente_HvsI_1/m_=_3716.3
# ordenada_HvsI_A/m_=_1297.0
# frecuencia_Hz_=_302392.08474482206

Tiempo_(s)	Campo_(V.s)	Magnetizacion_(V.s)	Campo_(kA/m)	Magnetizacion_(A/m)
0.000000e+00	-7.302836e-06	-2.838817e-08	-5.318940e+01	-1.859215e+03
1.000000e-08	-7.299375e-06	-2.838485e-08	-5.316419e+01	-1.858292e+03
2.000000e-08	-7.293507e-06	-2.837015e-08	-5.312146e+01	-1.857262e+03
3.000000e-08	-7.285370e-06	-2.835163e-08	-5.306219e+01	-1.856174e+03
4.000000e-08	-7.274746e-06	-2.833322e-08	-5.298482e+01	-1.855056e+03
5.000000e-08	-7.261336e-06	-2.831272e-08	-5.288714e+01	-1.853916e+03
6.000000e-08	-7.245159e-06	-2.828678e-08	-5.276932e+01	-1.852737e+03
7.000000e-08	-7.226679e-06	-2.825762e-08	-5.263472e+01	-1.851485e+03
8.000000e-08	-7.206202e-06	-2.823198e-08	-5.248558e+01	-1.850114e+03
9.000000e-08	-7.183280e-06	-2.826863e-08	-5.231863e+01	-1.848574e+03
1.000000e-07	-7.157390e-06	-2.826251e-08	-5.213006e+01	-1.846821e+03
1.100000e-07	-7.128608e-06	-2.817184e-08	-5.192043e+01	-1.844826e+03
1.200000e-07	-7.097276e-06	-2.810974e-08	-5.169223e+01	-1.842575e+03
1.300000e-07	-7.063473e-06	-2.807358e-08	-5.144603e+01	-1.840077e+03
1.400000e-07	-7.027438e-06	-2.799323e-08	-5.118357e+01	-1.837354e+03
1.500000e-07	-6.989581e-06	-2.789318e-08	-5.090785e+01	-1.834440e+03
1.600000e-07	-6.949651e-06	-2.796900e-08	-5.061702e+01	-1.831372e+03
1.700000e-07	-6.907204e-06	-2.792526e-08	-5.030786e+01	-1.828180e+03
1.800000e-07	-6.862369e-06	-2.776344e-08	-4.998131e+01	-1.824881e+03
1.900000e-07	-6.815099e-06	-2.780958e-08	-4.963703e+01	-1.821470e+03
2.000000e-07	-6.765035e-06	-2.771967e-08	-4.927238e+01	-1.817921e+03
2.100000e-07	-6.712222e-06	-2.760804e-08	-4.888773e+01	-1.814188e+03
2.200000e-07	-6.656869e-06	-2.755772e-08	-4.848457e+01	-1.810213e+03
2.300000e-07	-6.599009e-06	-2.746673e-08	-4.806315e+01	-1.805929e+03
2.400000e-07	-6.538682e-06	-2.743650e-08	-4.762377e+01	-1.801275e+03
2.500000e-07	-6.475956e-06	-2.733041e-08	-4.716691e+01	-1.796207e+03
2.600000e-07	-6.410810e-06	-2.725376e-08	-4.669243e+01	-1.790701e+03
2.700000e-07	-6.343218e-06	-2.717722e-08	-4.620013e+01	-1.784760e+03
2.800000e-07	-6.273296e-06	-2.706809e-08	-4.569086e+01	-1.778413e+03
2.900000e-07	-6.201012e-06	-2.696449e-08	-4.516439e+01	-1.771714e+03
3.000000e-07	-6.126138e-06	-2.687109e-08	-4.461905e+01	-1.764727e+03
3.100000e-07	-6.048690e-06	-2.681044e-08	-4.405497e+01	-1.757520e+03
3.200000e-07	-5.968784e-06	-2.668573e-08	-4.347298e+01	-1.750150e+03
3.300000e-07	-5.886655e-06	-2.656678e-08	-4.287481e+01	-1.742652e+03
3.400000e-07	-5.802597e-06	-2.643760e-08	-4.226258e+01	-1.735034e+03
3.500000e-07	-5.716695e-06	-2.629462e-08	-4.163692e+01	-1.727269e+03
3.600000e-07	-5.628812e-06	-2.618995e-08	-4.099683e+01	-1.719300e+03
3.700000e-07	-5.538818e-06	-2.606662e-08	-4.034137e+01	-1.711047e+03
3.800000e-07	-5.446818e-06	-2.592317e-08	-3.967130e+01	-1.702416e+03
3.900000e-07	-5.352932e-06	-2.576646e-08	-3.898749e+01	-1.693312e+03
4.000000e-07	-5.257126e-06	-2.561290e-08	-3.828970e+01	-1.683656e+03
4.100000e-07	-5.159440e-06	-2.545095e-08	-3.757821e+01	-1.673394e+03
4.200000e-07	-5.059929e-06	-2.529370e-08	-3.685343e+01	-1.662502e+03
4.300000e-07	-4.958689e-06	-2.514075e-08	-3.611606e+01	-1.650993e+03
4.400000e-07	-4.855648e-06	-2.496612e-08	-3.536558e+01	-1.638911e+03
4.500000e-07	-4.750858e-06	-2.477198e-08	-3.460235e+01	-1.626320e+03
4.600000e-07	-4.644423e-06	-2.457329e-08	-3.382714e+01	-1.613289e+03
4.700000e-07	-4.536293e-06	-2.437812e-08	-3.303959e+01	-1.599882e+03
4.800000e-07	-4.426609e-06	-2.417835e-08	-3.224072e+01	-1.586139e+03
4.900000e-07	-4.315291e-06	-2.396595e-08	-3.142995e+01	-1.572063e+03
5.000000e-07	-4.202307e-06	-2.373574e-08	-3.060704e+01	-1.557616e+03
5.100000e-07	-4.087601e-06	-2.349133e-08	-2.977160e+01	-1.542718e+03
5.200000e-07	-3.971197e-06	-2.323853e-08	-2.892378e+01	-1.527255e+03
5.300000e-07	-3.853340e-06	-2.298415e-08	-2.806538e+01	-1.511088e+03
5.400000e-07	-3.734018e-06	-2.272236e-08	-2.719631e+01	-1.494075e+03
5.500000e-07	-3.613268e-06	-2.244687e-08	-2.631684e+01	-1.476083e+03
5.600000e-07	-3.491156e-06	-2.215600e-08	-2.542745e+01	-1.457010e+03
5.700000e-07	-3.367615e-06	-2.185134e-08	-2.452766e+01	-1.436791e+03
5.800000e-07	-3.242862e-06	-2.153088e-08	-2.361903e+01	-1.415406e+03
5.900000e-07	-3.117054e-06	-2.119553e-08	-2.270272e+01	-1.392873e+03
6.000000e-07	-2.990095e-06	-2.084607e-08	-2.177802e+01	-1.369239e+03
6.100000e-07	-2.861982e-06	-2.047706e-08	-2.084493e+01	-1.344557e+03
6.200000e-07	-2.732837e-06	-2.008928e-08	-1.990432e+01	-1.318864e+03
6.300000e-07	-2.602730e-06	-1.968337e-08	-1.895670e+01	-1.292157e+03
6.400000e-07	-2.471578e-06	-1.925833e-08	-1.800147e+01	-1.264371e+03
6.500000e-07	-2.339373e-06	-1.880633e-08	-1.703856e+01	-1.235368e+03
6.600000e-07	-2.206391e-06	-1.832561e-08	-1.607001e+01	-1.204927e+03
6.700000e-07	-2.072846e-06	-1.781634e-08	-1.509735e+01	-1.172757e+03
6.800000e-07	-1.938606e-06	-1.727984e-08	-1.411962e+01	-1.138509e+03
6.900000e-07	-1.803574e-06	-1.671278e-08	-1.313613e+01	-1.101811e+03
7.000000e-07	-1.667846e-06	-1.610765e-08	-1.214757e+01	-1.062299e+03
7.100000e-07	-1.531540e-06	-1.545973e-08	-1.115480e+01	-1.019652e+03
7.200000e-07	-1.394712e-06	-1.476412e-08	-1.015823e+01	-9.736276e+02
7.300000e-07	-1.257441e-06	-1.402379e-08	-9.158434e+00	-9.240897e+02
7.400000e-07	-1.119766e-06	-1.323450e-08	-8.155690e+00	-8.710195e+02
7.500000e-07	-9.817157e-07	-1.239550e-08	-7.150218e+00	-8.145191e+02
7.600000e-07	-8.433332e-07	-1.150527e-08	-6.142324e+00	-7.547974e+02
7.700000e-07	-7.045784e-07	-1.055887e-08	-5.131719e+00	-6.921445e+02
7.800000e-07	-5.655123e-07	-9.555820e-09	-4.118847e+00	-6.268968e+02
7.900000e-07	-4.261972e-07	-8.504446e-09	-3.104160e+00	-5.593971e+02
8.000000e-07	-2.866330e-07	-7.416737e-09	-2.087660e+00	-4.899568e+02
8.100000e-07	-1.468738e-07	-6.301505e-09	-1.069739e+00	-4.188242e+02
8.200000e-07	-6.988758e-09	-5.169526e-09	-5.090185e-02	-3.461651e+02
8.300000e-07	1.329055e-07	-4.028567e-09	9.680027e-01	-2.720579e+02
8.400000e-07	2.727399e-07	-2.883500e-09	1.986471e+00	-1.965047e+02
8.500000e-07	4.124927e-07	-1.730576e-09	3.004345e+00	-1.194585e+02
8.600000e-07	5.521415e-07	-5.657248e-10	4.021462e+00	-4.086080e+01
8.700000e-07	6.915695e-07	6.161723e-10	5.036970e+00	3.931302e+01
8.800000e-07	8.306573e-07	1.825046e-09	6.050001e+00	1.210082e+02
8.900000e-07	9.694064e-07	3.068926e-09	7.060564e+00	2.040512e+02
9.000000e-07	1.107775e-06	4.348541e-09	8.068359e+00	2.881223e+02
9.100000e-07	1.245714e-06	5.654389e-09	9.073022e+00	3.727450e+02
9.200000e-07	1.383199e-06	6.974851e-09	1.007438e+01	4.572941e+02
9.300000e-07	1.520192e-06	8.288290e-09	1.107215e+01	5.410233e+02
9.400000e-07	1.656612e-06	9.570172e-09	1.206575e+01	6.231094e+02
9.500000e-07	1.792387e-06	1.080007e-08	1.305465e+01	7.027086e+02
9.600000e-07	1.927457e-06	1.196338e-08	1.403842e+01	7.790180e+02
9.700000e-07	2.061709e-06	1.304760e-08	1.501623e+01	8.513367e+02
9.800000e-07	2.195189e-06	1.404813e-08	1.598842e+01	9.191172e+02
9.900000e-07	2.328008e-06	1.497156e-08	1.695579e+01	9.820039e+02
1.000000e-06	2.460075e-06	1.582352e-08	1.791769e+01	1.039852e+03
1.010000e-06	2.591200e-06	1.660750e-08	1.887272e+01	1.092728e+03
1.020000e-06	2.721160e-06	1.732893e-08	1.981927e+01	1.140884e+03
1.030000e-06	2.850001e-06	1.799636e-08	2.075767e+01	1.184728e+03
1.040000e-06	2.977810e-06	1.861834e-08	2.168855e+01	1.224769e+03
1.050000e-06	3.104548e-06	1.919484e-08	2.261163e+01	1.261561e+03
1.060000e-06	3.230249e-06	1.972982e-08	2.352716e+01	1.295655e+03
1.070000e-06	3.354911e-06	2.023088e-08	2.443513e+01	1.327544e+03
1.080000e-06	3.478514e-06	2.070071e-08	2.533538e+01	1.357638e+03
1.090000e-06	3.600859e-06	2.114076e-08	2.622646e+01	1.386232e+03
1.100000e-06	3.721763e-06	2.155260e-08	2.710705e+01	1.413514e+03
1.110000e-06	3.841246e-06	2.194191e-08	2.797729e+01	1.439566e+03
1.120000e-06	3.959354e-06	2.231047e-08	2.883752e+01	1.464393e+03
1.130000e-06	4.076095e-06	2.265543e-08	2.968779e+01	1.487952e+03
1.140000e-06	4.191272e-06	2.297833e-08	3.052667e+01	1.510181e+03
1.150000e-06	4.304675e-06	2.328383e-08	3.135263e+01	1.531033e+03
1.160000e-06	4.416369e-06	2.357393e-08	3.216614e+01	1.550496e+03
1.170000e-06	4.526531e-06	2.384859e-08	3.296849e+01	1.568610e+03
1.180000e-06	4.635265e-06	2.411031e-08	3.376044e+01	1.585468e+03
1.190000e-06	4.742482e-06	2.436110e-08	3.454134e+01	1.601207e+03
1.200000e-06	4.847926e-06	2.459948e-08	3.530933e+01	1.615996e+03
1.210000e-06	4.951570e-06	2.482468e-08	3.606421e+01	1.630017e+03
1.220000e-06	5.053467e-06	2.503583e-08	3.680637e+01	1.643436e+03
1.230000e-06	5.153594e-06	2.523683e-08	3.753564e+01	1.656390e+03
1.240000e-06	5.251777e-06	2.542836e-08	3.825074e+01	1.668972e+03
1.250000e-06	5.347823e-06	2.560964e-08	3.895028e+01	1.681222e+03
1.260000e-06	5.441932e-06	2.578204e-08	3.963572e+01	1.693131e+03
1.270000e-06	5.534300e-06	2.594798e-08	4.030847e+01	1.704647e+03
1.280000e-06	5.624705e-06	2.610830e-08	4.096692e+01	1.715695e+03
1.290000e-06	5.712898e-06	2.626166e-08	4.160926e+01	1.726189e+03
1.300000e-06	5.799003e-06	2.640989e-08	4.223640e+01	1.736056e+03
1.310000e-06	5.883204e-06	2.655100e-08	4.284967e+01	1.745247e+03
1.320000e-06	5.965384e-06	2.668281e-08	4.344821e+01	1.753749e+03
1.330000e-06	6.045278e-06	2.680558e-08	4.403012e+01	1.761590e+03
1.340000e-06	6.122905e-06	2.692069e-08	4.459551e+01	1.768834e+03
1.350000e-06	6.198261e-06	2.703048e-08	4.514435e+01	1.775573e+03
1.360000e-06	6.271177e-06	2.713548e-08	4.567543e+01	1.781915e+03
1.370000e-06	6.341769e-06	2.723687e-08	4.618958e+01	1.787964e+03
1.380000e-06	6.410229e-06	2.733287e-08	4.668820e+01	1.793812e+03
1.390000e-06	6.476400e-06	2.742195e-08	4.717014e+01	1.799521e+03
1.400000e-06	6.540166e-06	2.750557e-08	4.763458e+01	1.805121e+03
1.410000e-06	6.601678e-06	2.758334e-08	4.808260e+01	1.810604e+03
1.420000e-06	6.660977e-06	2.765691e-08	4.851449e+01	1.815934e+03
1.430000e-06	6.717891e-06	2.772777e-08	4.892902e+01	1.821052e+03
1.440000e-06	6.772381e-06	2.779562e-08	4.932589e+01	1.825889e+03
1.450000e-06	6.824253e-06	2.786053e-08	4.970370e+01	1.830380e+03
1.460000e-06	6.873259e-06	2.792206e-08	5.006063e+01	1.834477e+03
1.470000e-06	6.919665e-06	2.798021e-08	5.039862e+01	1.838154e+03
1.480000e-06	6.963756e-06	2.803482e-08	5.071975e+01	1.841417e+03
1.490000e-06	7.005339e-06	2.808562e-08	5.102262e+01	1.844295e+03
1.500000e-06	7.044310e-06	2.813171e-08	5.130646e+01	1.846842e+03
1.510000e-06	7.080952e-06	2.817418e-08	5.157333e+01	1.849126e+03
1.520000e-06	7.115165e-06	2.821285e-08	5.182252e+01	1.851212e+03
1.530000e-06	7.146725e-06	2.824675e-08	5.205238e+01	1.853161e+03
1.540000e-06	7.175823e-06	2.827596e-08	5.226432e+01	1.855012e+03
1.550000e-06	7.202400e-06	2.830036e-08	5.245789e+01	1.856779e+03
1.560000e-06	7.226189e-06	2.832165e-08	5.263115e+01	1.858452e+03
1.570000e-06	7.247371e-06	2.834090e-08	5.278543e+01	1.859998e+03
1.580000e-06	7.266145e-06	2.835723e-08	5.292217e+01	1.861367e+03
1.590000e-06	7.282329e-06	2.836961e-08	5.304004e+01	1.862504e+03
1.600000e-06	7.295730e-06	2.837710e-08	5.313765e+01	1.863358e+03
1.610000e-06	7.306218e-06	2.838222e-08	5.321404e+01	1.863891e+03
1.620000e-06	7.313862e-06	2.838704e-08	5.326971e+01	1.864086e+03
1.630000e-06	7.318945e-06	2.839065e-08	5.330673e+01	1.863951e+03
1.640000e-06	7.321481e-06	2.839205e-08	5.332520e+01	1.863517e+03
1.650000e-06	7.321401e-06	2.839264e-08	5.332462e+01	1.862834e+03
1.660000e-06	7.318848e-06	2.838080e-08	5.330603e+01	1.861962e+03
1.670000e-06	7.313885e-06	2.836616e-08	5.326987e+01	1.860963e+03
1.680000e-06	7.306422e-06	2.835237e-08	5.321552e+01	1.859890e+03
1.690000e-06	7.296554e-06	2.833572e-08	5.314365e+01	1.858779e+03
1.700000e-06	7.284204e-06	2.832197e-08	5.305370e+01	1.857646e+03
1.710000e-06	7.269172e-06	2.831102e-08	5.294422e+01	1.856483e+03
1.720000e-06	7.251738e-06	2.830394e-08	5.281723e+01	1.855260e+03
1.730000e-06	7.232273e-06	2.826399e-08	5.267547e+01	1.853936e+03
1.740000e-06	7.210395e-06	2.814435e-08	5.251612e+01	1.852460e+03
1.750000e-06	7.185323e-06	2.812360e-08	5.233351e+01	1.850787e+03
1.760000e-06	7.156858e-06	2.814779e-08	5.212619e+01	1.848879e+03
1.770000e-06	7.125501e-06	2.810781e-08	5.189780e+01	1.846719e+03
1.780000e-06	7.091963e-06	2.810300e-08	5.165354e+01	1.844305e+03
1.790000e-06	7.056718e-06	2.817528e-08	5.139683e+01	1.841658e+03
1.800000e-06	7.019889e-06	2.803770e-08	5.112859e+01	1.838806e+03
1.810000e-06	6.980856e-06	2.793287e-08	5.084430e+01	1.835788e+03
1.820000e-06	6.939149e-06	2.802639e-08	5.054052e+01	1.832636e+03
1.830000e-06	6.895105e-06	2.788423e-08	5.021974e+01	1.829373e+03
1.840000e-06	6.848621e-06	2.792307e-08	4.988118e+01	1.826003e+03
1.850000e-06	6.799554e-06	2.788671e-08	4.952380e+01	1.822506e+03
1.860000e-06	6.747909e-06	2.775757e-08	4.914765e+01	1.818844e+03
1.870000e-06	6.693508e-06	2.777571e-08	4.875143e+01	1.814961e+03
1.880000e-06	6.636671e-06	2.759288e-08	4.833746e+01	1.810793e+03
1.890000e-06	6.577365e-06	2.757615e-08	4.790551e+01	1.806277e+03
1.900000e-06	6.515396e-06	2.750383e-08	4.745417e+01	1.801359e+03
1.910000e-06	6.450958e-06	2.736174e-08	4.698484e+01	1.796009e+03
1.920000e-06	6.384128e-06	2.735327e-08	4.649809e+01	1.790220e+03
1.930000e-06	6.314931e-06	2.722655e-08	4.599410e+01	1.784012e+03
1.940000e-06	6.243271e-06	2.716583e-08	4.547218e+01	1.777430e+03
1.950000e-06	6.169184e-06	2.702597e-08	4.493257e+01	1.770537e+03
1.960000e-06	6.092599e-06	2.691713e-08	4.437477e+01	1.763400e+03
1.970000e-06	6.013449e-06	2.683439e-08	4.379830e+01	1.756081e+03
1.980000e-06	5.932123e-06	2.669950e-08	4.320596e+01	1.748625e+03
1.990000e-06	5.848759e-06	2.664137e-08	4.259879e+01	1.741050e+03
2.000000e-06	5.763264e-06	2.648772e-08	4.197610e+01	1.733341e+03
2.010000e-06	5.675621e-06	2.635998e-08	4.133776e+01	1.725452e+03
2.020000e-06	5.585965e-06	2.620889e-08	4.068476e+01	1.717309e+03
2.030000e-06	5.494378e-06	2.607222e-08	4.001770e+01	1.708823e+03
2.040000e-06	5.400893e-06	2.595915e-08	3.933681e+01	1.699896e+03
2.050000e-06	5.305491e-06	2.581929e-08	3.864196e+01	1.690444e+03
2.060000e-06	5.208222e-06	2.567706e-08	3.793351e+01	1.680401e+03
2.070000e-06	5.109261e-06	2.548378e-08	3.721274e+01	1.669733e+03
2.080000e-06	5.008488e-06	2.531217e-08	3.647877e+01	1.658440e+03
2.090000e-06	4.905854e-06	2.513496e-08	3.573124e+01	1.646555e+03
2.100000e-06	4.801398e-06	2.496845e-08	3.497046e+01	1.634136e+03
2.110000e-06	4.695334e-06	2.478456e-08	3.419795e+01	1.621252e+03
2.120000e-06	4.587755e-06	2.458394e-08	3.341441e+01	1.607973e+03
2.130000e-06	4.478597e-06	2.436908e-08	3.261937e+01	1.594346e+03
2.140000e-06	4.367829e-06	2.414852e-08	3.181260e+01	1.580389e+03
2.150000e-06	4.255376e-06	2.393509e-08	3.099356e+01	1.566080e+03
2.160000e-06	4.141233e-06	2.371478e-08	3.016222e+01	1.551354e+03
2.170000e-06	4.025380e-06	2.348387e-08	2.931841e+01	1.536106e+03
2.180000e-06	3.907909e-06	2.322665e-08	2.846283e+01	1.520206e+03
2.190000e-06	3.788853e-06	2.296162e-08	2.759569e+01	1.503510e+03
2.200000e-06	3.668257e-06	2.268038e-08	2.671735e+01	1.485880e+03
2.210000e-06	3.546310e-06	2.239540e-08	2.582916e+01	1.467201e+03
2.220000e-06	3.423082e-06	2.209731e-08	2.493164e+01	1.447394e+03
2.230000e-06	3.298558e-06	2.178760e-08	2.402468e+01	1.426424e+03
2.240000e-06	3.172842e-06	2.145932e-08	2.310905e+01	1.404295e+03
2.250000e-06	3.045975e-06	2.111567e-08	2.218503e+01	1.381047e+03
2.260000e-06	2.917854e-06	2.075908e-08	2.125187e+01	1.356732e+03
2.270000e-06	2.788658e-06	2.038278e-08	2.031088e+01	1.331396e+03
2.280000e-06	2.658529e-06	1.998705e-08	1.936310e+01	1.305054e+03
2.290000e-06	2.527430e-06	1.956871e-08	1.840826e+01	1.277664e+03
2.300000e-06	2.395451e-06	1.912863e-08	1.744700e+01	1.249116e+03
2.310000e-06	2.262642e-06	1.865952e-08	1.647970e+01	1.219217e+03
2.320000e-06	2.129089e-06	1.816307e-08	1.550699e+01	1.187700e+03
2.330000e-06	1.994884e-06	1.763406e-08	1.452952e+01	1.154235e+03
2.340000e-06	1.860002e-06	1.707379e-08	1.354712e+01	1.118454e+03
2.350000e-06	1.724390e-06	1.648028e-08	1.255940e+01	1.079985e+03
2.360000e-06	1.588102e-06	1.584979e-08	1.156677e+01	1.038489e+03
2.370000e-06	1.451286e-06	1.517907e-08	1.057028e+01	9.936913e+02
2.380000e-06	1.314045e-06	1.446013e-08	9.570700e+00	9.454154e+02
2.390000e-06	1.176438e-06	1.368757e-08	8.568458e+00	8.935998e+02
2.400000e-06	1.038437e-06	1.286089e-08	7.563344e+00	8.383042e+02
2.410000e-06	9.000715e-07	1.198286e-08	6.555572e+00	7.797018e+02
2.420000e-06	7.614119e-07	1.105448e-08	5.545660e+00	7.180574e+02
2.430000e-06	6.224680e-07	1.007406e-08	4.533677e+00	6.536952e+02
2.440000e-06	4.832736e-07	9.042706e-09	3.519870e+00	5.869603e+02
2.450000e-06	3.438929e-07	7.966605e-09	2.504706e+00	5.181793e+02
2.460000e-06	2.043568e-07	6.856112e-09	1.488410e+00	4.476261e+02
2.470000e-06	6.467262e-08	5.723519e-09	4.710359e-01	3.754974e+02
2.480000e-06	-7.504105e-08	4.578150e-09	-5.465532e-01	3.019022e+02
2.490000e-06	-2.146771e-07	3.425778e-09	-1.563577e+00	2.268676e+02
2.500000e-06	-3.542770e-07	2.268310e-09	-2.580337e+00	1.503603e+02
2.510000e-06	-4.937769e-07	1.101750e-09	-3.596370e+00	7.232094e+01
2.520000e-06	-6.330857e-07	-7.992249e-11	-4.611010e+00	-7.292598e+00
2.530000e-06	-7.721852e-07	-1.284838e-09	-5.624126e+00	-8.845883e+01
2.540000e-06	-9.110202e-07	-2.519744e-09	-6.635315e+00	-1.710505e+02
2.550000e-06	-1.049503e-06	-3.786192e-09	-7.643940e+00	-2.548024e+02
2.560000e-06	-1.187565e-06	-5.081935e-09	-8.649500e+00	-3.392939e+02
2.570000e-06	-1.325229e-06	-6.399179e-09	-9.652161e+00	-4.239508e+02
2.580000e-06	-1.462496e-06	-7.722817e-09	-1.065193e+01	-5.080658e+02
2.590000e-06	-1.599292e-06	-9.029875e-09	-1.164827e+01	-5.908372e+02
2.600000e-06	-1.735508e-06	-1.029473e-08	-1.264038e+01	-6.714216e+02
2.610000e-06	-1.870968e-06	-1.149609e-08	-1.362699e+01	-7.489943e+02
2.620000e-06	-2.005551e-06	-1.262032e-08	-1.460721e+01	-8.228114e+02
2.630000e-06	-2.139346e-06	-1.366123e-08	-1.558169e+01	-8.922654e+02
2.640000e-06	-2.272401e-06	-1.462151e-08	-1.655078e+01	-9.569291e+02
2.650000e-06	-2.404609e-06	-1.550595e-08	-1.751371e+01	-1.016581e+03
2.660000e-06	-2.535864e-06	-1.632059e-08	-1.846969e+01	-1.071214e+03
2.670000e-06	-2.666170e-06	-1.707049e-08	-1.941876e+01	-1.121018e+03
2.680000e-06	-2.795600e-06	-1.776339e-08	-2.036145e+01	-1.166349e+03
2.690000e-06	-2.924072e-06	-1.840806e-08	-2.129716e+01	-1.207687e+03
2.700000e-06	-3.051407e-06	-1.900828e-08	-2.222459e+01	-1.245576e+03
2.710000e-06	-3.177590e-06	-1.956879e-08	-2.314363e+01	-1.280574e+03
2.720000e-06	-3.302708e-06	-2.009001e-08	-2.405491e+01	-1.313201e+03
2.730000e-06	-3.426584e-06	-2.057398e-08	-2.495714e+01	-1.343897e+03
2.740000e-06	-3.549124e-06	-2.102552e-08	-2.584965e+01	-1.373001e+03
2.750000e-06	-3.670460e-06	-2.144741e-08	-2.673339e+01	-1.400738e+03
2.760000e-06	-3.790575e-06	-2.184321e-08	-2.760824e+01	-1.427227e+03
2.770000e-06	-3.909243e-06	-2.221707e-08	-2.847254e+01	-1.452496e+03
2.780000e-06	-4.026321e-06	-2.257162e-08	-2.932527e+01	-1.476516e+03
2.790000e-06	-4.141801e-06	-2.290609e-08	-3.016635e+01	-1.499229e+03
2.800000e-06	-4.255577e-06	-2.322101e-08	-3.099503e+01	-1.520577e+03
2.810000e-06	-4.367620e-06	-2.351937e-08	-3.181108e+01	-1.540536e+03
2.820000e-06	-4.477970e-06	-2.380197e-08	-3.261480e+01	-1.559125e+03
2.830000e-06	-4.586773e-06	-2.406922e-08	-3.340725e+01	-1.576419e+03
2.840000e-06	-4.694149e-06	-2.432198e-08	-3.418932e+01	-1.592540e+03
2.850000e-06	-4.799992e-06	-2.456115e-08	-3.496022e+01	-1.607650e+03
2.860000e-06	-4.904169e-06	-2.478894e-08	-3.571898e+01	-1.621926e+03
2.870000e-06	-5.006423e-06	-2.500685e-08	-3.646373e+01	-1.635544e+03
2.880000e-06	-5.106716e-06	-2.521586e-08	-3.719421e+01	-1.648652e+03
2.890000e-06	-5.205267e-06	-2.541672e-08	-3.791199e+01	-1.661361e+03
2.900000e-06	-5.302044e-06	-2.560751e-08	-3.861685e+01	-1.673730e+03
2.910000e-06	-5.396888e-06	-2.578647e-08	-3.930764e+01	-1.685766e+03
2.920000e-06	-5.489683e-06	-2.595585e-08	-3.998350e+01	-1.697431e+03
2.930000e-06	-5.580539e-06	-2.611851e-08	-4.064524e+01	-1.708657e+03
2.940000e-06	-5.669485e-06	-2.627392e-08	-4.129307e+01	-1.719360e+03
2.950000e-06	-5.756304e-06	-2.642138e-08	-4.192540e+01	-1.729460e+03
2.960000e-06	-5.840941e-06	-2.656007e-08	-4.254185e+01	-1.738897e+03
2.970000e-06	-5.923535e-06	-2.669107e-08	-4.314341e+01	-1.747645e+03
2.980000e-06	-6.004145e-06	-2.681539e-08	-4.373053e+01	-1.755718e+03
2.990000e-06	-6.082443e-06	-2.693268e-08	-4.430081e+01	-1.763167e+03
3.000000e-06	-6.158220e-06	-2.704428e-08	-4.485271e+01	-1.770076e+03
3.010000e-06	-6.231702e-06	-2.715009e-08	-4.538792e+01	-1.776549e+03
3.020000e-06	-6.302970e-06	-2.725099e-08	-4.590699e+01	-1.782692e+03
3.030000e-06	-6.371932e-06	-2.734581e-08	-4.640927e+01	-1.788605e+03
3.040000e-06	-6.438612e-06	-2.743646e-08	-4.689492e+01	-1.794360e+03
3.050000e-06	-6.503147e-06	-2.752328e-08	-4.736496e+01	-1.799999e+03
3.060000e-06	-6.565386e-06	-2.760472e-08	-4.781827e+01	-1.805528e+03
3.070000e-06	-6.625189e-06	-2.768080e-08	-4.825384e+01	-1.810920e+03
3.080000e-06	-6.682689e-06	-2.775101e-08	-4.867263e+01	-1.816123e+03
3.090000e-06	-6.737866e-06	-2.781787e-08	-4.907450e+01	-1.821069e+03
3.100000e-06	-6.790434e-06	-2.788362e-08	-4.945738e+01	-1.825692e+03
3.110000e-06	-6.840090e-06	-2.794586e-08	-4.981905e+01	-1.829935e+03
3.120000e-06	-6.886960e-06	-2.800472e-08	-5.016042e+01	-1.833765e+03
3.130000e-06	-6.931535e-06	-2.806019e-08	-5.048508e+01	-1.837174e+03
3.140000e-06	-6.973957e-06	-2.811008e-08	-5.079405e+01	-1.840186e+03
3.150000e-06	-7.014059e-06	-2.815386e-08	-5.108613e+01	-1.842845e+03
3.160000e-06	-7.051609e-06	-2.819375e-08	-5.135962e+01	-1.845217e+03
3.170000e-06	-7.086567e-06	-2.823074e-08	-5.161423e+01	-1.847368e+03
3.180000e-06	-7.119034e-06	-2.826305e-08	-5.185070e+01	-1.849362e+03
3.190000e-06	-7.148891e-06	-2.829153e-08	-5.206816e+01	-1.851245e+03
3.200000e-06	-7.176158e-06	-2.831841e-08	-5.226675e+01	-1.853044e+03
3.210000e-06	-7.200941e-06	-2.834211e-08	-5.244726e+01	-1.854754e+03
3.220000e-06	-7.223076e-06	-2.836113e-08	-5.260848e+01	-1.856352e+03
3.230000e-06	-7.242564e-06	-2.837685e-08	-5.275042e+01	-1.857792e+03
3.240000e-06	-7.259572e-06	-2.839021e-08	-5.287430e+01	-1.859020e+03
3.250000e-06	-7.273807e-06	-2.839815e-08	-5.297798e+01	-1.859981e+03
3.260000e-06	-7.285175e-06	-2.840011e-08	-5.306077e+01	-1.860633e+03
3.270000e-06	-7.293873e-06	-2.840079e-08	-5.312412e+01	-1.860951e+03
3.280000e-06	-7.299845e-06	-2.840159e-08	-5.316762e+01	-1.860933e+03
3.290000e-06	-7.303175e-06	-2.840108e-08	-5.319187e+01	-1.860602e+03
3.300000e-06	-7.304079e-06	-2.839420e-08	-5.319846e+01	-1.860003e+03
