# Temperatura_=_86.05
# Concentracion g/m^3_=_28370.0
# C_Vs_to_Am_M_A/Vsm_=_65563218390.804596
# pendiente_HvsI_1/m_=_3716.3
# ordenada_HvsI_A/m_=_1297.0
# frecuencia_Hz_=_302394.5789753519

Tiempo_(s)	Campo_(V.s)	Magnetizacion_(V.s)	Campo_(kA/m)	Magnetizacion_(A/m)
0.000000e+00	-7.347775e-06	-2.842088e-08	-5.318876e+01	-1.861827e+03
1.000000e-08	-7.344395e-06	-2.842120e-08	-5.316430e+01	-1.860952e+03
2.000000e-08	-7.338565e-06	-2.840895e-08	-5.312210e+01	-1.859973e+03
3.000000e-08	-7.330421e-06	-2.839221e-08	-5.306314e+01	-1.858934e+03
4.000000e-08	-7.319743e-06	-2.837461e-08	-5.298585e+01	-1.857865e+03
5.000000e-08	-7.306332e-06	-2.835427e-08	-5.288877e+01	-1.856770e+03
6.000000e-08	-7.290206e-06	-2.832806e-08	-5.277204e+01	-1.855630e+03
7.000000e-08	-7.271752e-06	-2.829969e-08	-5.263845e+01	-1.854410e+03
8.000000e-08	-7.251224e-06	-2.827507e-08	-5.248985e+01	-1.853061e+03
9.000000e-08	-7.228246e-06	-2.832107e-08	-5.232352e+01	-1.851535e+03
1.000000e-07	-7.202304e-06	-2.831502e-08	-5.213573e+01	-1.849789e+03
1.100000e-07	-7.173443e-06	-2.820994e-08	-5.192682e+01	-1.847795e+03
1.200000e-07	-7.142039e-06	-2.814670e-08	-5.169949e+01	-1.845544e+03
1.300000e-07	-7.108083e-06	-2.811361e-08	-5.145369e+01	-1.843046e+03
1.400000e-07	-7.071854e-06	-2.803748e-08	-5.119144e+01	-1.840330e+03
1.500000e-07	-7.033821e-06	-2.794285e-08	-5.091613e+01	-1.837434e+03
1.600000e-07	-6.993733e-06	-2.801342e-08	-5.062594e+01	-1.834397e+03
1.700000e-07	-6.951156e-06	-2.797503e-08	-5.031774e+01	-1.831251e+03
1.800000e-07	-6.906186e-06	-2.780263e-08	-4.999221e+01	-1.828013e+03
1.900000e-07	-6.858775e-06	-2.784428e-08	-4.964901e+01	-1.824677e+03
2.000000e-07	-6.808519e-06	-2.775762e-08	-4.928522e+01	-1.821214e+03
2.100000e-07	-6.755472e-06	-2.765316e-08	-4.890122e+01	-1.817573e+03
2.200000e-07	-6.699880e-06	-2.762559e-08	-4.849880e+01	-1.813690e+03
2.300000e-07	-6.641761e-06	-2.752813e-08	-4.807810e+01	-1.809493e+03
2.400000e-07	-6.581223e-06	-2.749742e-08	-4.763988e+01	-1.804916e+03
2.500000e-07	-6.518287e-06	-2.738840e-08	-4.718430e+01	-1.799911e+03
2.600000e-07	-6.452843e-06	-2.730652e-08	-4.671057e+01	-1.794451e+03
2.700000e-07	-6.384948e-06	-2.723374e-08	-4.621909e+01	-1.788540e+03
2.800000e-07	-6.314713e-06	-2.713092e-08	-4.571068e+01	-1.782209e+03
2.900000e-07	-6.242097e-06	-2.702674e-08	-4.518503e+01	-1.775514e+03
3.000000e-07	-6.166913e-06	-2.692540e-08	-4.464079e+01	-1.768524e+03
3.100000e-07	-6.089126e-06	-2.686440e-08	-4.407771e+01	-1.761312e+03
3.200000e-07	-6.008832e-06	-2.672972e-08	-4.349648e+01	-1.753941e+03
3.300000e-07	-5.926323e-06	-2.661450e-08	-4.289921e+01	-1.746450e+03
3.400000e-07	-5.841890e-06	-2.650545e-08	-4.228803e+01	-1.738849e+03
3.500000e-07	-5.755543e-06	-2.636047e-08	-4.166298e+01	-1.731114e+03
3.600000e-07	-5.667220e-06	-2.624528e-08	-4.102363e+01	-1.723187e+03
3.700000e-07	-5.576758e-06	-2.611951e-08	-4.036880e+01	-1.714986e+03
3.800000e-07	-5.484240e-06	-2.598022e-08	-3.969908e+01	-1.706412e+03
3.900000e-07	-5.389830e-06	-2.582668e-08	-3.901567e+01	-1.697369e+03
4.000000e-07	-5.293482e-06	-2.568236e-08	-3.831823e+01	-1.687772e+03
4.100000e-07	-5.195247e-06	-2.552979e-08	-3.760713e+01	-1.677562e+03
4.200000e-07	-5.095184e-06	-2.536754e-08	-3.688281e+01	-1.666715e+03
4.300000e-07	-4.993352e-06	-2.520568e-08	-3.614566e+01	-1.655242e+03
4.400000e-07	-4.889754e-06	-2.502703e-08	-3.539574e+01	-1.643187e+03
4.500000e-07	-4.784418e-06	-2.483686e-08	-3.463325e+01	-1.630614e+03
4.600000e-07	-4.677336e-06	-2.464181e-08	-3.385810e+01	-1.617599e+03
4.700000e-07	-4.568590e-06	-2.444816e-08	-3.307092e+01	-1.604206e+03
4.800000e-07	-4.458374e-06	-2.424871e-08	-3.227309e+01	-1.590479e+03
4.900000e-07	-4.346477e-06	-2.403592e-08	-3.146310e+01	-1.576425e+03
5.000000e-07	-4.232795e-06	-2.380690e-08	-3.064018e+01	-1.562008e+03
5.100000e-07	-4.117410e-06	-2.356728e-08	-2.980493e+01	-1.547148e+03
5.200000e-07	-4.000396e-06	-2.331653e-08	-2.895789e+01	-1.531730e+03
5.300000e-07	-3.881874e-06	-2.306001e-08	-2.809995e+01	-1.515613e+03
5.400000e-07	-3.761894e-06	-2.279727e-08	-2.723144e+01	-1.498653e+03
5.500000e-07	-3.640554e-06	-2.252097e-08	-2.635308e+01	-1.480713e+03
5.600000e-07	-3.517848e-06	-2.222926e-08	-2.546485e+01	-1.461687e+03
5.700000e-07	-3.393769e-06	-2.192489e-08	-2.456667e+01	-1.441510e+03
5.800000e-07	-3.268482e-06	-2.160673e-08	-2.365975e+01	-1.420158e+03
5.900000e-07	-3.142030e-06	-2.127294e-08	-2.274440e+01	-1.397652e+03
6.000000e-07	-3.014368e-06	-2.092474e-08	-2.182028e+01	-1.374039e+03
6.100000e-07	-2.885540e-06	-2.055848e-08	-2.088772e+01	-1.349375e+03
6.200000e-07	-2.755633e-06	-2.017152e-08	-1.994736e+01	-1.323700e+03
6.300000e-07	-2.624685e-06	-1.976390e-08	-1.899946e+01	-1.297015e+03
6.400000e-07	-2.492689e-06	-1.933677e-08	-1.804397e+01	-1.269260e+03
6.500000e-07	-2.359793e-06	-1.888515e-08	-1.708197e+01	-1.240295e+03
6.600000e-07	-2.226209e-06	-1.840745e-08	-1.611499e+01	-1.209902e+03
6.700000e-07	-2.091945e-06	-1.790113e-08	-1.514308e+01	-1.177787e+03
6.800000e-07	-1.956882e-06	-1.736598e-08	-1.416539e+01	-1.143599e+03
6.900000e-07	-1.821042e-06	-1.679833e-08	-1.318208e+01	-1.106959e+03
7.000000e-07	-1.684554e-06	-1.619339e-08	-1.219408e+01	-1.067496e+03
7.100000e-07	-1.547487e-06	-1.554585e-08	-1.120189e+01	-1.024883e+03
7.200000e-07	-1.409886e-06	-1.485116e-08	-1.020582e+01	-9.788705e+02
7.300000e-07	-1.271787e-06	-1.411145e-08	-9.206158e+00	-9.293139e+02
7.400000e-07	-1.133218e-06	-1.332150e-08	-8.203087e+00	-8.761903e+02
7.500000e-07	-9.942259e-07	-1.248072e-08	-7.196960e+00	-8.195980e+02
7.600000e-07	-8.548771e-07	-1.158629e-08	-6.188248e+00	-7.597447e+02
7.700000e-07	-7.151672e-07	-1.063684e-08	-5.176922e+00	-6.969210e+02
7.800000e-07	-5.751474e-07	-9.633716e-09	-4.163353e+00	-6.314652e+02
7.900000e-07	-4.349056e-07	-8.583211e-09	-3.148176e+00	-5.637235e+02
8.000000e-07	-2.944333e-07	-7.493972e-09	-2.131331e+00	-4.940112e+02
8.100000e-07	-1.537427e-07	-6.372978e-09	-1.112907e+00	-4.225805e+02
8.200000e-07	-1.293015e-08	-5.232597e-09	-9.359820e-02	-3.496009e+02
8.300000e-07	1.279106e-07	-4.082190e-09	9.259139e-01	-2.751533e+02
8.400000e-07	2.687291e-07	-2.928998e-09	1.945265e+00	-1.992420e+02
8.500000e-07	4.094362e-07	-1.771057e-09	2.963809e+00	-1.218210e+02
8.600000e-07	5.499482e-07	-6.019228e-10	3.980942e+00	-4.283271e+01
8.700000e-07	6.902515e-07	5.838997e-10	4.996563e+00	3.774661e+01
8.800000e-07	8.303232e-07	1.796579e-09	6.010509e+00	1.198608e+02
8.900000e-07	9.701155e-07	3.045025e-09	7.022431e+00	2.033339e+02
9.000000e-07	1.109518e-06	4.329607e-09	8.031534e+00	2.878423e+02
9.100000e-07	1.248427e-06	5.641240e-09	9.037059e+00	3.729040e+02
9.200000e-07	1.386836e-06	6.968116e-09	1.003897e+01	4.578869e+02
9.300000e-07	1.524760e-06	8.290169e-09	1.103737e+01	5.420364e+02
9.400000e-07	1.662147e-06	9.581084e-09	1.203188e+01	6.245206e+02
9.500000e-07	1.798897e-06	1.081786e-08	1.302178e+01	7.044867e+02
9.600000e-07	1.934939e-06	1.198590e-08	1.400656e+01	7.811239e+02
9.700000e-07	2.070148e-06	1.307317e-08	1.498530e+01	8.537245e+02
9.800000e-07	2.204433e-06	1.407704e-08	1.595735e+01	9.217368e+02
9.900000e-07	2.337940e-06	1.500279e-08	1.692378e+01	9.848034e+02
1.000000e-06	2.470733e-06	1.585648e-08	1.788504e+01	1.042780e+03
1.010000e-06	2.602581e-06	1.664094e-08	1.883946e+01	1.095737e+03
1.020000e-06	2.733309e-06	1.736236e-08	1.978576e+01	1.143932e+03
1.030000e-06	2.863035e-06	1.803069e-08	2.072482e+01	1.187781e+03
1.040000e-06	2.991775e-06	1.865340e-08	2.165673e+01	1.227799e+03
1.050000e-06	3.119382e-06	1.923091e-08	2.258045e+01	1.264550e+03
1.060000e-06	3.245829e-06	1.976859e-08	2.349577e+01	1.298593e+03
1.070000e-06	3.371150e-06	2.027005e-08	2.440294e+01	1.330428e+03
1.080000e-06	3.495323e-06	2.073798e-08	2.530180e+01	1.360467e+03
1.090000e-06	3.618228e-06	2.117504e-08	2.619147e+01	1.389013e+03
1.100000e-06	3.739901e-06	2.158452e-08	2.707223e+01	1.416251e+03
1.110000e-06	3.860307e-06	2.197166e-08	2.794383e+01	1.442265e+03
1.120000e-06	3.979245e-06	2.233877e-08	2.880479e+01	1.467061e+03
1.130000e-06	4.096716e-06	2.268540e-08	2.965514e+01	1.490591e+03
1.140000e-06	4.212627e-06	2.301107e-08	3.049418e+01	1.512793e+03
1.150000e-06	4.326909e-06	2.331936e-08	3.132144e+01	1.533618e+03
1.160000e-06	4.439555e-06	2.361024e-08	3.213686e+01	1.553055e+03
1.170000e-06	4.550497e-06	2.388463e-08	3.293994e+01	1.571142e+03
1.180000e-06	4.659867e-06	2.414389e-08	3.373165e+01	1.587971e+03
1.190000e-06	4.767649e-06	2.439237e-08	3.451186e+01	1.603684e+03
1.200000e-06	4.873775e-06	2.462878e-08	3.528008e+01	1.618450e+03
1.210000e-06	4.978222e-06	2.485418e-08	3.603614e+01	1.632450e+03
1.220000e-06	5.080854e-06	2.506788e-08	3.677907e+01	1.645852e+03
1.230000e-06	5.181631e-06	2.527110e-08	3.750857e+01	1.658796e+03
1.240000e-06	5.280475e-06	2.546309e-08	3.822408e+01	1.671372e+03
1.250000e-06	5.377302e-06	2.564333e-08	3.892498e+01	1.683620e+03
1.260000e-06	5.472162e-06	2.581539e-08	3.961165e+01	1.695531e+03
1.270000e-06	5.565115e-06	2.598126e-08	4.028452e+01	1.707052e+03
1.280000e-06	5.656073e-06	2.614153e-08	4.094294e+01	1.718105e+03
1.290000e-06	5.744880e-06	2.629529e-08	4.158579e+01	1.728605e+03
1.300000e-06	5.831571e-06	2.644236e-08	4.221333e+01	1.738477e+03
1.310000e-06	5.916261e-06	2.658251e-08	4.282638e+01	1.747671e+03
1.320000e-06	5.998920e-06	2.671588e-08	4.342473e+01	1.756176e+03
1.330000e-06	6.079381e-06	2.684263e-08	4.400716e+01	1.764019e+03
1.340000e-06	6.157587e-06	2.696164e-08	4.457328e+01	1.771265e+03
1.350000e-06	6.233469e-06	2.707221e-08	4.512257e+01	1.778007e+03
1.360000e-06	6.306967e-06	2.717654e-08	4.565460e+01	1.784351e+03
1.370000e-06	6.378113e-06	2.727610e-08	4.616962e+01	1.790404e+03
1.380000e-06	6.447008e-06	2.736927e-08	4.666833e+01	1.796256e+03
1.390000e-06	6.513669e-06	2.745743e-08	4.715087e+01	1.801967e+03
1.400000e-06	6.577934e-06	2.754165e-08	4.761607e+01	1.807567e+03
1.410000e-06	6.639887e-06	2.762162e-08	4.806453e+01	1.813046e+03
1.420000e-06	6.699615e-06	2.769598e-08	4.849689e+01	1.818368e+03
1.430000e-06	6.756978e-06	2.776522e-08	4.891213e+01	1.823471e+03
1.440000e-06	6.811901e-06	2.783215e-08	4.930970e+01	1.828287e+03
1.450000e-06	6.864211e-06	2.789705e-08	4.968836e+01	1.832751e+03
1.460000e-06	6.913703e-06	2.795934e-08	5.004662e+01	1.836816e+03
1.470000e-06	6.960506e-06	2.801773e-08	5.038542e+01	1.840460e+03
1.480000e-06	7.004932e-06	2.807235e-08	5.070701e+01	1.843687e+03
1.490000e-06	7.046917e-06	2.812257e-08	5.101092e+01	1.846533e+03
1.500000e-06	7.086281e-06	2.816812e-08	5.129587e+01	1.849054e+03
1.510000e-06	7.123192e-06	2.820993e-08	5.156306e+01	1.851318e+03
1.520000e-06	7.157669e-06	2.824853e-08	5.181263e+01	1.853394e+03
1.530000e-06	7.189533e-06	2.828320e-08	5.204329e+01	1.855342e+03
1.540000e-06	7.218898e-06	2.831311e-08	5.225586e+01	1.857202e+03
1.550000e-06	7.245749e-06	2.833862e-08	5.245022e+01	1.858987e+03
1.560000e-06	7.269862e-06	2.836084e-08	5.262477e+01	1.860686e+03
1.570000e-06	7.291356e-06	2.838029e-08	5.278036e+01	1.862263e+03
1.580000e-06	7.310367e-06	2.839620e-08	5.291797e+01	1.863668e+03
1.590000e-06	7.326717e-06	2.840816e-08	5.303633e+01	1.864844e+03
1.600000e-06	7.340289e-06	2.841685e-08	5.313457e+01	1.865738e+03
1.610000e-06	7.350967e-06	2.842426e-08	5.321187e+01	1.866311e+03
1.620000e-06	7.358728e-06	2.843019e-08	5.326805e+01	1.866547e+03
1.630000e-06	7.363921e-06	2.843289e-08	5.330564e+01	1.866455e+03
1.640000e-06	7.366605e-06	2.843379e-08	5.332507e+01	1.866065e+03
1.650000e-06	7.366623e-06	2.843477e-08	5.332520e+01	1.865427e+03
1.660000e-06	7.364166e-06	2.842339e-08	5.330741e+01	1.864603e+03
1.670000e-06	7.359294e-06	2.840945e-08	5.327215e+01	1.863653e+03
1.680000e-06	7.351862e-06	2.839826e-08	5.321835e+01	1.862630e+03
1.690000e-06	7.341999e-06	2.838436e-08	5.314695e+01	1.861569e+03
1.700000e-06	7.329606e-06	2.837002e-08	5.305724e+01	1.860483e+03
1.710000e-06	7.314582e-06	2.835802e-08	5.294849e+01	1.859361e+03
1.720000e-06	7.297279e-06	2.835057e-08	5.282323e+01	1.858173e+03
1.730000e-06	7.277934e-06	2.831115e-08	5.268320e+01	1.856875e+03
1.740000e-06	7.256095e-06	2.818062e-08	5.252512e+01	1.855417e+03
1.750000e-06	7.230972e-06	2.816735e-08	5.234326e+01	1.853752e+03
1.760000e-06	7.202373e-06	2.820414e-08	5.213623e+01	1.851847e+03
1.770000e-06	7.170880e-06	2.816112e-08	5.190826e+01	1.849686e+03
1.780000e-06	7.137260e-06	2.815236e-08	5.166490e+01	1.847273e+03
1.790000e-06	7.101946e-06	2.822646e-08	5.140927e+01	1.844629e+03
1.800000e-06	7.065042e-06	2.809849e-08	5.114213e+01	1.841791e+03
1.810000e-06	7.025884e-06	2.798017e-08	5.085867e+01	1.838799e+03
1.820000e-06	6.984007e-06	2.808761e-08	5.055554e+01	1.835688e+03
1.830000e-06	6.939871e-06	2.794454e-08	5.023604e+01	1.832481e+03
1.840000e-06	6.893278e-06	2.798623e-08	4.989877e+01	1.829181e+03
1.850000e-06	6.844024e-06	2.796394e-08	4.954223e+01	1.825767e+03
1.860000e-06	6.792179e-06	2.780800e-08	4.916694e+01	1.822195e+03
1.870000e-06	6.737474e-06	2.784014e-08	4.877094e+01	1.818405e+03
1.880000e-06	6.680275e-06	2.765470e-08	4.835689e+01	1.814327e+03
1.890000e-06	6.620697e-06	2.763712e-08	4.792562e+01	1.809891e+03
1.900000e-06	6.558428e-06	2.758312e-08	4.747487e+01	1.805042e+03
1.910000e-06	6.493627e-06	2.743525e-08	4.700579e+01	1.799745e+03
1.920000e-06	6.426497e-06	2.742090e-08	4.651985e+01	1.793991e+03
1.930000e-06	6.357000e-06	2.727490e-08	4.601678e+01	1.787804e+03
1.940000e-06	6.284930e-06	2.722902e-08	4.549508e+01	1.781230e+03
1.950000e-06	6.210437e-06	2.709254e-08	4.495585e+01	1.774335e+03
1.960000e-06	6.133441e-06	2.699190e-08	4.439849e+01	1.767194e+03
1.970000e-06	6.053859e-06	2.691903e-08	4.382241e+01	1.759872e+03
1.980000e-06	5.972149e-06	2.676150e-08	4.323094e+01	1.752420e+03
1.990000e-06	5.888427e-06	2.670909e-08	4.262490e+01	1.744858e+03
2.000000e-06	5.802558e-06	2.655291e-08	4.200331e+01	1.737174e+03
2.010000e-06	5.714483e-06	2.643692e-08	4.136576e+01	1.729323e+03
2.020000e-06	5.624431e-06	2.628815e-08	4.071389e+01	1.721229e+03
2.030000e-06	5.532499e-06	2.615048e-08	4.004842e+01	1.712799e+03
2.040000e-06	5.438535e-06	2.602823e-08	3.936823e+01	1.703933e+03
2.050000e-06	5.342577e-06	2.587253e-08	3.867362e+01	1.694540e+03
2.060000e-06	5.244834e-06	2.573836e-08	3.796608e+01	1.684553e+03
2.070000e-06	5.145412e-06	2.555162e-08	3.724639e+01	1.673933e+03
2.080000e-06	5.044182e-06	2.539100e-08	3.651361e+01	1.662679e+03
2.090000e-06	4.940996e-06	2.520790e-08	3.576667e+01	1.650823e+03
2.100000e-06	4.835943e-06	2.504141e-08	3.500622e+01	1.638426e+03
2.110000e-06	4.729340e-06	2.485288e-08	3.423454e+01	1.625559e+03
2.120000e-06	4.621227e-06	2.465218e-08	3.345194e+01	1.612293e+03
2.130000e-06	4.511503e-06	2.444363e-08	3.265768e+01	1.598681e+03
2.140000e-06	4.400101e-06	2.422772e-08	3.185126e+01	1.584745e+03
2.150000e-06	4.286969e-06	2.401351e-08	3.103233e+01	1.570463e+03
2.160000e-06	4.172093e-06	2.378493e-08	3.020077e+01	1.555771e+03
2.170000e-06	4.055460e-06	2.355392e-08	2.935649e+01	1.540566e+03
2.180000e-06	3.937195e-06	2.329535e-08	2.850040e+01	1.524715e+03
2.190000e-06	3.817365e-06	2.303303e-08	2.763298e+01	1.508071e+03
2.200000e-06	3.696085e-06	2.275345e-08	2.675506e+01	1.490493e+03
2.210000e-06	3.573471e-06	2.247057e-08	2.586749e+01	1.471864e+03
2.220000e-06	3.449501e-06	2.217115e-08	2.497010e+01	1.452101e+03
2.230000e-06	3.324252e-06	2.186352e-08	2.406345e+01	1.431168e+03
2.240000e-06	3.197802e-06	2.153894e-08	2.314811e+01	1.409068e+03
2.250000e-06	3.070138e-06	2.119767e-08	2.222398e+01	1.385843e+03
2.260000e-06	2.941273e-06	2.084084e-08	2.129116e+01	1.361547e+03
2.270000e-06	2.811411e-06	2.046382e-08	2.035113e+01	1.336229e+03
2.280000e-06	2.680624e-06	2.006686e-08	1.940439e+01	1.309907e+03
2.290000e-06	2.548783e-06	1.964462e-08	1.845002e+01	1.282544e+03
2.300000e-06	2.416026e-06	1.920195e-08	1.748903e+01	1.254031e+03
2.310000e-06	2.282541e-06	1.873144e-08	1.652276e+01	1.224177e+03
2.320000e-06	2.148307e-06	1.823735e-08	1.555107e+01	1.192713e+03
2.330000e-06	2.013276e-06	1.771213e-08	1.457362e+01	1.159307e+03
2.340000e-06	1.877529e-06	1.715658e-08	1.359098e+01	1.123585e+03
2.350000e-06	1.741174e-06	1.656553e-08	1.260393e+01	1.085170e+03
2.360000e-06	1.604251e-06	1.593451e-08	1.161279e+01	1.043714e+03
2.370000e-06	1.466793e-06	1.526053e-08	1.061776e+01	9.989369e+02
2.380000e-06	1.328866e-06	1.453836e-08	9.619339e+00	9.506538e+02
2.390000e-06	1.190505e-06	1.376512e-08	8.617780e+00	8.987977e+02
2.400000e-06	1.051694e-06	1.293849e-08	7.612958e+00	8.434243e+02
2.410000e-06	9.124152e-07	1.205927e-08	6.604752e+00	7.847047e+02
2.420000e-06	7.727519e-07	1.112860e-08	5.593764e+00	7.229033e+02
2.430000e-06	6.327682e-07	1.014616e-08	4.580456e+00	6.583460e+02
2.440000e-06	4.925000e-07	9.111985e-09	3.565088e+00	5.913809e+02
2.450000e-06	3.520197e-07	8.032382e-09	2.548185e+00	5.223383e+02
2.460000e-06	2.113718e-07	6.918225e-09	1.530069e+00	4.514960e+02
2.470000e-06	7.063915e-08	5.779207e-09	5.113397e-01	3.790545e+02
2.480000e-06	-7.012276e-08	4.625147e-09	-5.076016e-01	3.051258e+02
2.490000e-06	-2.108512e-07	3.465145e-09	-1.526301e+00	2.297393e+02
2.500000e-06	-3.515121e-07	2.302126e-09	-2.544511e+00	1.528632e+02
2.510000e-06	-4.920711e-07	1.131741e-09	-3.561983e+00	7.443884e+01
2.520000e-06	-6.324560e-07	-5.361262e-11	-4.578196e+00	-5.574902e+00
2.530000e-06	-7.726316e-07	-1.261562e-09	-5.592893e+00	-8.715546e+01
2.540000e-06	-9.124859e-07	-2.500701e-09	-6.605264e+00	-1.701736e+02
2.550000e-06	-1.051925e-06	-3.774655e-09	-7.614629e+00	-2.543606e+02
2.560000e-06	-1.190880e-06	-5.080602e-09	-8.620490e+00	-3.392912e+02
2.570000e-06	-1.329351e-06	-6.410018e-09	-9.622852e+00	-4.243845e+02
2.580000e-06	-1.467370e-06	-7.743492e-09	-1.062194e+01	-5.089256e+02
2.590000e-06	-1.604908e-06	-9.057837e-09	-1.161754e+01	-5.921039e+02
2.600000e-06	-1.741873e-06	-1.032598e-08	-1.260899e+01	-6.730673e+02
2.610000e-06	-1.878104e-06	-1.152936e-08	-1.359514e+01	-7.509825e+02
2.620000e-06	-2.013499e-06	-1.265667e-08	-1.457523e+01	-8.250984e+02
2.630000e-06	-2.148104e-06	-1.370092e-08	-1.554960e+01	-8.948025e+02
2.640000e-06	-2.282019e-06	-1.466410e-08	-1.651899e+01	-9.596645e+02
2.650000e-06	-2.415186e-06	-1.555095e-08	-1.748294e+01	-1.019463e+03
2.660000e-06	-2.547390e-06	-1.636819e-08	-1.843994e+01	-1.074193e+03
2.670000e-06	-2.678521e-06	-1.711886e-08	-1.938917e+01	-1.124050e+03
2.680000e-06	-2.808675e-06	-1.781134e-08	-2.033132e+01	-1.169397e+03
2.690000e-06	-2.937893e-06	-1.845510e-08	-2.126669e+01	-1.210721e+03
2.700000e-06	-3.066038e-06	-1.905469e-08	-2.219431e+01	-1.248575e+03
2.710000e-06	-3.193005e-06	-1.961314e-08	-2.311339e+01	-1.283525e+03
2.720000e-06	-3.318871e-06	-2.013197e-08	-2.402450e+01	-1.316097e+03
2.730000e-06	-3.443574e-06	-2.061485e-08	-2.492720e+01	-1.346739e+03
2.740000e-06	-3.566922e-06	-2.106859e-08	-2.582008e+01	-1.375792e+03
2.750000e-06	-3.688984e-06	-2.149343e-08	-2.670366e+01	-1.403483e+03
2.760000e-06	-3.809790e-06	-2.189036e-08	-2.757815e+01	-1.429932e+03
2.770000e-06	-3.929111e-06	-2.226465e-08	-2.844188e+01	-1.455168e+03
2.780000e-06	-4.046957e-06	-2.261774e-08	-2.929494e+01	-1.479158e+03
2.790000e-06	-4.163346e-06	-2.294833e-08	-3.013745e+01	-1.501843e+03
2.800000e-06	-4.278011e-06	-2.325923e-08	-3.096749e+01	-1.523165e+03
2.810000e-06	-4.390900e-06	-2.355582e-08	-3.178466e+01	-1.543097e+03
2.820000e-06	-4.502111e-06	-2.383787e-08	-3.258969e+01	-1.561659e+03
2.830000e-06	-4.611703e-06	-2.410584e-08	-3.338300e+01	-1.578925e+03
2.840000e-06	-4.719722e-06	-2.436104e-08	-3.416492e+01	-1.595020e+03
2.850000e-06	-4.826172e-06	-2.460301e-08	-3.493549e+01	-1.610104e+03
2.860000e-06	-4.930960e-06	-2.483136e-08	-3.569402e+01	-1.624358e+03
2.870000e-06	-5.033932e-06	-2.504760e-08	-3.643942e+01	-1.637958e+03
2.880000e-06	-5.135017e-06	-2.525465e-08	-3.717114e+01	-1.651054e+03
2.890000e-06	-5.234211e-06	-2.545519e-08	-3.788918e+01	-1.663755e+03
2.900000e-06	-5.331607e-06	-2.564730e-08	-3.859421e+01	-1.676120e+03
2.910000e-06	-5.427098e-06	-2.582816e-08	-3.928545e+01	-1.688157e+03
2.920000e-06	-5.520559e-06	-2.599727e-08	-3.996199e+01	-1.699826e+03
2.930000e-06	-5.612061e-06	-2.615715e-08	-4.062435e+01	-1.711057e+03
2.940000e-06	-5.701633e-06	-2.631104e-08	-4.127274e+01	-1.721766e+03
2.950000e-06	-5.789072e-06	-2.645818e-08	-4.190569e+01	-1.731870e+03
2.960000e-06	-5.874269e-06	-2.659700e-08	-4.252241e+01	-1.741312e+03
2.970000e-06	-5.957348e-06	-2.672881e-08	-4.312380e+01	-1.750063e+03
2.980000e-06	-6.038403e-06	-2.685352e-08	-4.371053e+01	-1.758138e+03
2.990000e-06	-6.117294e-06	-2.696979e-08	-4.428161e+01	-1.765589e+03
3.000000e-06	-6.193740e-06	-2.707985e-08	-4.483499e+01	-1.772500e+03
3.010000e-06	-6.267779e-06	-2.718505e-08	-4.537094e+01	-1.778976e+03
3.020000e-06	-6.339539e-06	-2.728591e-08	-4.589039e+01	-1.785123e+03
3.030000e-06	-6.409004e-06	-2.738186e-08	-4.639323e+01	-1.791038e+03
3.040000e-06	-6.476155e-06	-2.747232e-08	-4.687932e+01	-1.796796e+03
3.050000e-06	-6.541067e-06	-2.755872e-08	-4.734920e+01	-1.802436e+03
3.060000e-06	-6.603710e-06	-2.764109e-08	-4.780265e+01	-1.807963e+03
3.070000e-06	-6.663915e-06	-2.771744e-08	-4.823846e+01	-1.813348e+03
3.080000e-06	-6.721722e-06	-2.778780e-08	-4.865692e+01	-1.818538e+03
3.090000e-06	-6.777185e-06	-2.785342e-08	-4.905840e+01	-1.823465e+03
3.100000e-06	-6.830113e-06	-2.791736e-08	-4.944153e+01	-1.828063e+03
3.110000e-06	-6.880222e-06	-2.797741e-08	-4.980426e+01	-1.832276e+03
3.120000e-06	-6.927525e-06	-2.803454e-08	-5.014667e+01	-1.836073e+03
3.130000e-06	-6.972454e-06	-2.808961e-08	-5.047191e+01	-1.839447e+03
3.140000e-06	-7.015183e-06	-2.813973e-08	-5.078121e+01	-1.842426e+03
3.150000e-06	-7.055562e-06	-2.818421e-08	-5.107350e+01	-1.845056e+03
3.160000e-06	-7.093449e-06	-2.822312e-08	-5.134776e+01	-1.847405e+03
3.170000e-06	-7.128781e-06	-2.825798e-08	-5.160352e+01	-1.849542e+03
3.180000e-06	-7.161595e-06	-2.829005e-08	-5.184105e+01	-1.851532e+03
3.190000e-06	-7.191782e-06	-2.831825e-08	-5.205957e+01	-1.853421e+03
3.200000e-06	-7.219291e-06	-2.834380e-08	-5.225870e+01	-1.855234e+03
3.210000e-06	-7.244224e-06	-2.836693e-08	-5.243918e+01	-1.856968e+03
3.220000e-06	-7.266540e-06	-2.838737e-08	-5.260072e+01	-1.858595e+03
3.230000e-06	-7.286286e-06	-2.840515e-08	-5.274366e+01	-1.860070e+03
3.240000e-06	-7.303525e-06	-2.841916e-08	-5.286845e+01	-1.861335e+03
3.250000e-06	-7.317985e-06	-2.842794e-08	-5.297312e+01	-1.862336e+03
3.260000e-06	-7.329480e-06	-2.843269e-08	-5.305633e+01	-1.863028e+03
3.270000e-06	-7.338210e-06	-2.843462e-08	-5.311953e+01	-1.863387e+03
3.280000e-06	-7.344278e-06	-2.843415e-08	-5.316345e+01	-1.863410e+03
3.290000e-06	-7.347805e-06	-2.843166e-08	-5.318898e+01	-1.863123e+03
3.300000e-06	-7.348896e-06	-2.842464e-08	-5.319687e+01	-1.862568e+03
