# Temperatura_=_58.5
# Concentracion g/m^3_=_28200.0
# C_Vs_to_Am_M_A/Vsm_=_65563218390.804596
# pendiente_HvsI_1/m_=_3716.3
# ordenada_HvsI_A/m_=_1297.0
# frecuencia_Hz_=_302289.6747733692

Tiempo_(s)	Campo_(V.s)	Magnetizacion_(V.s)	Campo_(kA/m)	Magnetizacion_(A/m)
0.000000e+00	-6.968278e-06	-2.412524e-08	-4.951673e+01	-1.580109e+03
1.000000e-08	-6.965467e-06	-2.412101e-08	-4.949676e+01	-1.579738e+03
2.000000e-08	-6.960325e-06	-2.411118e-08	-4.946022e+01	-1.579167e+03
3.000000e-08	-6.953052e-06	-2.410068e-08	-4.940853e+01	-1.578406e+03
4.000000e-08	-6.943423e-06	-2.408917e-08	-4.934011e+01	-1.577470e+03
5.000000e-08	-6.931217e-06	-2.407364e-08	-4.925338e+01	-1.576380e+03
6.000000e-08	-6.916392e-06	-2.405493e-08	-4.914802e+01	-1.575151e+03
7.000000e-08	-6.899177e-06	-2.403461e-08	-4.902570e+01	-1.573796e+03
8.000000e-08	-6.879982e-06	-2.401880e-08	-4.888929e+01	-1.572324e+03
9.000000e-08	-6.858648e-06	-2.403834e-08	-4.873769e+01	-1.570739e+03
1.000000e-07	-6.834628e-06	-2.401026e-08	-4.856701e+01	-1.569045e+03
1.100000e-07	-6.807730e-06	-2.393969e-08	-4.837587e+01	-1.567247e+03
1.200000e-07	-6.778274e-06	-2.390003e-08	-4.816656e+01	-1.565351e+03
1.300000e-07	-6.746567e-06	-2.387267e-08	-4.794125e+01	-1.563363e+03
1.400000e-07	-6.712602e-06	-2.380788e-08	-4.769989e+01	-1.561288e+03
1.500000e-07	-6.676788e-06	-2.375700e-08	-4.744539e+01	-1.559120e+03
1.600000e-07	-6.639179e-06	-2.379442e-08	-4.717814e+01	-1.556845e+03
1.700000e-07	-6.599337e-06	-2.369320e-08	-4.689502e+01	-1.554433e+03
1.800000e-07	-6.557218e-06	-2.360997e-08	-4.659573e+01	-1.551845e+03
1.900000e-07	-6.512637e-06	-2.361897e-08	-4.627893e+01	-1.549035e+03
2.000000e-07	-6.465602e-06	-2.354351e-08	-4.594471e+01	-1.545957e+03
2.100000e-07	-6.416116e-06	-2.351910e-08	-4.559305e+01	-1.542577e+03
2.200000e-07	-6.363891e-06	-2.349250e-08	-4.522194e+01	-1.538875e+03
2.300000e-07	-6.309156e-06	-2.343167e-08	-4.483300e+01	-1.534851e+03
2.400000e-07	-6.252069e-06	-2.334571e-08	-4.442733e+01	-1.530524e+03
2.500000e-07	-6.192543e-06	-2.324552e-08	-4.400434e+01	-1.525926e+03
2.600000e-07	-6.130735e-06	-2.318799e-08	-4.356513e+01	-1.521095e+03
2.700000e-07	-6.066704e-06	-2.309307e-08	-4.311013e+01	-1.516064e+03
2.800000e-07	-6.000425e-06	-2.301834e-08	-4.263914e+01	-1.510852e+03
2.900000e-07	-5.931927e-06	-2.295243e-08	-4.215240e+01	-1.505465e+03
3.000000e-07	-5.861203e-06	-2.285174e-08	-4.164983e+01	-1.499888e+03
3.100000e-07	-5.788220e-06	-2.276645e-08	-4.113121e+01	-1.494096e+03
3.200000e-07	-5.712913e-06	-2.266645e-08	-4.059608e+01	-1.488055e+03
3.300000e-07	-5.635195e-06	-2.258084e-08	-4.004381e+01	-1.481733e+03
3.400000e-07	-5.555154e-06	-2.247345e-08	-3.947504e+01	-1.475106e+03
3.500000e-07	-5.473093e-06	-2.237094e-08	-3.889191e+01	-1.468160e+03
3.600000e-07	-5.389262e-06	-2.226684e-08	-3.829621e+01	-1.460891e+03
3.700000e-07	-5.303669e-06	-2.214727e-08	-3.768798e+01	-1.453300e+03
3.800000e-07	-5.216337e-06	-2.203743e-08	-3.706740e+01	-1.445391e+03
3.900000e-07	-5.127129e-06	-2.190800e-08	-3.643348e+01	-1.437159e+03
4.000000e-07	-5.035982e-06	-2.177831e-08	-3.578579e+01	-1.428596e+03
4.100000e-07	-4.943115e-06	-2.163194e-08	-3.512588e+01	-1.419681e+03
4.200000e-07	-4.848634e-06	-2.148920e-08	-3.445450e+01	-1.410392e+03
4.300000e-07	-4.752479e-06	-2.134111e-08	-3.377121e+01	-1.400704e+03
4.400000e-07	-4.654513e-06	-2.118164e-08	-3.307507e+01	-1.390597e+03
4.500000e-07	-4.554822e-06	-2.101858e-08	-3.236666e+01	-1.380057e+03
4.600000e-07	-4.453508e-06	-2.085332e-08	-3.164672e+01	-1.369078e+03
4.700000e-07	-4.350639e-06	-2.068373e-08	-3.091573e+01	-1.357657e+03
4.800000e-07	-4.246315e-06	-2.050156e-08	-3.017440e+01	-1.345791e+03
4.900000e-07	-4.140395e-06	-2.031920e-08	-2.942173e+01	-1.333466e+03
5.000000e-07	-4.032924e-06	-2.012377e-08	-2.865805e+01	-1.320657e+03
5.100000e-07	-3.924079e-06	-1.991540e-08	-2.788459e+01	-1.307324e+03
5.200000e-07	-3.813885e-06	-1.969414e-08	-2.710154e+01	-1.293417e+03
5.300000e-07	-3.702324e-06	-1.946758e-08	-2.630879e+01	-1.278878e+03
5.400000e-07	-3.589257e-06	-1.923409e-08	-2.550534e+01	-1.263656e+03
5.500000e-07	-3.474564e-06	-1.899053e-08	-2.469032e+01	-1.247705e+03
5.600000e-07	-3.358326e-06	-1.873459e-08	-2.386433e+01	-1.230993e+03
5.700000e-07	-3.240764e-06	-1.846550e-08	-2.302894e+01	-1.213503e+03
5.800000e-07	-3.122028e-06	-1.818728e-08	-2.218520e+01	-1.195217e+03
5.900000e-07	-3.002234e-06	-1.789704e-08	-2.133394e+01	-1.176118e+03
6.000000e-07	-2.881400e-06	-1.759816e-08	-2.047529e+01	-1.156170e+03
6.100000e-07	-2.759332e-06	-1.728257e-08	-1.960787e+01	-1.135315e+03
6.200000e-07	-2.636114e-06	-1.694588e-08	-1.873228e+01	-1.113465e+03
6.300000e-07	-2.511973e-06	-1.658615e-08	-1.785013e+01	-1.090513e+03
6.400000e-07	-2.386954e-06	-1.620862e-08	-1.696175e+01	-1.066330e+03
6.500000e-07	-2.261108e-06	-1.581372e-08	-1.606748e+01	-1.040786e+03
6.600000e-07	-2.134566e-06	-1.540030e-08	-1.516827e+01	-1.013755e+03
6.700000e-07	-2.007349e-06	-1.496582e-08	-1.426426e+01	-9.851220e+02
6.800000e-07	-1.879442e-06	-1.450443e-08	-1.335536e+01	-9.547846e+02
6.900000e-07	-1.750840e-06	-1.401490e-08	-1.244150e+01	-9.226453e+02
7.000000e-07	-1.621503e-06	-1.349492e-08	-1.152243e+01	-8.886019e+02
7.100000e-07	-1.491538e-06	-1.294553e-08	-1.059890e+01	-8.525381e+02
7.200000e-07	-1.361045e-06	-1.236082e-08	-9.671612e+00	-8.143199e+02
7.300000e-07	-1.230132e-06	-1.173957e-08	-8.741342e+00	-7.738029e+02
7.400000e-07	-1.098854e-06	-1.108087e-08	-7.808480e+00	-7.308511e+02
7.500000e-07	-9.672306e-07	-1.038567e-08	-6.873161e+00	-6.853668e+02
7.600000e-07	-8.353196e-07	-9.653817e-09	-5.935799e+00	-6.373247e+02
7.700000e-07	-7.031180e-07	-8.882261e-09	-4.996371e+00	-5.868037e+02
7.800000e-07	-5.706509e-07	-8.077411e-09	-4.055057e+00	-5.340046e+02
7.900000e-07	-4.380427e-07	-7.246984e-09	-3.112741e+00	-4.792490e+02
8.000000e-07	-3.053168e-07	-6.393969e-09	-2.169588e+00	-4.229526e+02
8.100000e-07	-1.724557e-07	-5.522096e-09	-1.225474e+00	-3.655758e+02
8.200000e-07	-3.953081e-08	-4.637363e-09	-2.809067e-01	-3.075593e+02
8.300000e-07	9.346345e-08	-3.745629e-09	6.641532e-01	-2.492549e+02
8.400000e-07	2.264615e-07	-2.853009e-09	1.609240e+00	-1.908684e+02
8.500000e-07	3.594037e-07	-1.961453e-09	2.553931e+00	-1.324255e+02
8.600000e-07	4.922585e-07	-1.070695e-09	3.497999e+00	-7.377336e+01
8.700000e-07	6.249879e-07	-1.738797e-10	4.441177e+00	-1.461754e+01
8.800000e-07	7.575576e-07	7.347929e-10	5.383220e+00	4.540764e+01
8.900000e-07	8.898442e-07	1.663964e-09	6.323251e+00	1.066491e+02
9.000000e-07	1.021824e-06	2.618501e-09	7.261099e+00	1.693412e+02
9.100000e-07	1.153492e-06	3.594937e-09	8.196738e+00	2.335274e+02
9.200000e-07	1.284782e-06	4.593032e-09	9.129687e+00	2.990117e+02
9.300000e-07	1.415669e-06	5.605751e-09	1.005978e+01	3.653509e+02
9.400000e-07	1.546091e-06	6.623626e-09	1.098655e+01	4.318898e+02
9.500000e-07	1.675916e-06	7.629928e-09	1.190909e+01	4.978318e+02
9.600000e-07	1.804991e-06	8.609207e-09	1.282630e+01	5.623316e+02
9.700000e-07	1.933240e-06	9.549754e-09	1.373764e+01	6.245941e+02
9.800000e-07	2.060706e-06	1.044271e-08	1.464342e+01	6.839596e+02
9.900000e-07	2.187442e-06	1.128866e-08	1.554401e+01	7.399638e+02
1.000000e-06	2.313476e-06	1.208071e-08	1.643961e+01	7.923618e+02
1.010000e-06	2.438720e-06	1.281736e-08	1.732960e+01	8.411186e+02
1.020000e-06	2.563093e-06	1.350470e-08	1.821339e+01	8.863696e+02
1.030000e-06	2.686594e-06	1.414578e-08	1.909099e+01	9.283645e+02
1.040000e-06	2.809141e-06	1.474099e-08	1.996181e+01	9.674067e+02
1.050000e-06	2.930458e-06	1.529495e-08	2.082390e+01	1.003801e+03
1.060000e-06	3.050483e-06	1.581070e-08	2.167680e+01	1.037815e+03
1.070000e-06	3.169492e-06	1.629032e-08	2.252248e+01	1.069668e+03
1.080000e-06	3.287533e-06	1.673887e-08	2.336128e+01	1.099526e+03
1.090000e-06	3.404409e-06	1.716007e-08	2.419180e+01	1.127522e+03
1.100000e-06	3.519936e-06	1.755815e-08	2.501274e+01	1.153770e+03
1.110000e-06	3.633943e-06	1.793462e-08	2.582288e+01	1.178386e+03
1.120000e-06	3.746407e-06	1.828916e-08	2.662205e+01	1.201495e+03
1.130000e-06	3.857527e-06	1.862320e-08	2.741167e+01	1.223232e+03
1.140000e-06	3.967432e-06	1.893939e-08	2.819266e+01	1.243737e+03
1.150000e-06	4.076074e-06	1.923674e-08	2.896467e+01	1.263138e+03
1.160000e-06	4.183429e-06	1.951566e-08	2.972753e+01	1.281543e+03
1.170000e-06	4.289216e-06	1.977727e-08	3.047926e+01	1.299035e+03
1.180000e-06	4.393195e-06	2.002445e-08	3.121813e+01	1.315666e+03
1.190000e-06	4.495630e-06	2.026110e-08	3.194604e+01	1.331469e+03
1.200000e-06	4.596635e-06	2.048936e-08	3.266378e+01	1.346466e+03
1.210000e-06	4.696100e-06	2.070645e-08	3.337059e+01	1.360679e+03
1.220000e-06	4.793800e-06	2.090978e-08	3.406484e+01	1.374143e+03
1.230000e-06	4.889548e-06	2.110227e-08	3.474523e+01	1.386903e+03
1.240000e-06	4.983464e-06	2.128703e-08	3.541260e+01	1.399019e+03
1.250000e-06	5.075715e-06	2.146282e-08	3.606813e+01	1.410553e+03
1.260000e-06	5.166275e-06	2.163078e-08	3.671166e+01	1.421559e+03
1.270000e-06	5.254886e-06	2.179125e-08	3.734133e+01	1.432080e+03
1.280000e-06	5.341497e-06	2.194349e-08	3.795679e+01	1.442135e+03
1.290000e-06	5.426241e-06	2.208903e-08	3.855898e+01	1.451726e+03
1.300000e-06	5.509102e-06	2.222905e-08	3.914779e+01	1.460842e+03
1.310000e-06	5.589933e-06	2.236196e-08	3.972218e+01	1.469465e+03
1.320000e-06	5.668691e-06	2.248723e-08	4.028184e+01	1.477586e+03
1.330000e-06	5.745411e-06	2.260597e-08	4.082701e+01	1.485209e+03
1.340000e-06	5.819854e-06	2.271644e-08	4.135601e+01	1.492355e+03
1.350000e-06	5.892001e-06	2.282016e-08	4.186868e+01	1.499064e+03
1.360000e-06	5.961998e-06	2.291924e-08	4.236609e+01	1.505385e+03
1.370000e-06	6.029992e-06	2.301272e-08	4.284925e+01	1.511371e+03
1.380000e-06	6.095786e-06	2.309899e-08	4.331678e+01	1.517067e+03
1.390000e-06	6.159235e-06	2.317852e-08	4.376765e+01	1.522503e+03
1.400000e-06	6.220629e-06	2.325560e-08	4.420392e+01	1.527697e+03
1.410000e-06	6.280043e-06	2.333131e-08	4.462612e+01	1.532651e+03
1.420000e-06	6.337262e-06	2.340223e-08	4.503272e+01	1.537358e+03
1.430000e-06	6.392161e-06	2.347055e-08	4.542283e+01	1.541810e+03
1.440000e-06	6.444727e-06	2.353620e-08	4.579637e+01	1.546002e+03
1.450000e-06	6.494598e-06	2.359615e-08	4.615075e+01	1.549935e+03
1.460000e-06	6.541838e-06	2.365080e-08	4.648644e+01	1.553620e+03
1.470000e-06	6.586807e-06	2.370290e-08	4.680599e+01	1.557068e+03
1.480000e-06	6.629492e-06	2.375399e-08	4.710931e+01	1.560292e+03
1.490000e-06	6.669697e-06	2.380123e-08	4.739501e+01	1.563298e+03
1.500000e-06	6.707515e-06	2.384405e-08	4.766374e+01	1.566086e+03
1.510000e-06	6.743152e-06	2.388205e-08	4.791698e+01	1.568647e+03
1.520000e-06	6.776348e-06	2.391666e-08	4.815287e+01	1.570965e+03
1.530000e-06	6.807008e-06	2.394976e-08	4.837074e+01	1.573030e+03
1.540000e-06	6.835445e-06	2.397759e-08	4.857281e+01	1.574835e+03
1.550000e-06	6.861428e-06	2.400032e-08	4.875745e+01	1.576385e+03
1.560000e-06	6.884717e-06	2.401872e-08	4.892295e+01	1.577696e+03
1.570000e-06	6.905615e-06	2.403447e-08	4.907144e+01	1.578796e+03
1.580000e-06	6.924202e-06	2.404830e-08	4.920352e+01	1.579715e+03
1.590000e-06	6.940245e-06	2.406054e-08	4.931753e+01	1.580482e+03
1.600000e-06	6.953623e-06	2.407381e-08	4.941259e+01	1.581120e+03
1.610000e-06	6.964228e-06	2.408690e-08	4.948795e+01	1.581637e+03
1.620000e-06	6.972124e-06	2.409592e-08	4.954406e+01	1.582027e+03
1.630000e-06	6.977597e-06	2.409959e-08	4.958295e+01	1.582277e+03
1.640000e-06	6.980686e-06	2.409943e-08	4.960490e+01	1.582364e+03
1.650000e-06	6.981249e-06	2.409809e-08	4.960890e+01	1.582268e+03
1.660000e-06	6.979359e-06	2.409016e-08	4.959547e+01	1.581976e+03
1.670000e-06	6.975295e-06	2.407998e-08	4.956659e+01	1.581482e+03
1.680000e-06	6.968855e-06	2.407061e-08	4.952083e+01	1.580794e+03
1.690000e-06	6.959959e-06	2.406051e-08	4.945762e+01	1.579924e+03
1.700000e-06	6.948813e-06	2.404956e-08	4.937841e+01	1.578892e+03
1.710000e-06	6.935227e-06	2.403775e-08	4.928187e+01	1.577715e+03
1.720000e-06	6.919278e-06	2.402452e-08	4.916853e+01	1.576409e+03
1.730000e-06	6.901289e-06	2.398574e-08	4.904070e+01	1.574982e+03
1.740000e-06	6.881129e-06	2.390429e-08	4.889745e+01	1.573441e+03
1.750000e-06	6.858037e-06	2.389250e-08	4.873336e+01	1.571789e+03
1.760000e-06	6.831600e-06	2.390029e-08	4.854549e+01	1.570030e+03
1.770000e-06	6.802271e-06	2.386069e-08	4.833708e+01	1.568172e+03
1.780000e-06	6.770687e-06	2.384741e-08	4.811264e+01	1.566219e+03
1.790000e-06	6.737370e-06	2.387113e-08	4.787589e+01	1.564178e+03
1.800000e-06	6.702647e-06	2.378973e-08	4.762915e+01	1.562048e+03
1.810000e-06	6.665975e-06	2.377843e-08	4.736856e+01	1.559817e+03
1.820000e-06	6.626685e-06	2.381668e-08	4.708936e+01	1.557463e+03
1.830000e-06	6.585088e-06	2.372290e-08	4.679377e+01	1.554949e+03
1.840000e-06	6.541278e-06	2.372788e-08	4.648246e+01	1.552231e+03
1.850000e-06	6.495086e-06	2.363869e-08	4.615422e+01	1.549264e+03
1.860000e-06	6.446533e-06	2.354629e-08	4.580920e+01	1.546006e+03
1.870000e-06	6.395446e-06	2.351670e-08	4.544617e+01	1.542431e+03
1.880000e-06	6.341886e-06	2.341293e-08	4.506557e+01	1.538532e+03
1.890000e-06	6.285866e-06	2.342297e-08	4.466749e+01	1.534320e+03
1.900000e-06	6.227421e-06	2.335132e-08	4.425218e+01	1.529824e+03
1.910000e-06	6.166698e-06	2.328348e-08	4.382068e+01	1.525080e+03
1.920000e-06	6.103545e-06	2.323097e-08	4.337192e+01	1.520124e+03
1.930000e-06	6.038153e-06	2.308453e-08	4.290724e+01	1.514981e+03
1.940000e-06	5.970600e-06	2.305036e-08	4.242721e+01	1.509663e+03
1.950000e-06	5.900667e-06	2.295511e-08	4.193026e+01	1.504163e+03
1.960000e-06	5.828317e-06	2.287903e-08	4.141614e+01	1.498459e+03
1.970000e-06	5.753729e-06	2.279176e-08	4.088612e+01	1.492520e+03
1.980000e-06	5.676998e-06	2.267907e-08	4.034087e+01	1.486311e+03
1.990000e-06	5.597906e-06	2.260291e-08	3.977884e+01	1.479806e+03
2.000000e-06	5.516753e-06	2.246700e-08	3.920216e+01	1.472986e+03
2.010000e-06	5.433835e-06	2.238091e-08	3.861294e+01	1.465844e+03
2.020000e-06	5.349037e-06	2.226161e-08	3.801037e+01	1.458379e+03
2.030000e-06	5.262175e-06	2.214563e-08	3.739313e+01	1.450595e+03
2.040000e-06	5.173249e-06	2.201477e-08	3.676121e+01	1.442490e+03
2.050000e-06	5.082614e-06	2.187341e-08	3.611716e+01	1.434058e+03
2.060000e-06	4.990379e-06	2.175526e-08	3.546174e+01	1.425284e+03
2.070000e-06	4.896380e-06	2.160672e-08	3.479378e+01	1.416145e+03
2.080000e-06	4.800561e-06	2.147473e-08	3.411289e+01	1.406617e+03
2.090000e-06	4.703097e-06	2.132182e-08	3.342030e+01	1.396676e+03
2.100000e-06	4.604083e-06	2.117623e-08	3.271671e+01	1.386306e+03
2.110000e-06	4.503494e-06	2.101227e-08	3.200192e+01	1.375500e+03
2.120000e-06	4.401186e-06	2.084005e-08	3.127492e+01	1.364253e+03
2.130000e-06	4.297225e-06	2.065703e-08	3.053617e+01	1.352562e+03
2.140000e-06	4.191827e-06	2.046293e-08	2.978721e+01	1.340419e+03
2.150000e-06	4.084954e-06	2.027176e-08	2.902777e+01	1.327804e+03
2.160000e-06	3.976678e-06	2.007178e-08	2.825836e+01	1.314682e+03
2.170000e-06	3.866910e-06	1.987293e-08	2.747834e+01	1.301007e+03
2.180000e-06	3.755572e-06	1.965985e-08	2.668718e+01	1.286723e+03
2.190000e-06	3.642798e-06	1.943887e-08	2.588580e+01	1.271775e+03
2.200000e-06	3.528641e-06	1.919988e-08	2.507459e+01	1.256115e+03
2.210000e-06	3.413021e-06	1.895313e-08	2.425300e+01	1.239705e+03
2.220000e-06	3.295911e-06	1.869127e-08	2.342081e+01	1.222522e+03
2.230000e-06	3.177409e-06	1.841983e-08	2.257874e+01	1.204550e+03
2.240000e-06	3.057602e-06	1.812915e-08	2.172739e+01	1.185774e+03
2.250000e-06	2.936677e-06	1.782383e-08	2.086809e+01	1.166164e+03
2.260000e-06	2.814748e-06	1.750994e-08	2.000166e+01	1.145674e+03
2.270000e-06	2.691864e-06	1.718680e-08	1.912844e+01	1.124227e+03
2.280000e-06	2.568030e-06	1.685232e-08	1.824847e+01	1.101722e+03
2.290000e-06	2.443215e-06	1.649708e-08	1.736154e+01	1.078038e+03
2.300000e-06	2.317477e-06	1.611984e-08	1.646804e+01	1.053044e+03
2.310000e-06	2.190900e-06	1.571426e-08	1.556858e+01	1.026611e+03
2.320000e-06	2.063513e-06	1.528686e-08	1.466337e+01	9.986197e+02
2.330000e-06	1.935403e-06	1.483615e-08	1.375301e+01	9.689634e+02
2.340000e-06	1.806638e-06	1.436399e-08	1.283801e+01	9.375434e+02
2.350000e-06	1.677288e-06	1.386148e-08	1.191885e+01	9.042607e+02
2.360000e-06	1.547474e-06	1.332203e-08	1.099638e+01	8.690054e+02
2.370000e-06	1.417251e-06	1.274638e-08	1.007101e+01	8.316503e+02
2.380000e-06	1.286622e-06	1.213734e-08	9.142760e+00	7.920534e+02
2.390000e-06	1.155583e-06	1.149699e-08	8.211600e+00	7.500724e+02
2.400000e-06	1.024142e-06	1.082214e-08	7.277574e+00	7.055905e+02
2.410000e-06	8.923673e-07	1.011034e-08	6.341180e+00	6.585500e+02
2.420000e-06	7.603126e-07	9.357868e-09	5.402797e+00	6.089856e+02
2.430000e-06	6.279775e-07	8.564748e-09	4.462421e+00	5.570492e+02
2.440000e-06	4.954318e-07	7.735918e-09	3.520549e+00	5.030168e+02
2.450000e-06	3.627844e-07	6.880141e-09	2.577954e+00	4.472717e+02
2.460000e-06	2.299940e-07	6.008422e-09	1.634342e+00	3.902639e+02
2.470000e-06	9.704773e-08	5.126018e-09	6.896232e-01	3.324501e+02
2.480000e-06	-3.598084e-08	4.237587e-09	-2.556806e-01	2.742249e+02
2.490000e-06	-1.690270e-07	3.347156e-09	-1.201110e+00	2.158570e+02
2.500000e-06	-3.019999e-07	2.453308e-09	-2.146017e+00	1.574448e+02
2.510000e-06	-4.348890e-07	1.556605e-09	-3.090330e+00	9.890315e+01
2.520000e-06	-5.676305e-07	6.536655e-10	-4.033594e+00	3.998646e+01
2.530000e-06	-7.001168e-07	-2.609084e-10	-4.975044e+00	-1.965289e+01
2.540000e-06	-8.323398e-07	-1.189091e-09	-5.914624e+00	-8.038056e+01
2.550000e-06	-9.643315e-07	-2.134538e-09	-6.852560e+00	-1.424858e+02
2.560000e-06	-1.096010e-06	-3.102012e-09	-7.788268e+00	-2.060948e+02
2.570000e-06	-1.227302e-06	-4.094750e-09	-8.721234e+00	-2.711089e+02
2.580000e-06	-1.358224e-06	-5.104905e-09	-9.651569e+00	-3.371801e+02
2.590000e-06	-1.488717e-06	-6.122312e-09	-1.057886e+01	-4.037299e+02
2.600000e-06	-1.618733e-06	-7.137863e-09	-1.150275e+01	-4.700070e+02
2.610000e-06	-1.748204e-06	-8.139597e-09	-1.242278e+01	-5.351733e+02
2.620000e-06	-1.877017e-06	-9.111709e-09	-1.333812e+01	-5.984028e+02
2.630000e-06	-2.005153e-06	-1.003841e-08	-1.424866e+01	-6.589738e+02
2.640000e-06	-2.132611e-06	-1.091650e-08	-1.515438e+01	-7.163402e+02
2.650000e-06	-2.259361e-06	-1.174204e-08	-1.605506e+01	-7.701704e+02
2.660000e-06	-2.385233e-06	-1.251130e-08	-1.694952e+01	-8.203501e+02
2.670000e-06	-2.510041e-06	-1.322469e-08	-1.783640e+01	-8.669538e+02
2.680000e-06	-2.633790e-06	-1.388660e-08	-1.871577e+01	-9.101936e+02
2.690000e-06	-2.756524e-06	-1.450364e-08	-1.958792e+01	-9.503588e+02
2.700000e-06	-2.878227e-06	-1.508064e-08	-2.045274e+01	-9.877587e+02
2.710000e-06	-2.998893e-06	-1.562077e-08	-2.131020e+01	-1.022679e+03
2.720000e-06	-3.118542e-06	-1.612160e-08	-2.216043e+01	-1.055359e+03
2.730000e-06	-3.237053e-06	-1.658626e-08	-2.300257e+01	-1.085984e+03
2.740000e-06	-3.354185e-06	-1.702253e-08	-2.383491e+01	-1.114698e+03
2.750000e-06	-3.469897e-06	-1.743353e-08	-2.465716e+01	-1.141619e+03
2.760000e-06	-3.584279e-06	-1.782102e-08	-2.546996e+01	-1.166862e+03
2.770000e-06	-3.697178e-06	-1.818445e-08	-2.627222e+01	-1.190547e+03
2.780000e-06	-3.808541e-06	-1.852352e-08	-2.706357e+01	-1.212807e+03
2.790000e-06	-3.918514e-06	-1.884194e-08	-2.784504e+01	-1.233780e+03
2.800000e-06	-4.027198e-06	-1.914462e-08	-2.861735e+01	-1.253601e+03
2.810000e-06	-4.134695e-06	-1.943482e-08	-2.938123e+01	-1.272386e+03
2.820000e-06	-4.240837e-06	-1.971062e-08	-3.013548e+01	-1.290230e+03
2.830000e-06	-4.345454e-06	-1.997099e-08	-3.087889e+01	-1.307194e+03
2.840000e-06	-4.448445e-06	-2.021719e-08	-3.161074e+01	-1.323320e+03
2.850000e-06	-4.549655e-06	-2.045137e-08	-3.232995e+01	-1.338631e+03
2.860000e-06	-4.649241e-06	-2.067444e-08	-3.303760e+01	-1.353149e+03
2.870000e-06	-4.747300e-06	-2.088550e-08	-3.373442e+01	-1.366903e+03
2.880000e-06	-4.843768e-06	-2.108574e-08	-3.441992e+01	-1.379933e+03
2.890000e-06	-4.938444e-06	-2.127556e-08	-3.509268e+01	-1.392295e+03
2.900000e-06	-5.031220e-06	-2.145574e-08	-3.575196e+01	-1.404051e+03
2.910000e-06	-5.122297e-06	-2.162874e-08	-3.639915e+01	-1.415258e+03
2.920000e-06	-5.211628e-06	-2.179325e-08	-3.703394e+01	-1.425966e+03
2.930000e-06	-5.299007e-06	-2.194848e-08	-3.765485e+01	-1.436203e+03
2.940000e-06	-5.384304e-06	-2.209699e-08	-3.826097e+01	-1.445978e+03
2.950000e-06	-5.467658e-06	-2.223789e-08	-3.885329e+01	-1.455283e+03
2.960000e-06	-5.549194e-06	-2.237005e-08	-3.943269e+01	-1.464102e+03
2.970000e-06	-5.628798e-06	-2.249436e-08	-3.999836e+01	-1.472421e+03
2.980000e-06	-5.706160e-06	-2.261232e-08	-4.054809e+01	-1.480238e+03
2.990000e-06	-5.781191e-06	-2.272298e-08	-4.108127e+01	-1.487567e+03
3.000000e-06	-5.854121e-06	-2.282526e-08	-4.159951e+01	-1.494443e+03
3.010000e-06	-5.924867e-06	-2.292179e-08	-4.210223e+01	-1.500911e+03
3.020000e-06	-5.993391e-06	-2.301605e-08	-4.258916e+01	-1.507023e+03
3.030000e-06	-6.059765e-06	-2.310770e-08	-4.306082e+01	-1.512828e+03
3.040000e-06	-6.124125e-06	-2.319505e-08	-4.351816e+01	-1.518363e+03
3.050000e-06	-6.186256e-06	-2.327584e-08	-4.395967e+01	-1.523652e+03
3.060000e-06	-6.246052e-06	-2.335058e-08	-4.438457e+01	-1.528701e+03
3.070000e-06	-6.303751e-06	-2.342267e-08	-4.479458e+01	-1.533506e+03
3.080000e-06	-6.359344e-06	-2.349205e-08	-4.518963e+01	-1.538059e+03
3.090000e-06	-6.412533e-06	-2.355774e-08	-4.556760e+01	-1.542354e+03
3.100000e-06	-6.463053e-06	-2.361937e-08	-4.592659e+01	-1.546388e+03
3.110000e-06	-6.510893e-06	-2.367645e-08	-4.626654e+01	-1.550169e+03
3.120000e-06	-6.556356e-06	-2.372981e-08	-4.658960e+01	-1.553709e+03
3.130000e-06	-6.599833e-06	-2.377980e-08	-4.689855e+01	-1.557020e+03
3.140000e-06	-6.641217e-06	-2.382825e-08	-4.719263e+01	-1.560112e+03
3.150000e-06	-6.680176e-06	-2.387400e-08	-4.746947e+01	-1.562987e+03
3.160000e-06	-6.716640e-06	-2.391442e-08	-4.772859e+01	-1.565638e+03
3.170000e-06	-6.750765e-06	-2.394975e-08	-4.797108e+01	-1.568054e+03
3.180000e-06	-6.782544e-06	-2.398214e-08	-4.819690e+01	-1.570220e+03
3.190000e-06	-6.811827e-06	-2.401077e-08	-4.840498e+01	-1.572128e+03
3.200000e-06	-6.838630e-06	-2.403454e-08	-4.859545e+01	-1.573776e+03
3.210000e-06	-6.863066e-06	-2.405539e-08	-4.876909e+01	-1.575179e+03
3.220000e-06	-6.884964e-06	-2.407496e-08	-4.892470e+01	-1.576358e+03
3.230000e-06	-6.904354e-06	-2.409264e-08	-4.906248e+01	-1.577345e+03
3.240000e-06	-6.921435e-06	-2.410573e-08	-4.918386e+01	-1.578169e+03
3.250000e-06	-6.935892e-06	-2.411639e-08	-4.928659e+01	-1.578856e+03
3.260000e-06	-6.947497e-06	-2.412482e-08	-4.936906e+01	-1.579420e+03
3.270000e-06	-6.956565e-06	-2.413015e-08	-4.943350e+01	-1.579862e+03
3.280000e-06	-6.963093e-06	-2.413248e-08	-4.947988e+01	-1.580170e+03
3.290000e-06	-6.967072e-06	-2.413279e-08	-4.950816e+01	-1.580323e+03
3.300000e-06	-6.968760e-06	-2.412953e-08	-4.952016e+01	-1.580302e+03
