# Temperatura_=_56.73
# Concentracion g/m^3_=_28200.0
# C_Vs_to_Am_M_A/Vsm_=_65563218390.804596
# pendiente_HvsI_1/m_=_3716.3
# ordenada_HvsI_A/m_=_1297.0
# frecuencia_Hz_=_302285.19466499967

Tiempo_(s)	Campo_(V.s)	Magnetizacion_(V.s)	Campo_(kA/m)	Magnetizacion_(A/m)
0.000000e+00	-6.904697e-06	-2.404535e-08	-4.952370e+01	-1.573875e+03
1.000000e-08	-6.901694e-06	-2.404001e-08	-4.950216e+01	-1.573487e+03
2.000000e-08	-6.896456e-06	-2.402883e-08	-4.946459e+01	-1.572933e+03
3.000000e-08	-6.889109e-06	-2.401757e-08	-4.941189e+01	-1.572211e+03
4.000000e-08	-6.879422e-06	-2.400605e-08	-4.934241e+01	-1.571322e+03
5.000000e-08	-6.867153e-06	-2.399195e-08	-4.925441e+01	-1.570267e+03
6.000000e-08	-6.852268e-06	-2.397290e-08	-4.914765e+01	-1.569051e+03
7.000000e-08	-6.835045e-06	-2.395108e-08	-4.902412e+01	-1.567679e+03
8.000000e-08	-6.815803e-06	-2.393642e-08	-4.888611e+01	-1.566162e+03
9.000000e-08	-6.794355e-06	-2.394659e-08	-4.873227e+01	-1.564516e+03
1.000000e-07	-6.770245e-06	-2.391154e-08	-4.855935e+01	-1.562761e+03
1.100000e-07	-6.743356e-06	-2.385043e-08	-4.836648e+01	-1.560917e+03
1.200000e-07	-6.713992e-06	-2.381099e-08	-4.815587e+01	-1.559005e+03
1.300000e-07	-6.682407e-06	-2.377159e-08	-4.792933e+01	-1.557036e+03
1.400000e-07	-6.648622e-06	-2.369868e-08	-4.768701e+01	-1.555011e+03
1.500000e-07	-6.612981e-06	-2.367663e-08	-4.743138e+01	-1.552915e+03
1.600000e-07	-6.575559e-06	-2.370141e-08	-4.716297e+01	-1.550715e+03
1.700000e-07	-6.536018e-06	-2.358487e-08	-4.687936e+01	-1.548366e+03
1.800000e-07	-6.494217e-06	-2.354576e-08	-4.657954e+01	-1.545814e+03
1.900000e-07	-6.449909e-06	-2.352317e-08	-4.626175e+01	-1.543007e+03
2.000000e-07	-6.403159e-06	-2.344251e-08	-4.592644e+01	-1.539903e+03
2.100000e-07	-6.353951e-06	-2.342613e-08	-4.557349e+01	-1.536475e+03
2.200000e-07	-6.302006e-06	-2.337223e-08	-4.520092e+01	-1.532718e+03
2.300000e-07	-6.247541e-06	-2.332200e-08	-4.481027e+01	-1.528650e+03
2.400000e-07	-6.190738e-06	-2.323566e-08	-4.440285e+01	-1.524303e+03
2.500000e-07	-6.131593e-06	-2.314213e-08	-4.397864e+01	-1.519713e+03
2.600000e-07	-6.070189e-06	-2.308716e-08	-4.353822e+01	-1.514919e+03
2.700000e-07	-6.006537e-06	-2.300405e-08	-4.308167e+01	-1.509942e+03
2.800000e-07	-5.940644e-06	-2.292359e-08	-4.260906e+01	-1.504790e+03
2.900000e-07	-5.872534e-06	-2.284578e-08	-4.212055e+01	-1.499450e+03
3.000000e-07	-5.802154e-06	-2.275929e-08	-4.161575e+01	-1.493896e+03
3.100000e-07	-5.729594e-06	-2.266836e-08	-4.109531e+01	-1.488094e+03
3.200000e-07	-5.654833e-06	-2.257103e-08	-4.055909e+01	-1.482010e+03
3.300000e-07	-5.577704e-06	-2.248483e-08	-4.000589e+01	-1.475618e+03
3.400000e-07	-5.498307e-06	-2.237299e-08	-3.943641e+01	-1.468907e+03
3.500000e-07	-5.416872e-06	-2.227217e-08	-3.885233e+01	-1.461875e+03
3.600000e-07	-5.333628e-06	-2.216208e-08	-3.825526e+01	-1.454533e+03
3.700000e-07	-5.248636e-06	-2.203877e-08	-3.764566e+01	-1.446891e+03
3.800000e-07	-5.161902e-06	-2.192695e-08	-3.702356e+01	-1.438954e+03
3.900000e-07	-5.073388e-06	-2.179587e-08	-3.638870e+01	-1.430717e+03
4.000000e-07	-4.983021e-06	-2.166167e-08	-3.574055e+01	-1.422164e+03
4.100000e-07	-4.890848e-06	-2.152086e-08	-3.507944e+01	-1.413266e+03
4.200000e-07	-4.797039e-06	-2.138343e-08	-3.440659e+01	-1.403991e+03
4.300000e-07	-4.701656e-06	-2.123331e-08	-3.372246e+01	-1.394307e+03
4.400000e-07	-4.604552e-06	-2.107386e-08	-3.302599e+01	-1.384191e+03
4.500000e-07	-4.505728e-06	-2.091164e-08	-3.231718e+01	-1.373630e+03
4.600000e-07	-4.405199e-06	-2.074386e-08	-3.159614e+01	-1.362622e+03
4.700000e-07	-4.303066e-06	-2.057324e-08	-3.086359e+01	-1.351170e+03
4.800000e-07	-4.199486e-06	-2.039154e-08	-3.012067e+01	-1.339276e+03
4.900000e-07	-4.094403e-06	-2.020861e-08	-2.936696e+01	-1.326931e+03
5.000000e-07	-3.987786e-06	-2.001169e-08	-2.860225e+01	-1.314111e+03
5.100000e-07	-3.879660e-06	-1.980207e-08	-2.782673e+01	-1.300776e+03
5.200000e-07	-3.770168e-06	-1.958318e-08	-2.704140e+01	-1.286873e+03
5.300000e-07	-3.659431e-06	-1.935884e-08	-2.624714e+01	-1.272340e+03
5.400000e-07	-3.547360e-06	-1.912512e-08	-2.544331e+01	-1.257120e+03
5.500000e-07	-3.433798e-06	-1.887984e-08	-2.462879e+01	-1.241163e+03
5.600000e-07	-3.318718e-06	-1.862597e-08	-2.380339e+01	-1.224437e+03
5.700000e-07	-3.202181e-06	-1.835836e-08	-2.296753e+01	-1.206918e+03
5.800000e-07	-3.084384e-06	-1.808015e-08	-2.212263e+01	-1.188592e+03
5.900000e-07	-2.965545e-06	-1.778911e-08	-2.127027e+01	-1.169442e+03
6.000000e-07	-2.845670e-06	-1.748769e-08	-2.041047e+01	-1.149433e+03
6.100000e-07	-2.724695e-06	-1.716832e-08	-1.954278e+01	-1.128512e+03
6.200000e-07	-2.602632e-06	-1.682878e-08	-1.866728e+01	-1.106595e+03
6.300000e-07	-2.479540e-06	-1.646967e-08	-1.778441e+01	-1.083576e+03
6.400000e-07	-2.355502e-06	-1.609227e-08	-1.689476e+01	-1.059332e+03
6.500000e-07	-2.230653e-06	-1.569804e-08	-1.599928e+01	-1.033735e+03
6.600000e-07	-2.105102e-06	-1.528402e-08	-1.509877e+01	-1.006660e+03
6.700000e-07	-1.978920e-06	-1.484810e-08	-1.419374e+01	-9.779922e+02
6.800000e-07	-1.852025e-06	-1.438696e-08	-1.328359e+01	-9.476293e+02
6.900000e-07	-1.724450e-06	-1.389941e-08	-1.236856e+01	-9.154726e+02
7.000000e-07	-1.596268e-06	-1.338024e-08	-1.144918e+01	-8.814194e+02
7.100000e-07	-1.467531e-06	-1.282955e-08	-1.052581e+01	-8.453549e+02
7.200000e-07	-1.338339e-06	-1.224409e-08	-9.599188e+00	-8.071496e+02
7.300000e-07	-1.208764e-06	-1.162342e-08	-8.669815e+00	-7.666669e+02
7.400000e-07	-1.078801e-06	-1.096662e-08	-7.737661e+00	-7.237820e+02
7.500000e-07	-9.484592e-07	-1.027162e-08	-6.802790e+00	-6.784104e+02
7.600000e-07	-8.177327e-07	-9.541152e-09	-5.865159e+00	-6.305404e+02
7.700000e-07	-6.866524e-07	-8.775422e-09	-4.924991e+00	-5.802626e+02
7.800000e-07	-5.553336e-07	-7.978382e-09	-3.983111e+00	-5.277854e+02
7.900000e-07	-4.238076e-07	-7.153991e-09	-3.039745e+00	-4.734321e+02
8.000000e-07	-2.921171e-07	-6.306623e-09	-2.095200e+00	-4.176139e+02
8.100000e-07	-1.602912e-07	-5.441342e-09	-1.149683e+00	-3.607813e+02
8.200000e-07	-2.839713e-08	-4.563920e-09	-2.036774e-01	-3.033616e+02
8.300000e-07	1.035435e-07	-3.681442e-09	7.426618e-01	-2.456928e+02
8.400000e-07	2.355116e-07	-2.799380e-09	1.689199e+00	-1.879686e+02
8.500000e-07	3.674435e-07	-1.919829e-09	2.635475e+00	-1.302080e+02
8.600000e-07	4.992892e-07	-1.039926e-09	3.581134e+00	-7.225610e+01
8.700000e-07	6.309744e-07	-1.550579e-10	4.525642e+00	-1.382156e+01
8.800000e-07	7.625103e-07	7.413103e-10	5.469078e+00	4.545585e+01
8.900000e-07	8.937803e-07	1.658354e-09	6.410608e+00	1.059183e+02
9.000000e-07	1.024617e-06	2.599778e-09	7.349029e+00	1.678000e+02
9.100000e-07	1.155006e-06	3.564744e-09	8.284239e+00	2.311510e+02
9.200000e-07	1.284878e-06	4.550237e-09	9.215742e+00	2.957903e+02
9.300000e-07	1.414258e-06	5.548197e-09	1.014371e+01	3.612981e+02
9.400000e-07	1.543219e-06	6.551809e-09	1.106868e+01	4.270472e+02
9.500000e-07	1.671721e-06	7.546685e-09	1.199036e+01	4.922705e+02
9.600000e-07	1.799597e-06	8.515986e-09	1.290755e+01	5.561490e+02
9.700000e-07	1.926678e-06	9.449632e-09	1.381903e+01	6.179060e+02
9.800000e-07	2.052957e-06	1.033824e-08	1.472476e+01	6.768906e+02
9.900000e-07	2.178524e-06	1.118045e-08	1.562539e+01	7.326354e+02
1.000000e-06	2.303362e-06	1.197140e-08	1.652078e+01	7.848830e+02
1.010000e-06	2.427497e-06	1.270790e-08	1.741114e+01	8.335788e+02
1.020000e-06	2.550806e-06	1.339470e-08	1.829557e+01	8.788356e+02
1.030000e-06	2.672993e-06	1.403494e-08	1.917195e+01	9.208813e+02
1.040000e-06	2.794075e-06	1.463154e-08	2.004040e+01	9.600015e+02
1.050000e-06	2.914155e-06	1.518777e-08	2.090167e+01	9.964884e+02
1.060000e-06	3.033106e-06	1.570432e-08	2.175484e+01	1.030604e+03
1.070000e-06	3.150964e-06	1.618501e-08	2.260018e+01	1.062564e+03
1.080000e-06	3.267766e-06	1.663587e-08	2.343793e+01	1.092535e+03
1.090000e-06	3.383288e-06	1.705961e-08	2.426652e+01	1.120647e+03
1.100000e-06	3.497302e-06	1.745896e-08	2.508428e+01	1.147015e+03
1.110000e-06	3.609877e-06	1.783612e-08	2.589172e+01	1.171751e+03
1.120000e-06	3.721156e-06	1.819226e-08	2.668986e+01	1.194973e+03
1.130000e-06	3.831174e-06	1.852607e-08	2.747896e+01	1.216812e+03
1.140000e-06	3.940021e-06	1.884073e-08	2.825966e+01	1.237403e+03
1.150000e-06	4.047650e-06	1.913886e-08	2.903163e+01	1.256873e+03
1.160000e-06	4.153755e-06	1.941937e-08	2.979266e+01	1.275333e+03
1.170000e-06	4.258195e-06	1.968315e-08	3.054175e+01	1.292867e+03
1.180000e-06	4.361109e-06	1.993170e-08	3.127990e+01	1.309534e+03
1.190000e-06	4.462559e-06	2.016881e-08	3.200755e+01	1.325372e+03
1.200000e-06	4.562575e-06	2.039751e-08	3.272491e+01	1.340403e+03
1.210000e-06	4.660884e-06	2.061542e-08	3.343003e+01	1.354652e+03
1.220000e-06	4.757293e-06	2.082028e-08	3.412151e+01	1.368149e+03
1.230000e-06	4.851935e-06	2.101238e-08	3.480033e+01	1.380937e+03
1.240000e-06	4.944962e-06	2.119553e-08	3.546757e+01	1.393070e+03
1.250000e-06	5.036377e-06	2.137106e-08	3.612324e+01	1.404609e+03
1.260000e-06	5.125928e-06	2.153899e-08	3.676554e+01	1.415613e+03
1.270000e-06	5.213464e-06	2.169976e-08	3.739339e+01	1.426127e+03
1.280000e-06	5.299100e-06	2.185343e-08	3.800761e+01	1.436181e+03
1.290000e-06	5.382962e-06	2.200011e-08	3.860911e+01	1.445785e+03
1.300000e-06	5.464913e-06	2.213938e-08	3.919690e+01	1.454933e+03
1.310000e-06	5.544759e-06	2.227163e-08	3.976959e+01	1.463611e+03
1.320000e-06	5.622571e-06	2.239738e-08	4.032769e+01	1.471806e+03
1.330000e-06	5.698359e-06	2.251719e-08	4.087128e+01	1.479513e+03
1.340000e-06	5.771864e-06	2.262998e-08	4.139849e+01	1.486744e+03
1.350000e-06	5.843161e-06	2.273523e-08	4.190987e+01	1.493524e+03
1.360000e-06	5.912489e-06	2.283503e-08	4.240712e+01	1.499894e+03
1.370000e-06	5.979711e-06	2.292783e-08	4.288927e+01	1.505901e+03
1.380000e-06	6.044693e-06	2.301260e-08	4.335535e+01	1.511589e+03
1.390000e-06	6.107497e-06	2.309281e-08	4.380581e+01	1.516997e+03
1.400000e-06	6.168305e-06	2.316900e-08	4.424195e+01	1.522152e+03
1.410000e-06	6.227028e-06	2.324154e-08	4.466314e+01	1.527066e+03
1.420000e-06	6.283466e-06	2.331176e-08	4.506794e+01	1.531742e+03
1.430000e-06	6.337627e-06	2.337952e-08	4.545641e+01	1.536176e+03
1.440000e-06	6.389299e-06	2.344551e-08	4.582702e+01	1.540362e+03
1.450000e-06	6.438305e-06	2.350834e-08	4.617851e+01	1.544296e+03
1.460000e-06	6.484849e-06	2.356561e-08	4.651235e+01	1.547978e+03
1.470000e-06	6.529226e-06	2.361853e-08	4.683064e+01	1.551412e+03
1.480000e-06	6.571315e-06	2.366753e-08	4.713252e+01	1.554604e+03
1.490000e-06	6.610893e-06	2.371320e-08	4.741640e+01	1.557563e+03
1.500000e-06	6.648211e-06	2.375367e-08	4.768406e+01	1.560293e+03
1.510000e-06	6.683338e-06	2.378874e-08	4.793601e+01	1.562794e+03
1.520000e-06	6.715996e-06	2.382231e-08	4.817025e+01	1.565065e+03
1.530000e-06	6.746220e-06	2.385488e-08	4.838703e+01	1.567105e+03
1.540000e-06	6.774205e-06	2.388363e-08	4.858775e+01	1.568911e+03
1.550000e-06	6.799707e-06	2.390654e-08	4.877066e+01	1.570488e+03
1.560000e-06	6.822629e-06	2.392563e-08	4.893507e+01	1.571843e+03
1.570000e-06	6.843262e-06	2.394275e-08	4.908306e+01	1.572987e+03
1.580000e-06	6.861541e-06	2.395794e-08	4.921416e+01	1.573937e+03
1.590000e-06	6.877177e-06	2.397128e-08	4.932631e+01	1.574707e+03
1.600000e-06	6.890202e-06	2.398273e-08	4.941973e+01	1.575313e+03
1.610000e-06	6.900543e-06	2.399258e-08	4.949390e+01	1.575764e+03
1.620000e-06	6.908161e-06	2.399789e-08	4.954854e+01	1.576064e+03
1.630000e-06	6.913369e-06	2.399915e-08	4.958589e+01	1.576213e+03
1.640000e-06	6.916221e-06	2.399935e-08	4.960636e+01	1.576209e+03
1.650000e-06	6.916576e-06	2.399955e-08	4.960890e+01	1.576048e+03
1.660000e-06	6.914528e-06	2.399445e-08	4.959421e+01	1.575724e+03
1.670000e-06	6.910256e-06	2.398806e-08	4.956357e+01	1.575235e+03
1.680000e-06	6.903636e-06	2.397901e-08	4.951609e+01	1.574579e+03
1.690000e-06	6.894714e-06	2.396656e-08	4.945209e+01	1.573755e+03
1.700000e-06	6.883619e-06	2.395178e-08	4.937252e+01	1.572765e+03
1.710000e-06	6.870121e-06	2.393761e-08	4.927570e+01	1.571611e+03
1.720000e-06	6.854227e-06	2.392606e-08	4.916170e+01	1.570299e+03
1.730000e-06	6.836247e-06	2.388699e-08	4.903275e+01	1.568837e+03
1.740000e-06	6.816067e-06	2.382346e-08	4.888800e+01	1.567240e+03
1.750000e-06	6.792881e-06	2.381291e-08	4.872170e+01	1.565524e+03
1.760000e-06	6.766442e-06	2.380629e-08	4.853207e+01	1.563713e+03
1.770000e-06	6.737318e-06	2.377052e-08	4.832317e+01	1.561825e+03
1.780000e-06	6.705997e-06	2.377757e-08	4.809853e+01	1.559877e+03
1.790000e-06	6.672894e-06	2.377272e-08	4.786110e+01	1.557875e+03
1.800000e-06	6.638327e-06	2.368156e-08	4.761317e+01	1.555809e+03
1.810000e-06	6.601782e-06	2.370341e-08	4.735105e+01	1.553654e+03
1.820000e-06	6.562712e-06	2.369356e-08	4.707083e+01	1.551369e+03
1.830000e-06	6.521489e-06	2.363196e-08	4.677515e+01	1.548904e+03
1.840000e-06	6.478040e-06	2.364860e-08	4.646352e+01	1.546203e+03
1.850000e-06	6.432146e-06	2.353721e-08	4.613434e+01	1.543219e+03
1.860000e-06	6.383921e-06	2.348687e-08	4.578845e+01	1.539919e+03
1.870000e-06	6.333276e-06	2.343144e-08	4.542520e+01	1.536291e+03
1.880000e-06	6.280184e-06	2.334192e-08	4.504440e+01	1.532342e+03
1.890000e-06	6.224483e-06	2.334248e-08	4.464489e+01	1.528099e+03
1.900000e-06	6.166324e-06	2.324101e-08	4.422774e+01	1.523600e+03
1.910000e-06	6.105943e-06	2.318246e-08	4.379466e+01	1.518882e+03
1.920000e-06	6.043138e-06	2.312744e-08	4.334420e+01	1.513975e+03
1.930000e-06	5.978104e-06	2.301679e-08	4.287774e+01	1.508892e+03
1.940000e-06	5.910967e-06	2.296764e-08	4.239620e+01	1.503628e+03
1.950000e-06	5.841561e-06	2.286952e-08	4.189839e+01	1.498162e+03
1.960000e-06	5.769796e-06	2.279711e-08	4.138366e+01	1.492461e+03
1.970000e-06	5.695771e-06	2.268695e-08	4.085272e+01	1.486491e+03
1.980000e-06	5.619564e-06	2.258761e-08	4.030612e+01	1.480222e+03
1.990000e-06	5.541058e-06	2.250323e-08	3.974305e+01	1.473636e+03
2.000000e-06	5.460481e-06	2.238009e-08	3.916511e+01	1.466730e+03
2.010000e-06	5.378043e-06	2.228863e-08	3.857382e+01	1.459508e+03
2.020000e-06	5.293752e-06	2.216438e-08	3.796925e+01	1.451982e+03
2.030000e-06	5.207478e-06	2.205460e-08	3.735045e+01	1.444160e+03
2.040000e-06	5.119189e-06	2.192777e-08	3.671721e+01	1.436042e+03
2.050000e-06	5.029198e-06	2.179557e-08	3.607174e+01	1.427616e+03
2.060000e-06	4.937637e-06	2.166564e-08	3.541503e+01	1.418857e+03
2.070000e-06	4.844401e-06	2.152165e-08	3.474630e+01	1.409734e+03
2.080000e-06	4.749390e-06	2.138441e-08	3.406484e+01	1.400214e+03
2.090000e-06	4.652652e-06	2.123034e-08	3.337099e+01	1.390269e+03
2.100000e-06	4.554338e-06	2.107984e-08	3.266583e+01	1.379883e+03
2.110000e-06	4.454543e-06	2.091414e-08	3.195005e+01	1.369051e+03
2.120000e-06	4.353167e-06	2.074250e-08	3.122294e+01	1.357773e+03
2.130000e-06	4.250058e-06	2.055744e-08	3.048339e+01	1.346052e+03
2.140000e-06	4.145326e-06	2.037025e-08	2.973221e+01	1.333886e+03
2.150000e-06	4.039183e-06	2.018489e-08	2.897090e+01	1.321256e+03
2.160000e-06	3.931736e-06	1.998949e-08	2.820024e+01	1.308129e+03
2.170000e-06	3.822890e-06	1.978560e-08	2.741954e+01	1.294455e+03
2.180000e-06	3.712594e-06	1.956922e-08	2.662845e+01	1.280177e+03
2.190000e-06	3.600864e-06	1.934211e-08	2.582707e+01	1.265233e+03
2.200000e-06	3.487743e-06	1.909827e-08	2.501571e+01	1.249570e+03
2.210000e-06	3.373248e-06	1.884706e-08	2.419450e+01	1.233149e+03
2.220000e-06	3.257334e-06	1.858566e-08	2.336312e+01	1.215943e+03
2.230000e-06	3.140049e-06	1.831691e-08	2.252189e+01	1.197936e+03
2.240000e-06	3.021448e-06	1.803112e-08	2.167123e+01	1.179112e+03
2.250000e-06	2.901584e-06	1.773103e-08	2.081151e+01	1.159446e+03
2.260000e-06	2.780645e-06	1.741664e-08	1.994408e+01	1.138891e+03
2.270000e-06	2.658775e-06	1.708917e-08	1.906997e+01	1.117376e+03
2.280000e-06	2.535962e-06	1.674728e-08	1.818910e+01	1.094803e+03
2.290000e-06	2.412209e-06	1.638584e-08	1.730149e+01	1.071056e+03
2.300000e-06	2.287559e-06	1.600535e-08	1.640744e+01	1.046005e+03
2.310000e-06	2.162180e-06	1.560234e-08	1.550816e+01	1.019525e+03
2.320000e-06	2.036118e-06	1.517788e-08	1.460398e+01	9.914952e+02
2.330000e-06	1.909285e-06	1.472895e-08	1.369428e+01	9.618100e+02
2.340000e-06	1.781712e-06	1.425579e-08	1.277926e+01	9.303695e+02
2.350000e-06	1.653486e-06	1.375219e-08	1.185957e+01	8.970739e+02
2.360000e-06	1.524708e-06	1.321243e-08	1.093591e+01	8.618139e+02
2.370000e-06	1.395512e-06	1.263602e-08	1.000926e+01	8.244656e+02
2.380000e-06	1.265939e-06	1.202608e-08	9.079900e+00	7.848933e+02
2.390000e-06	1.135966e-06	1.138535e-08	8.147674e+00	7.429649e+02
2.400000e-06	1.005649e-06	1.071151e-08	7.212985e+00	6.985760e+02
2.410000e-06	8.750070e-07	1.000215e-08	6.275957e+00	6.516826e+02
2.420000e-06	7.440955e-07	9.254219e-09	5.336999e+00	6.023322e+02
2.430000e-06	6.129599e-07	8.467879e-09	4.396434e+00	5.506862e+02
2.440000e-06	4.815948e-07	7.645695e-09	3.454222e+00	4.970247e+02
2.450000e-06	3.500052e-07	6.796199e-09	2.510400e+00	4.417288e+02
2.460000e-06	2.182140e-07	5.932195e-09	1.565133e+00	3.852407e+02
2.470000e-06	8.634402e-08	5.058326e-09	6.192995e-01	3.280046e+02
2.480000e-06	-4.559874e-08	4.178423e-09	-3.270554e-01	2.704012e+02
2.490000e-06	-1.775611e-07	3.296791e-09	-1.273551e+00	2.126862e+02
2.500000e-06	-3.094224e-07	2.413758e-09	-2.219322e+00	1.549489e+02
2.510000e-06	-4.412090e-07	1.527861e-09	-3.164556e+00	9.710027e+01
2.520000e-06	-5.728964e-07	6.360435e-10	-4.109079e+00	3.889596e+01
2.530000e-06	-7.043726e-07	-2.654261e-10	-5.052088e+00	-2.000677e+01
2.540000e-06	-8.355331e-07	-1.181056e-09	-5.992832e+00	-7.996818e+01
2.550000e-06	-9.663631e-07	-2.116439e-09	-6.931206e+00	-1.412751e+02
2.560000e-06	-1.096872e-06	-3.074985e-09	-7.867279e+00	-2.040573e+02
2.570000e-06	-1.227007e-06	-4.056297e-09	-8.800664e+00	-2.682279e+02
2.580000e-06	-1.356792e-06	-5.053753e-09	-9.731542e+00	-3.334593e+02
2.590000e-06	-1.486170e-06	-6.059356e-09	-1.065950e+01	-3.991995e+02
2.600000e-06	-1.615061e-06	-7.064071e-09	-1.158397e+01	-4.647266e+02
2.610000e-06	-1.743502e-06	-8.054866e-09	-1.250521e+01	-5.292307e+02
2.620000e-06	-1.871356e-06	-9.016930e-09	-1.342224e+01	-5.919077e+02
2.630000e-06	-1.998304e-06	-9.938845e-09	-1.433276e+01	-6.520486e+02
2.640000e-06	-2.124319e-06	-1.081390e-08	-1.523660e+01	-7.091090e+02
2.650000e-06	-2.249542e-06	-1.163604e-08	-1.613476e+01	-7.627480e+02
2.660000e-06	-2.373989e-06	-1.240317e-08	-1.702735e+01	-8.128343e+02
2.670000e-06	-2.497538e-06	-1.311494e-08	-1.791351e+01	-8.594203e+02
2.680000e-06	-2.620054e-06	-1.377563e-08	-1.879225e+01	-9.026957e+02
2.690000e-06	-2.741601e-06	-1.439460e-08	-1.966404e+01	-9.429301e+02
2.700000e-06	-2.862243e-06	-1.497505e-08	-2.052934e+01	-9.804182e+02
2.710000e-06	-2.981861e-06	-1.551575e-08	-2.138729e+01	-1.015437e+03
2.720000e-06	-3.100191e-06	-1.601743e-08	-2.223601e+01	-1.048222e+03
2.730000e-06	-3.217255e-06	-1.648503e-08	-2.307565e+01	-1.078957e+03
2.740000e-06	-3.333062e-06	-1.692381e-08	-2.390627e+01	-1.107786e+03
2.750000e-06	-3.447527e-06	-1.733583e-08	-2.472727e+01	-1.134827e+03
2.760000e-06	-3.560513e-06	-1.772422e-08	-2.553765e+01	-1.160190e+03
2.770000e-06	-3.672023e-06	-1.809080e-08	-2.633746e+01	-1.183992e+03
2.780000e-06	-3.782178e-06	-1.843372e-08	-2.712754e+01	-1.206359e+03
2.790000e-06	-3.891079e-06	-1.875462e-08	-2.790863e+01	-1.227424e+03
2.800000e-06	-3.998796e-06	-1.905858e-08	-2.868123e+01	-1.247321e+03
2.810000e-06	-4.105227e-06	-1.934936e-08	-2.944460e+01	-1.266166e+03
2.820000e-06	-4.210341e-06	-1.962498e-08	-3.019852e+01	-1.284056e+03
2.830000e-06	-4.313901e-06	-1.988521e-08	-3.094130e+01	-1.301059e+03
2.840000e-06	-4.415685e-06	-2.013303e-08	-3.167134e+01	-1.317219e+03
2.850000e-06	-4.515818e-06	-2.036743e-08	-3.238955e+01	-1.332565e+03
2.860000e-06	-4.614492e-06	-2.058794e-08	-3.309729e+01	-1.347119e+03
2.870000e-06	-4.711665e-06	-2.079839e-08	-3.379425e+01	-1.360907e+03
2.880000e-06	-4.807161e-06	-2.100154e-08	-3.447919e+01	-1.373968e+03
2.890000e-06	-4.900839e-06	-2.119362e-08	-3.515110e+01	-1.386351e+03
2.900000e-06	-4.992735e-06	-2.137480e-08	-3.581022e+01	-1.398117e+03
2.910000e-06	-5.082902e-06	-2.154798e-08	-3.645693e+01	-1.409325e+03
2.920000e-06	-5.171265e-06	-2.171218e-08	-3.709072e+01	-1.420027e+03
2.930000e-06	-5.257619e-06	-2.186645e-08	-3.771008e+01	-1.430260e+03
2.940000e-06	-5.341916e-06	-2.201412e-08	-3.831470e+01	-1.440041e+03
2.950000e-06	-5.424400e-06	-2.215595e-08	-3.890632e+01	-1.449370e+03
2.960000e-06	-5.505148e-06	-2.228960e-08	-3.948548e+01	-1.458235e+03
2.970000e-06	-5.583836e-06	-2.241575e-08	-4.004987e+01	-1.466621e+03
2.980000e-06	-5.660128e-06	-2.253523e-08	-4.059707e+01	-1.474520e+03
2.990000e-06	-5.734198e-06	-2.264782e-08	-4.112833e+01	-1.481935e+03
3.000000e-06	-5.806262e-06	-2.275265e-08	-4.164521e+01	-1.488889e+03
3.010000e-06	-5.876177e-06	-2.285115e-08	-4.214667e+01	-1.495415e+03
3.020000e-06	-5.943932e-06	-2.294576e-08	-4.263265e+01	-1.501559e+03
3.030000e-06	-6.009687e-06	-2.303648e-08	-4.310427e+01	-1.507367e+03
3.040000e-06	-6.073350e-06	-2.312147e-08	-4.356089e+01	-1.512882e+03
3.050000e-06	-6.134757e-06	-2.320092e-08	-4.400133e+01	-1.518134e+03
3.060000e-06	-6.193943e-06	-2.327692e-08	-4.442584e+01	-1.523142e+03
3.070000e-06	-6.251052e-06	-2.335046e-08	-4.483545e+01	-1.527913e+03
3.080000e-06	-6.305989e-06	-2.342038e-08	-4.522949e+01	-1.532443e+03
3.090000e-06	-6.358422e-06	-2.348680e-08	-4.560556e+01	-1.536727e+03
3.100000e-06	-6.408130e-06	-2.354829e-08	-4.596209e+01	-1.540761e+03
3.110000e-06	-6.455213e-06	-2.360322e-08	-4.629979e+01	-1.544542e+03
3.120000e-06	-6.500142e-06	-2.365412e-08	-4.662204e+01	-1.548072e+03
3.130000e-06	-6.543082e-06	-2.370257e-08	-4.693003e+01	-1.551359e+03
3.140000e-06	-6.583888e-06	-2.374941e-08	-4.722270e+01	-1.554410e+03
3.150000e-06	-6.622348e-06	-2.379436e-08	-4.749856e+01	-1.557229e+03
3.160000e-06	-6.658371e-06	-2.383623e-08	-4.775693e+01	-1.559820e+03
3.170000e-06	-6.692064e-06	-2.387376e-08	-4.799860e+01	-1.562183e+03
3.180000e-06	-6.723360e-06	-2.390729e-08	-4.822306e+01	-1.564314e+03
3.190000e-06	-6.752173e-06	-2.393689e-08	-4.842972e+01	-1.566212e+03
3.200000e-06	-6.778543e-06	-2.396195e-08	-4.861886e+01	-1.567879e+03
3.210000e-06	-6.802502e-06	-2.398339e-08	-4.879071e+01	-1.569320e+03
3.220000e-06	-6.823954e-06	-2.400127e-08	-4.894457e+01	-1.570545e+03
3.230000e-06	-6.843014e-06	-2.401709e-08	-4.908128e+01	-1.571570e+03
3.240000e-06	-6.859770e-06	-2.402867e-08	-4.920146e+01	-1.572409e+03
3.250000e-06	-6.873816e-06	-2.403769e-08	-4.930220e+01	-1.573079e+03
3.260000e-06	-6.885074e-06	-2.404621e-08	-4.938295e+01	-1.573590e+03
3.270000e-06	-6.893847e-06	-2.405286e-08	-4.944588e+01	-1.573949e+03
3.280000e-06	-6.900109e-06	-2.405611e-08	-4.949079e+01	-1.574158e+03
3.290000e-06	-6.903901e-06	-2.405431e-08	-4.951799e+01	-1.574215e+03
3.300000e-06	-6.905403e-06	-2.404868e-08	-4.952876e+01	-1.574117e+03
