# Temperatura_=_73.62
# Concentracion g/m^3_=_28200.0
# C_Vs_to_Am_M_A/Vsm_=_65563218390.804596
# pendiente_HvsI_1/m_=_3716.3
# ordenada_HvsI_A/m_=_1297.0
# frecuencia_Hz_=_302287.27914957376

Tiempo_(s)	Campo_(V.s)	Magnetizacion_(V.s)	Campo_(kA/m)	Magnetizacion_(A/m)
0.000000e+00	-6.934154e-06	-2.660335e-08	-4.951782e+01	-1.742516e+03
1.000000e-08	-6.931162e-06	-2.659734e-08	-4.949645e+01	-1.742034e+03
2.000000e-08	-6.925810e-06	-2.658915e-08	-4.945824e+01	-1.741366e+03
3.000000e-08	-6.918324e-06	-2.658185e-08	-4.940478e+01	-1.740522e+03
4.000000e-08	-6.908460e-06	-2.657004e-08	-4.933434e+01	-1.739506e+03
5.000000e-08	-6.896035e-06	-2.655156e-08	-4.924561e+01	-1.738318e+03
6.000000e-08	-6.880974e-06	-2.652491e-08	-4.913805e+01	-1.736959e+03
7.000000e-08	-6.863533e-06	-2.649487e-08	-4.901350e+01	-1.735423e+03
8.000000e-08	-6.844194e-06	-2.647473e-08	-4.887540e+01	-1.733711e+03
9.000000e-08	-6.822670e-06	-2.649961e-08	-4.872170e+01	-1.731830e+03
1.000000e-07	-6.798355e-06	-2.646030e-08	-4.854806e+01	-1.729795e+03
1.100000e-07	-6.771184e-06	-2.638149e-08	-4.835403e+01	-1.727632e+03
1.200000e-07	-6.741532e-06	-2.634079e-08	-4.814227e+01	-1.725369e+03
1.300000e-07	-6.709706e-06	-2.630279e-08	-4.791500e+01	-1.723033e+03
1.400000e-07	-6.675731e-06	-2.621825e-08	-4.767238e+01	-1.720636e+03
1.500000e-07	-6.639963e-06	-2.618581e-08	-4.741696e+01	-1.718175e+03
1.600000e-07	-6.602393e-06	-2.623189e-08	-4.714867e+01	-1.715621e+03
1.700000e-07	-6.562612e-06	-2.608667e-08	-4.686459e+01	-1.712925e+03
1.800000e-07	-6.520536e-06	-2.604345e-08	-4.656411e+01	-1.710020e+03
1.900000e-07	-6.475977e-06	-2.602844e-08	-4.624591e+01	-1.706838e+03
2.000000e-07	-6.428995e-06	-2.590887e-08	-4.591040e+01	-1.703317e+03
2.100000e-07	-6.379495e-06	-2.590814e-08	-4.555692e+01	-1.699416e+03
2.200000e-07	-6.327284e-06	-2.584070e-08	-4.518407e+01	-1.695122e+03
2.300000e-07	-6.272547e-06	-2.576065e-08	-4.479319e+01	-1.690449e+03
2.400000e-07	-6.215439e-06	-2.568938e-08	-4.438537e+01	-1.685435e+03
2.500000e-07	-6.156014e-06	-2.558849e-08	-4.396101e+01	-1.680128e+03
2.600000e-07	-6.094328e-06	-2.552150e-08	-4.352049e+01	-1.674579e+03
2.700000e-07	-6.030415e-06	-2.542569e-08	-4.306408e+01	-1.668823e+03
2.800000e-07	-5.964228e-06	-2.533400e-08	-4.259144e+01	-1.662874e+03
2.900000e-07	-5.895805e-06	-2.523209e-08	-4.210282e+01	-1.656722e+03
3.000000e-07	-5.825157e-06	-2.512213e-08	-4.159831e+01	-1.650339e+03
3.100000e-07	-5.752275e-06	-2.503244e-08	-4.107784e+01	-1.643683e+03
3.200000e-07	-5.677118e-06	-2.492106e-08	-4.054114e+01	-1.636714e+03
3.300000e-07	-5.599569e-06	-2.483661e-08	-3.998735e+01	-1.629402e+03
3.400000e-07	-5.519703e-06	-2.470682e-08	-3.941702e+01	-1.621729e+03
3.500000e-07	-5.437842e-06	-2.457704e-08	-3.883243e+01	-1.613696e+03
3.600000e-07	-5.354228e-06	-2.445505e-08	-3.823534e+01	-1.605316e+03
3.700000e-07	-5.268849e-06	-2.431435e-08	-3.762563e+01	-1.596602e+03
3.800000e-07	-5.181682e-06	-2.419044e-08	-3.700316e+01	-1.587564e+03
3.900000e-07	-5.092676e-06	-2.404519e-08	-3.636756e+01	-1.578198e+03
4.000000e-07	-5.001817e-06	-2.389752e-08	-3.571872e+01	-1.568484e+03
4.100000e-07	-4.909212e-06	-2.373013e-08	-3.505741e+01	-1.558391e+03
4.200000e-07	-4.815023e-06	-2.356978e-08	-3.438479e+01	-1.547880e+03
4.300000e-07	-4.719214e-06	-2.340279e-08	-3.370061e+01	-1.536917e+03
4.400000e-07	-4.621666e-06	-2.322564e-08	-3.300400e+01	-1.525473e+03
4.500000e-07	-4.522370e-06	-2.304913e-08	-3.229492e+01	-1.513537e+03
4.600000e-07	-4.421381e-06	-2.286252e-08	-3.157374e+01	-1.501108e+03
4.700000e-07	-4.318824e-06	-2.266740e-08	-3.084136e+01	-1.488192e+03
4.800000e-07	-4.214862e-06	-2.245624e-08	-3.009895e+01	-1.474792e+03
4.900000e-07	-4.109405e-06	-2.224639e-08	-2.934587e+01	-1.460901e+03
5.000000e-07	-4.002316e-06	-2.202464e-08	-2.858113e+01	-1.446492e+03
5.100000e-07	-3.893727e-06	-2.179321e-08	-2.780568e+01	-1.431522e+03
5.200000e-07	-3.783787e-06	-2.155095e-08	-2.702059e+01	-1.415931e+03
5.300000e-07	-3.672460e-06	-2.130183e-08	-2.622558e+01	-1.399655e+03
5.400000e-07	-3.559753e-06	-2.104144e-08	-2.542072e+01	-1.382633e+03
5.500000e-07	-3.445667e-06	-2.076632e-08	-2.460602e+01	-1.364818e+03
5.600000e-07	-3.330060e-06	-2.048200e-08	-2.378045e+01	-1.346179e+03
5.700000e-07	-3.212989e-06	-2.018317e-08	-2.294443e+01	-1.326699e+03
5.800000e-07	-3.094747e-06	-1.987372e-08	-2.210004e+01	-1.306366e+03
5.900000e-07	-2.975430e-06	-1.955059e-08	-2.124799e+01	-1.285160e+03
6.000000e-07	-2.854959e-06	-1.921669e-08	-2.038768e+01	-1.263038e+03
6.100000e-07	-2.733422e-06	-1.886340e-08	-1.951977e+01	-1.239932e+03
6.200000e-07	-2.610794e-06	-1.849005e-08	-1.864406e+01	-1.215738e+03
6.300000e-07	-2.487061e-06	-1.809647e-08	-1.776047e+01	-1.190327e+03
6.400000e-07	-2.362466e-06	-1.768229e-08	-1.687072e+01	-1.163557e+03
6.500000e-07	-2.237109e-06	-1.724738e-08	-1.597553e+01	-1.135283e+03
6.600000e-07	-2.111092e-06	-1.679152e-08	-1.507562e+01	-1.105373e+03
6.700000e-07	-1.984470e-06	-1.631235e-08	-1.417139e+01	-1.073715e+03
6.800000e-07	-1.857113e-06	-1.580231e-08	-1.326192e+01	-1.040209e+03
6.900000e-07	-1.728975e-06	-1.526245e-08	-1.234687e+01	-1.004760e+03
7.000000e-07	-1.600160e-06	-1.469027e-08	-1.142698e+01	-9.672648e+02
7.100000e-07	-1.470854e-06	-1.408747e-08	-1.050359e+01	-9.275952e+02
7.200000e-07	-1.341169e-06	-1.344609e-08	-9.577487e+00	-8.855964e+02
7.300000e-07	-1.211111e-06	-1.276316e-08	-8.648720e+00	-8.410949e+02
7.400000e-07	-1.080614e-06	-1.203757e-08	-7.716823e+00	-7.939224e+02
7.500000e-07	-9.496391e-07	-1.126980e-08	-6.781513e+00	-7.439523e+02
7.600000e-07	-8.182439e-07	-1.046606e-08	-5.843201e+00	-6.911403e+02
7.700000e-07	-6.865509e-07	-9.621952e-09	-4.902762e+00	-6.355615e+02
7.800000e-07	-5.546349e-07	-8.740888e-09	-3.960730e+00	-5.774298e+02
7.900000e-07	-4.225589e-07	-7.826953e-09	-3.017556e+00	-5.170941e+02
8.000000e-07	-2.903687e-07	-6.883772e-09	-2.073566e+00	-4.550057e+02
8.100000e-07	-1.580630e-07	-5.917904e-09	-1.128751e+00	-3.916606e+02
8.200000e-07	-2.566247e-08	-4.936067e-09	-1.832595e-01	-3.275252e+02
8.300000e-07	1.068217e-07	-3.948139e-09	7.628294e-01	-2.629617e+02
8.400000e-07	2.393224e-07	-2.960772e-09	1.709037e+00	-1.981672e+02
8.500000e-07	3.717351e-07	-1.972703e-09	2.654616e+00	-1.331437e+02
8.600000e-07	5.039957e-07	-9.799368e-10	3.599108e+00	-6.770629e+01
8.700000e-07	6.361072e-07	2.328139e-11	4.542536e+00	-1.533405e+00
8.800000e-07	7.680525e-07	1.042173e-09	5.484777e+00	6.575065e+01
8.900000e-07	8.997880e-07	2.083553e-09	6.425519e+00	1.344738e+02
9.000000e-07	1.031208e-06	3.151859e-09	7.364007e+00	2.048158e+02
9.100000e-07	1.162192e-06	4.246584e-09	8.299384e+00	2.767284e+02
9.200000e-07	1.292724e-06	5.364375e-09	9.231530e+00	3.498939e+02
9.300000e-07	1.422728e-06	6.493856e-09	1.015991e+01	4.237298e+02
9.400000e-07	1.552206e-06	7.623157e-09	1.108453e+01	4.974395e+02
9.500000e-07	1.681223e-06	8.732579e-09	1.200586e+01	5.701009e+02
9.600000e-07	1.809593e-06	9.803787e-09	1.292257e+01	6.407736e+02
9.700000e-07	1.937110e-06	1.082735e-08	1.383319e+01	7.086080e+02
9.800000e-07	2.063825e-06	1.179683e-08	1.473808e+01	7.729341e+02
9.900000e-07	2.189867e-06	1.270942e-08	1.563817e+01	8.333180e+02
1.000000e-06	2.315236e-06	1.356086e-08	1.653345e+01	8.895781e+02
1.010000e-06	2.439829e-06	1.435321e-08	1.742318e+01	9.417619e+02
1.020000e-06	2.563516e-06	1.508838e-08	1.830645e+01	9.900944e+02
1.030000e-06	2.686238e-06	1.577171e-08	1.918282e+01	1.034909e+03
1.040000e-06	2.807974e-06	1.640596e-08	2.005216e+01	1.076579e+03
1.050000e-06	2.928633e-06	1.699574e-08	2.091380e+01	1.115458e+03
1.060000e-06	3.048133e-06	1.754642e-08	2.176717e+01	1.151847e+03
1.070000e-06	3.166490e-06	1.806118e-08	2.261238e+01	1.185976e+03
1.080000e-06	3.283747e-06	1.854292e-08	2.344972e+01	1.218017e+03
1.090000e-06	3.399808e-06	1.899528e-08	2.427854e+01	1.248098e+03
1.100000e-06	3.514484e-06	1.942238e-08	2.509745e+01	1.276328e+03
1.110000e-06	3.627691e-06	1.982593e-08	2.590588e+01	1.302821e+03
1.120000e-06	3.739478e-06	2.020719e-08	2.670416e+01	1.327707e+03
1.130000e-06	3.849918e-06	2.056637e-08	2.749283e+01	1.351126e+03
1.140000e-06	3.959136e-06	2.090555e-08	2.827278e+01	1.373227e+03
1.150000e-06	4.067120e-06	2.122507e-08	2.904390e+01	1.394150e+03
1.160000e-06	4.173672e-06	2.152727e-08	2.980481e+01	1.414016e+03
1.170000e-06	4.278676e-06	2.181273e-08	3.055466e+01	1.432915e+03
1.180000e-06	4.382039e-06	2.208194e-08	3.129279e+01	1.450907e+03
1.190000e-06	4.483841e-06	2.233799e-08	3.201977e+01	1.468028e+03
1.200000e-06	4.584144e-06	2.258389e-08	3.273605e+01	1.484301e+03
1.210000e-06	4.682817e-06	2.281820e-08	3.344069e+01	1.499749e+03
1.220000e-06	4.779685e-06	2.304133e-08	3.413244e+01	1.514401e+03
1.230000e-06	4.874711e-06	2.325348e-08	3.481104e+01	1.528302e+03
1.240000e-06	4.968052e-06	2.345570e-08	3.547760e+01	1.541511e+03
1.250000e-06	5.059709e-06	2.364687e-08	3.613213e+01	1.554090e+03
1.260000e-06	5.149546e-06	2.382823e-08	3.677367e+01	1.566100e+03
1.270000e-06	5.237488e-06	2.400178e-08	3.740168e+01	1.577590e+03
1.280000e-06	5.323523e-06	2.416795e-08	3.801606e+01	1.588590e+03
1.290000e-06	5.407669e-06	2.432711e-08	3.861696e+01	1.599114e+03
1.300000e-06	5.489920e-06	2.447926e-08	3.920433e+01	1.609161e+03
1.310000e-06	5.570117e-06	2.462563e-08	3.977703e+01	1.618722e+03
1.320000e-06	5.648264e-06	2.476695e-08	4.033509e+01	1.627788e+03
1.330000e-06	5.724367e-06	2.490237e-08	4.087855e+01	1.636358e+03
1.340000e-06	5.798198e-06	2.502897e-08	4.140579e+01	1.644444e+03
1.350000e-06	5.869780e-06	2.514692e-08	4.191697e+01	1.652068e+03
1.360000e-06	5.939281e-06	2.525817e-08	4.241329e+01	1.659259e+03
1.370000e-06	6.006680e-06	2.536346e-08	4.289459e+01	1.666050e+03
1.380000e-06	6.071880e-06	2.546002e-08	4.336020e+01	1.672473e+03
1.390000e-06	6.134911e-06	2.555058e-08	4.381030e+01	1.678554e+03
1.400000e-06	6.195928e-06	2.563723e-08	4.424604e+01	1.684310e+03
1.410000e-06	6.254864e-06	2.571945e-08	4.466691e+01	1.689756e+03
1.420000e-06	6.311522e-06	2.579747e-08	4.507151e+01	1.694903e+03
1.430000e-06	6.365893e-06	2.587156e-08	4.545978e+01	1.699761e+03
1.440000e-06	6.417799e-06	2.594378e-08	4.583045e+01	1.704346e+03
1.450000e-06	6.467058e-06	2.601273e-08	4.618222e+01	1.708673e+03
1.460000e-06	6.513813e-06	2.607571e-08	4.651610e+01	1.712758e+03
1.470000e-06	6.558347e-06	2.613431e-08	4.683413e+01	1.716613e+03
1.480000e-06	6.600597e-06	2.619109e-08	4.713584e+01	1.720246e+03
1.490000e-06	6.640370e-06	2.624517e-08	4.741986e+01	1.723652e+03
1.500000e-06	6.677833e-06	2.629386e-08	4.768740e+01	1.726821e+03
1.510000e-06	6.713060e-06	2.633774e-08	4.793896e+01	1.729736e+03
1.520000e-06	6.745864e-06	2.637818e-08	4.817321e+01	1.732380e+03
1.530000e-06	6.776240e-06	2.641338e-08	4.839014e+01	1.734741e+03
1.540000e-06	6.804365e-06	2.644232e-08	4.859098e+01	1.736815e+03
1.550000e-06	6.830021e-06	2.646811e-08	4.877419e+01	1.738610e+03
1.560000e-06	6.853026e-06	2.649267e-08	4.893848e+01	1.740143e+03
1.570000e-06	6.873629e-06	2.651397e-08	4.908560e+01	1.741437e+03
1.580000e-06	6.891880e-06	2.653176e-08	4.921593e+01	1.742518e+03
1.590000e-06	6.907586e-06	2.654575e-08	4.932810e+01	1.743407e+03
1.600000e-06	6.920683e-06	2.655714e-08	4.942162e+01	1.744115e+03
1.610000e-06	6.931014e-06	2.656688e-08	4.949540e+01	1.744649e+03
1.620000e-06	6.938640e-06	2.657334e-08	4.954985e+01	1.745006e+03
1.630000e-06	6.943880e-06	2.657710e-08	4.958728e+01	1.745178e+03
1.640000e-06	6.946645e-06	2.657901e-08	4.960702e+01	1.745158e+03
1.650000e-06	6.946908e-06	2.657868e-08	4.960890e+01	1.744944e+03
1.660000e-06	6.944840e-06	2.656916e-08	4.959413e+01	1.744536e+03
1.670000e-06	6.940528e-06	2.655876e-08	4.956334e+01	1.743941e+03
1.680000e-06	6.933854e-06	2.654880e-08	4.951567e+01	1.743165e+03
1.690000e-06	6.924873e-06	2.653716e-08	4.945154e+01	1.742215e+03
1.700000e-06	6.913665e-06	2.652326e-08	4.937150e+01	1.741095e+03
1.710000e-06	6.899969e-06	2.650903e-08	4.927370e+01	1.739803e+03
1.720000e-06	6.883892e-06	2.649666e-08	4.915889e+01	1.738336e+03
1.730000e-06	6.865792e-06	2.645240e-08	4.902964e+01	1.736692e+03
1.740000e-06	6.845492e-06	2.636408e-08	4.888467e+01	1.734876e+03
1.750000e-06	6.822169e-06	2.636037e-08	4.871812e+01	1.732898e+03
1.760000e-06	6.795554e-06	2.636125e-08	4.852806e+01	1.730782e+03
1.770000e-06	6.766145e-06	2.631066e-08	4.831804e+01	1.728555e+03
1.780000e-06	6.734500e-06	2.631865e-08	4.809206e+01	1.726244e+03
1.790000e-06	6.701152e-06	2.632493e-08	4.785392e+01	1.723870e+03
1.800000e-06	6.666383e-06	2.620013e-08	4.760563e+01	1.721436e+03
1.810000e-06	6.629615e-06	2.621901e-08	4.734306e+01	1.718923e+03
1.820000e-06	6.590326e-06	2.621329e-08	4.706250e+01	1.716290e+03
1.830000e-06	6.548834e-06	2.612488e-08	4.676620e+01	1.713475e+03
1.840000e-06	6.505089e-06	2.617923e-08	4.645380e+01	1.710409e+03
1.850000e-06	6.458963e-06	2.603241e-08	4.612441e+01	1.707027e+03
1.860000e-06	6.410496e-06	2.597405e-08	4.577830e+01	1.703278e+03
1.870000e-06	6.359558e-06	2.595073e-08	4.541454e+01	1.699138e+03
1.880000e-06	6.306149e-06	2.581412e-08	4.503314e+01	1.694610e+03
1.890000e-06	6.250150e-06	2.582455e-08	4.463325e+01	1.689724e+03
1.900000e-06	6.191688e-06	2.570754e-08	4.421576e+01	1.684526e+03
1.910000e-06	6.130957e-06	2.562801e-08	4.378207e+01	1.679066e+03
1.920000e-06	6.067803e-06	2.557070e-08	4.333108e+01	1.673388e+03
1.930000e-06	6.002466e-06	2.543114e-08	4.286450e+01	1.667514e+03
1.940000e-06	5.935035e-06	2.540117e-08	4.238296e+01	1.661444e+03
1.950000e-06	5.865314e-06	2.526631e-08	4.188507e+01	1.655156e+03
1.960000e-06	5.793199e-06	2.518743e-08	4.137009e+01	1.648612e+03
1.970000e-06	5.718816e-06	2.506495e-08	4.083891e+01	1.641770e+03
1.980000e-06	5.642223e-06	2.493561e-08	4.029195e+01	1.634595e+03
1.990000e-06	5.563217e-06	2.486175e-08	3.972775e+01	1.627064e+03
2.000000e-06	5.482195e-06	2.470869e-08	3.914916e+01	1.619171e+03
2.010000e-06	5.399415e-06	2.461576e-08	3.855803e+01	1.610926e+03
2.020000e-06	5.314778e-06	2.446293e-08	3.795362e+01	1.602341e+03
2.030000e-06	5.228107e-06	2.432803e-08	3.733468e+01	1.593430e+03
2.040000e-06	5.139446e-06	2.418395e-08	3.670154e+01	1.584193e+03
2.050000e-06	5.049127e-06	2.403053e-08	3.605656e+01	1.574619e+03
2.060000e-06	4.957163e-06	2.389842e-08	3.539984e+01	1.564678e+03
2.070000e-06	4.863474e-06	2.372945e-08	3.473079e+01	1.554336e+03
2.080000e-06	4.767942e-06	2.357967e-08	3.404858e+01	1.543554e+03
2.090000e-06	4.670692e-06	2.339533e-08	3.335411e+01	1.532301e+03
2.100000e-06	4.571925e-06	2.322361e-08	3.264879e+01	1.520558e+03
2.110000e-06	4.471626e-06	2.303667e-08	3.193255e+01	1.508322e+03
2.120000e-06	4.369662e-06	2.284477e-08	3.120441e+01	1.495596e+03
2.130000e-06	4.265953e-06	2.264275e-08	3.046380e+01	1.482386e+03
2.140000e-06	4.160743e-06	2.242884e-08	2.971248e+01	1.468689e+03
2.150000e-06	4.054152e-06	2.221847e-08	2.895130e+01	1.454488e+03
2.160000e-06	3.946184e-06	2.199326e-08	2.818028e+01	1.439744e+03
2.170000e-06	3.836864e-06	2.176829e-08	2.739961e+01	1.424404e+03
2.180000e-06	3.726105e-06	2.152446e-08	2.660867e+01	1.408405e+03
2.190000e-06	3.613845e-06	2.127375e-08	2.580700e+01	1.391682e+03
2.200000e-06	3.500139e-06	2.100202e-08	2.499501e+01	1.374183e+03
2.210000e-06	3.385026e-06	2.072310e-08	2.417297e+01	1.355870e+03
2.220000e-06	3.268410e-06	2.043095e-08	2.334020e+01	1.336722e+03
2.230000e-06	3.150455e-06	2.013190e-08	2.249786e+01	1.316725e+03
2.240000e-06	3.031211e-06	1.981554e-08	2.164633e+01	1.295865e+03
2.250000e-06	2.910726e-06	1.948269e-08	2.078593e+01	1.274109e+03
2.260000e-06	2.789234e-06	1.913773e-08	1.991833e+01	1.251400e+03
2.270000e-06	2.666847e-06	1.877600e-08	1.904435e+01	1.227646e+03
2.280000e-06	2.543563e-06	1.839900e-08	1.816396e+01	1.202730e+03
2.290000e-06	2.419281e-06	1.799663e-08	1.727644e+01	1.176511e+03
2.300000e-06	2.294090e-06	1.757397e-08	1.638244e+01	1.148843e+03
2.310000e-06	2.168170e-06	1.712812e-08	1.548322e+01	1.119591e+03
2.320000e-06	2.041483e-06	1.666127e-08	1.457853e+01	1.088632e+03
2.330000e-06	1.913984e-06	1.616577e-08	1.366804e+01	1.055862e+03
2.340000e-06	1.785781e-06	1.564149e-08	1.275252e+01	1.021188e+03
2.350000e-06	1.656978e-06	1.508275e-08	1.183273e+01	9.845098e+02
2.360000e-06	1.527642e-06	1.448769e-08	1.090912e+01	9.457109e+02
2.370000e-06	1.397854e-06	1.385677e-08	9.982283e+00	9.046467e+02
2.380000e-06	1.267689e-06	1.319009e-08	9.052751e+00	8.611491e+02
2.390000e-06	1.137175e-06	1.248864e-08	8.120737e+00	8.150439e+02
2.400000e-06	1.006377e-06	1.174485e-08	7.186690e+00	7.661832e+02
2.410000e-06	8.753127e-07	1.095734e-08	6.250738e+00	7.144855e+02
2.420000e-06	7.438909e-07	1.012661e-08	5.312235e+00	6.599757e+02
2.430000e-06	6.121990e-07	9.255244e-09	4.371804e+00	6.028119e+02
2.440000e-06	4.803488e-07	8.347195e-09	3.430242e+00	5.432925e+02
2.450000e-06	3.482756e-07	7.409072e-09	2.487087e+00	4.818341e+02
2.460000e-06	2.160107e-07	6.448723e-09	1.542564e+00	4.189233e+02
2.470000e-06	8.354698e-08	5.470949e-09	5.966213e-01	3.550474e+02
2.480000e-06	-4.901456e-08	4.484476e-09	-3.500203e-01	2.906180e+02
2.490000e-06	-1.815309e-07	3.492756e-09	-1.296339e+00	2.259025e+02
2.500000e-06	-3.140069e-07	2.496449e-09	-2.242370e+00	1.609809e+02
2.510000e-06	-4.463350e-07	1.496975e-09	-3.187344e+00	9.573805e+01
2.520000e-06	-5.784556e-07	4.904758e-10	-4.130837e+00	2.989767e+01
2.530000e-06	-7.104033e-07	-5.298239e-10	-5.073095e+00	-3.690615e+01
2.540000e-06	-8.421296e-07	-1.569383e-09	-6.013772e+00	-1.050327e+02
2.550000e-06	-9.735205e-07	-2.632145e-09	-6.952054e+00	-1.747308e+02
2.560000e-06	-1.104532e-06	-3.719593e-09	-7.887629e+00	-2.460493e+02
2.570000e-06	-1.235194e-06	-4.829879e-09	-8.820704e+00	-3.187785e+02
2.580000e-06	-1.365463e-06	-5.957388e-09	-9.750973e+00	-3.924362e+02
2.590000e-06	-1.495309e-06	-7.090179e-09	-1.067822e+01	-4.663012e+02
2.600000e-06	-1.624709e-06	-8.212481e-09	-1.160229e+01	-5.394884e+02
2.610000e-06	-1.753563e-06	-9.308143e-09	-1.252245e+01	-6.110515e+02
2.620000e-06	-1.881737e-06	-1.036451e-08	-1.343776e+01	-6.800928e+02
2.630000e-06	-2.009164e-06	-1.137044e-08	-1.434774e+01	-7.458631e+02
2.640000e-06	-2.135827e-06	-1.231726e-08	-1.525225e+01	-8.078317e+02
2.650000e-06	-2.261723e-06	-1.320296e-08	-1.615130e+01	-8.657184e+02
2.660000e-06	-2.386770e-06	-1.402741e-08	-1.704428e+01	-9.194856e+02
2.670000e-06	-2.510856e-06	-1.479258e-08	-1.793039e+01	-9.692961e+02
2.680000e-06	-2.633935e-06	-1.550297e-08	-1.880932e+01	-1.015449e+03
2.690000e-06	-2.756008e-06	-1.616216e-08	-1.968106e+01	-1.058311e+03
2.700000e-06	-2.877067e-06	-1.677688e-08	-2.054556e+01	-1.098247e+03
2.710000e-06	-2.997066e-06	-1.735125e-08	-2.140249e+01	-1.135583e+03
2.720000e-06	-3.115951e-06	-1.788701e-08	-2.225147e+01	-1.170578e+03
2.730000e-06	-3.233634e-06	-1.838528e-08	-2.309186e+01	-1.203423e+03
2.740000e-06	-3.349991e-06	-1.885358e-08	-2.392278e+01	-1.234260e+03
2.750000e-06	-3.464948e-06	-1.929623e-08	-2.474371e+01	-1.263204e+03
2.760000e-06	-3.578480e-06	-1.971065e-08	-2.555446e+01	-1.290366e+03
2.770000e-06	-3.690615e-06	-2.010243e-08	-2.635523e+01	-1.315867e+03
2.780000e-06	-3.801324e-06	-2.047414e-08	-2.714582e+01	-1.339845e+03
2.790000e-06	-3.910685e-06	-2.082266e-08	-2.792678e+01	-1.362447e+03
2.800000e-06	-4.018838e-06	-2.114852e-08	-2.869912e+01	-1.383818e+03
2.810000e-06	-4.125709e-06	-2.145592e-08	-2.946230e+01	-1.404087e+03
2.820000e-06	-4.231184e-06	-2.174896e-08	-3.021551e+01	-1.423358e+03
2.830000e-06	-4.335101e-06	-2.202952e-08	-3.095759e+01	-1.441701e+03
2.840000e-06	-4.437347e-06	-2.229651e-08	-3.168775e+01	-1.459161e+03
2.850000e-06	-4.537984e-06	-2.255040e-08	-3.240641e+01	-1.475766e+03
2.860000e-06	-4.637064e-06	-2.279173e-08	-3.311396e+01	-1.491534e+03
2.870000e-06	-4.734579e-06	-2.302216e-08	-3.381033e+01	-1.506495e+03
2.880000e-06	-4.830410e-06	-2.324288e-08	-3.449468e+01	-1.520685e+03
2.890000e-06	-4.924440e-06	-2.345114e-08	-3.516615e+01	-1.534159e+03
2.900000e-06	-5.016692e-06	-2.364758e-08	-3.582494e+01	-1.546979e+03
2.910000e-06	-5.107182e-06	-2.383545e-08	-3.647114e+01	-1.559206e+03
2.920000e-06	-5.195890e-06	-2.401468e-08	-3.710462e+01	-1.570896e+03
2.930000e-06	-5.282646e-06	-2.418445e-08	-3.772416e+01	-1.582086e+03
2.940000e-06	-5.367326e-06	-2.434672e-08	-3.832887e+01	-1.592797e+03
2.950000e-06	-5.450106e-06	-2.450326e-08	-3.892001e+01	-1.603033e+03
2.960000e-06	-5.531085e-06	-2.465150e-08	-3.949829e+01	-1.612786e+03
2.970000e-06	-5.610008e-06	-2.478991e-08	-4.006189e+01	-1.622047e+03
2.980000e-06	-5.686628e-06	-2.492137e-08	-4.060906e+01	-1.630812e+03
2.990000e-06	-5.761028e-06	-2.504672e-08	-4.114035e+01	-1.639087e+03
3.000000e-06	-5.833336e-06	-2.516494e-08	-4.165672e+01	-1.646890e+03
3.010000e-06	-5.903514e-06	-2.527588e-08	-4.215787e+01	-1.654247e+03
3.020000e-06	-5.971507e-06	-2.538132e-08	-4.264342e+01	-1.661192e+03
3.030000e-06	-6.037444e-06	-2.548226e-08	-4.311428e+01	-1.667757e+03
3.040000e-06	-6.101321e-06	-2.557776e-08	-4.357043e+01	-1.673970e+03
3.050000e-06	-6.162962e-06	-2.566739e-08	-4.401063e+01	-1.679852e+03
3.060000e-06	-6.222284e-06	-2.575146e-08	-4.443425e+01	-1.685419e+03
3.070000e-06	-6.279438e-06	-2.583253e-08	-4.484240e+01	-1.690682e+03
3.080000e-06	-6.334469e-06	-2.590923e-08	-4.523538e+01	-1.695653e+03
3.090000e-06	-6.387032e-06	-2.598027e-08	-4.561074e+01	-1.700343e+03
3.100000e-06	-6.436898e-06	-2.604566e-08	-4.596684e+01	-1.704770e+03
3.110000e-06	-6.484156e-06	-2.610575e-08	-4.630432e+01	-1.708948e+03
3.120000e-06	-6.529228e-06	-2.616309e-08	-4.662618e+01	-1.712894e+03
3.130000e-06	-6.572297e-06	-2.621854e-08	-4.693374e+01	-1.716614e+03
3.140000e-06	-6.613206e-06	-2.627253e-08	-4.722588e+01	-1.720110e+03
3.150000e-06	-6.651735e-06	-2.632442e-08	-4.750103e+01	-1.723374e+03
3.160000e-06	-6.687837e-06	-2.637196e-08	-4.775883e+01	-1.726392e+03
3.170000e-06	-6.721639e-06	-2.641346e-08	-4.800022e+01	-1.729144e+03
3.180000e-06	-6.753030e-06	-2.644922e-08	-4.822439e+01	-1.731618e+03
3.190000e-06	-6.781874e-06	-2.648116e-08	-4.843036e+01	-1.733805e+03
3.200000e-06	-6.808297e-06	-2.651025e-08	-4.861905e+01	-1.735708e+03
3.210000e-06	-6.832331e-06	-2.653548e-08	-4.879069e+01	-1.737342e+03
3.220000e-06	-6.853825e-06	-2.655728e-08	-4.894418e+01	-1.738728e+03
3.230000e-06	-6.872917e-06	-2.657596e-08	-4.908052e+01	-1.739890e+03
3.240000e-06	-6.889638e-06	-2.659026e-08	-4.919993e+01	-1.740853e+03
3.250000e-06	-6.903639e-06	-2.660272e-08	-4.929991e+01	-1.741631e+03
3.260000e-06	-6.914801e-06	-2.661217e-08	-4.937961e+01	-1.742234e+03
3.270000e-06	-6.923482e-06	-2.661872e-08	-4.944161e+01	-1.742661e+03
3.280000e-06	-6.929736e-06	-2.662218e-08	-4.948627e+01	-1.742907e+03
3.290000e-06	-6.933474e-06	-2.661968e-08	-4.951296e+01	-1.742964e+03
3.300000e-06	-6.934874e-06	-2.661107e-08	-4.952296e+01	-1.742827e+03
