# Temperatura_=_49.17
# Concentracion g/m^3_=_28200.0
# C_Vs_to_Am_M_A/Vsm_=_65563218390.804596
# pendiente_HvsI_1/m_=_3716.3
# ordenada_HvsI_A/m_=_1297.0
# frecuencia_Hz_=_302550.28218569653

Tiempo_(s)	Campo_(V.s)	Magnetizacion_(V.s)	Campo_(kA/m)	Magnetizacion_(A/m)
0.000000e+00	-7.864798e-06	-2.530019e-08	-5.683786e+01	-1.655143e+03
1.000000e-08	-7.861432e-06	-2.529803e-08	-5.681354e+01	-1.654702e+03
2.000000e-08	-7.855484e-06	-2.528953e-08	-5.677055e+01	-1.654141e+03
3.000000e-08	-7.846919e-06	-2.528121e-08	-5.670865e+01	-1.653492e+03
4.000000e-08	-7.835551e-06	-2.527235e-08	-5.662650e+01	-1.652771e+03
5.000000e-08	-7.821313e-06	-2.525764e-08	-5.652361e+01	-1.651972e+03
6.000000e-08	-7.804333e-06	-2.523425e-08	-5.640089e+01	-1.651070e+03
7.000000e-08	-7.785000e-06	-2.520801e-08	-5.626117e+01	-1.650029e+03
8.000000e-08	-7.763401e-06	-2.519185e-08	-5.610508e+01	-1.648817e+03
9.000000e-08	-7.739015e-06	-2.522104e-08	-5.592884e+01	-1.647424e+03
1.000000e-07	-7.711469e-06	-2.520842e-08	-5.572978e+01	-1.645863e+03
1.100000e-07	-7.680897e-06	-2.514119e-08	-5.550884e+01	-1.644179e+03
1.200000e-07	-7.647475e-06	-2.510636e-08	-5.526729e+01	-1.642432e+03
1.300000e-07	-7.611401e-06	-2.507623e-08	-5.500659e+01	-1.640684e+03
1.400000e-07	-7.573017e-06	-2.500443e-08	-5.472920e+01	-1.638975e+03
1.500000e-07	-7.532474e-06	-2.492954e-08	-5.443620e+01	-1.637311e+03
1.600000e-07	-7.489591e-06	-2.497547e-08	-5.412629e+01	-1.635651e+03
1.700000e-07	-7.444148e-06	-2.496684e-08	-5.379788e+01	-1.633913e+03
1.800000e-07	-7.396076e-06	-2.485248e-08	-5.345047e+01	-1.631992e+03
1.900000e-07	-7.345090e-06	-2.486378e-08	-5.308200e+01	-1.629780e+03
2.000000e-07	-7.291140e-06	-2.479718e-08	-5.269211e+01	-1.627193e+03
2.100000e-07	-7.234523e-06	-2.472126e-08	-5.228295e+01	-1.624193e+03
2.200000e-07	-7.175288e-06	-2.471624e-08	-5.185487e+01	-1.620790e+03
2.300000e-07	-7.113457e-06	-2.466965e-08	-5.140802e+01	-1.617046e+03
2.400000e-07	-7.048985e-06	-2.462139e-08	-5.094209e+01	-1.613046e+03
2.500000e-07	-6.981801e-06	-2.450749e-08	-5.045656e+01	-1.608884e+03
2.600000e-07	-6.911957e-06	-2.445104e-08	-4.995181e+01	-1.604627e+03
2.700000e-07	-6.839308e-06	-2.438980e-08	-4.942678e+01	-1.600306e+03
2.800000e-07	-6.763916e-06	-2.430126e-08	-4.888193e+01	-1.595899e+03
2.900000e-07	-6.685892e-06	-2.423400e-08	-4.831806e+01	-1.591348e+03
3.000000e-07	-6.605119e-06	-2.417669e-08	-4.773433e+01	-1.586569e+03
3.100000e-07	-6.521914e-06	-2.410536e-08	-4.713301e+01	-1.581483e+03
3.200000e-07	-6.436560e-06	-2.397917e-08	-4.651617e+01	-1.576036e+03
3.300000e-07	-6.348984e-06	-2.390738e-08	-4.588328e+01	-1.570212e+03
3.400000e-07	-6.259066e-06	-2.384064e-08	-4.523345e+01	-1.564033e+03
3.500000e-07	-6.166872e-06	-2.372811e-08	-4.456717e+01	-1.557555e+03
3.600000e-07	-6.072517e-06	-2.362368e-08	-4.388529e+01	-1.550835e+03
3.700000e-07	-5.975906e-06	-2.353135e-08	-4.318709e+01	-1.543921e+03
3.800000e-07	-5.877074e-06	-2.343013e-08	-4.247284e+01	-1.536822e+03
3.900000e-07	-5.776180e-06	-2.330540e-08	-4.174370e+01	-1.529508e+03
4.000000e-07	-5.673270e-06	-2.318817e-08	-4.099998e+01	-1.521913e+03
4.100000e-07	-5.568383e-06	-2.306254e-08	-4.024197e+01	-1.513949e+03
4.200000e-07	-5.461486e-06	-2.292369e-08	-3.946944e+01	-1.505535e+03
4.300000e-07	-5.352655e-06	-2.278469e-08	-3.868293e+01	-1.496614e+03
4.400000e-07	-5.241924e-06	-2.264716e-08	-3.788270e+01	-1.487169e+03
4.500000e-07	-5.129186e-06	-2.250085e-08	-3.706796e+01	-1.477224e+03
4.600000e-07	-5.014452e-06	-2.234031e-08	-3.623879e+01	-1.466830e+03
4.700000e-07	-4.897796e-06	-2.217574e-08	-3.539573e+01	-1.456042e+03
4.800000e-07	-4.779335e-06	-2.200593e-08	-3.453963e+01	-1.444897e+03
4.900000e-07	-4.659139e-06	-2.182932e-08	-3.367099e+01	-1.433390e+03
5.000000e-07	-4.537214e-06	-2.164942e-08	-3.278985e+01	-1.421468e+03
5.100000e-07	-4.413585e-06	-2.146274e-08	-3.189640e+01	-1.409037e+03
5.200000e-07	-4.288360e-06	-2.125582e-08	-3.099142e+01	-1.395978e+03
5.300000e-07	-4.161629e-06	-2.103341e-08	-3.007555e+01	-1.382181e+03
5.400000e-07	-4.033373e-06	-2.080575e-08	-2.914866e+01	-1.367562e+03
5.500000e-07	-3.903569e-06	-2.057368e-08	-2.821058e+01	-1.352086e+03
5.600000e-07	-3.772200e-06	-2.032739e-08	-2.726120e+01	-1.335761e+03
5.700000e-07	-3.639400e-06	-2.006695e-08	-2.630147e+01	-1.318625e+03
5.800000e-07	-3.505290e-06	-1.979411e-08	-2.533227e+01	-1.300720e+03
5.900000e-07	-3.369895e-06	-1.950699e-08	-2.435379e+01	-1.282055e+03
6.000000e-07	-3.233153e-06	-1.920557e-08	-2.336557e+01	-1.262584e+03
6.100000e-07	-3.095110e-06	-1.889135e-08	-2.236795e+01	-1.242194e+03
6.200000e-07	-2.955839e-06	-1.856011e-08	-2.136146e+01	-1.220715e+03
6.300000e-07	-2.815290e-06	-1.820578e-08	-2.034573e+01	-1.197942e+03
6.400000e-07	-2.673574e-06	-1.782766e-08	-1.932157e+01	-1.173667e+03
6.500000e-07	-2.530751e-06	-1.742616e-08	-1.828941e+01	-1.147716e+03
6.600000e-07	-2.386993e-06	-1.700416e-08	-1.725049e+01	-1.119964e+03
6.700000e-07	-2.242464e-06	-1.655743e-08	-1.620599e+01	-1.090330e+03
6.800000e-07	-2.097126e-06	-1.608151e-08	-1.515565e+01	-1.058757e+03
6.900000e-07	-1.951045e-06	-1.557094e-08	-1.409995e+01	-1.025164e+03
7.000000e-07	-1.804370e-06	-1.502295e-08	-1.303994e+01	-9.894071e+02
7.100000e-07	-1.657169e-06	-1.443540e-08	-1.197614e+01	-9.512477e+02
7.200000e-07	-1.509457e-06	-1.380379e-08	-1.090865e+01	-9.103468e+02
7.300000e-07	-1.361272e-06	-1.312477e-08	-9.837731e+00	-8.662983e+02
7.400000e-07	-1.212652e-06	-1.239387e-08	-8.763676e+00	-8.186949e+02
7.500000e-07	-1.063605e-06	-1.160873e-08	-7.686531e+00	-7.672165e+02
7.600000e-07	-9.141761e-07	-1.076551e-08	-6.606630e+00	-7.117203e+02
7.700000e-07	-7.644778e-07	-9.866531e-09	-5.524780e+00	-6.523096e+02
7.800000e-07	-6.146189e-07	-8.915496e-09	-4.441770e+00	-5.893595e+02
7.900000e-07	-4.645841e-07	-7.915449e-09	-3.357489e+00	-5.234862e+02
8.000000e-07	-3.143593e-07	-6.879000e-09	-2.271833e+00	-4.554615e+02
8.100000e-07	-1.640194e-07	-5.819823e-09	-1.185347e+00	-3.860853e+02
8.200000e-07	-1.359474e-08	-4.746011e-09	-9.824739e-02	-3.160440e+02
8.300000e-07	1.368969e-07	-3.666947e-09	9.893362e-01	-2.457851e+02
8.400000e-07	2.873843e-07	-2.589211e-09	2.076888e+00	-1.754398e+02
8.500000e-07	4.377892e-07	-1.513450e-09	3.163845e+00	-1.048155e+02
8.600000e-07	5.880596e-07	-4.332929e-10	4.249830e+00	-3.346278e+01
8.700000e-07	7.381625e-07	6.627396e-10	5.334603e+00	3.919191e+01
8.800000e-07	8.880740e-07	1.784794e-09	6.417994e+00	1.136758e+02
8.900000e-07	1.037729e-06	2.943853e-09	7.499529e+00	1.902969e+02
9.000000e-07	1.187074e-06	4.142376e-09	8.578831e+00	2.690073e+02
9.100000e-07	1.335993e-06	5.372391e-09	9.655049e+00	3.493326e+02
9.200000e-07	1.484434e-06	6.617988e-09	1.072781e+01	4.303852e+02
9.300000e-07	1.632330e-06	7.856363e-09	1.179664e+01	5.109584e+02
9.400000e-07	1.779593e-06	9.062218e-09	1.286089e+01	5.896841e+02
9.500000e-07	1.926261e-06	1.020765e-08	1.392084e+01	6.652190e+02
9.600000e-07	2.072300e-06	1.127464e-08	1.497624e+01	7.364248e+02
9.700000e-07	2.217617e-06	1.225993e-08	1.602643e+01	8.025044e+02
9.800000e-07	2.362062e-06	1.316678e-08	1.707031e+01	8.630725e+02
9.900000e-07	2.505596e-06	1.399778e-08	1.810762e+01	9.181510e+02
1.000000e-06	2.648199e-06	1.475736e-08	1.913819e+01	9.680975e+02
1.010000e-06	2.789728e-06	1.545306e-08	2.016100e+01	1.013488e+03
1.020000e-06	2.930102e-06	1.609178e-08	2.117546e+01	1.054985e+03
1.030000e-06	3.069259e-06	1.667898e-08	2.218113e+01	1.093215e+03
1.040000e-06	3.207207e-06	1.721914e-08	2.317807e+01	1.128689e+03
1.050000e-06	3.343950e-06	1.771886e-08	2.416629e+01	1.161759e+03
1.060000e-06	3.479337e-06	1.817846e-08	2.514471e+01	1.192636e+03
1.070000e-06	3.613422e-06	1.860379e-08	2.611373e+01	1.221427e+03
1.080000e-06	3.746283e-06	1.900241e-08	2.707390e+01	1.248198e+03
1.090000e-06	3.877751e-06	1.937652e-08	2.802399e+01	1.273028e+03
1.100000e-06	4.007805e-06	1.973002e-08	2.896388e+01	1.296042e+03
1.110000e-06	4.136464e-06	2.006223e-08	2.989368e+01	1.317425e+03
1.120000e-06	4.263656e-06	2.037263e-08	3.081288e+01	1.337400e+03
1.130000e-06	4.389368e-06	2.066396e-08	3.172139e+01	1.356195e+03
1.140000e-06	4.513581e-06	2.093540e-08	3.261906e+01	1.374008e+03
1.150000e-06	4.636209e-06	2.118923e-08	3.350527e+01	1.390977e+03
1.160000e-06	4.757221e-06	2.142892e-08	3.437981e+01	1.407168e+03
1.170000e-06	4.876526e-06	2.165557e-08	3.524202e+01	1.422585e+03
1.180000e-06	4.994075e-06	2.187102e-08	3.609152e+01	1.437194e+03
1.190000e-06	5.109792e-06	2.207694e-08	3.692780e+01	1.450961e+03
1.200000e-06	5.223523e-06	2.227445e-08	3.774972e+01	1.463873e+03
1.210000e-06	5.335262e-06	2.246151e-08	3.855724e+01	1.475964e+03
1.220000e-06	5.445050e-06	2.263659e-08	3.935066e+01	1.487310e+03
1.230000e-06	5.552957e-06	2.280084e-08	4.013049e+01	1.498019e+03
1.240000e-06	5.658896e-06	2.295717e-08	4.089610e+01	1.508205e+03
1.250000e-06	5.762691e-06	2.310680e-08	4.164621e+01	1.517960e+03
1.260000e-06	5.864379e-06	2.324963e-08	4.238110e+01	1.527335e+03
1.270000e-06	5.963947e-06	2.338559e-08	4.310066e+01	1.536333e+03
1.280000e-06	6.061215e-06	2.351430e-08	4.380361e+01	1.544918e+03
1.290000e-06	6.156166e-06	2.363545e-08	4.448980e+01	1.553033e+03
1.300000e-06	6.248951e-06	2.375073e-08	4.516035e+01	1.560625e+03
1.310000e-06	6.339508e-06	2.385922e-08	4.581479e+01	1.567670e+03
1.320000e-06	6.427765e-06	2.395877e-08	4.645261e+01	1.574187e+03
1.330000e-06	6.513809e-06	2.405020e-08	4.707444e+01	1.580236e+03
1.340000e-06	6.597575e-06	2.413805e-08	4.767981e+01	1.585906e+03
1.350000e-06	6.678958e-06	2.422200e-08	4.826795e+01	1.591298e+03
1.360000e-06	6.757915e-06	2.430169e-08	4.883857e+01	1.596496e+03
1.370000e-06	6.834408e-06	2.437871e-08	4.939137e+01	1.601552e+03
1.380000e-06	6.908247e-06	2.445248e-08	4.992500e+01	1.606475e+03
1.390000e-06	6.979453e-06	2.452250e-08	5.043959e+01	1.611239e+03
1.400000e-06	7.048231e-06	2.458784e-08	5.093664e+01	1.615793e+03
1.410000e-06	7.114515e-06	2.465058e-08	5.141567e+01	1.620084e+03
1.420000e-06	7.178187e-06	2.471062e-08	5.187581e+01	1.624075e+03
1.430000e-06	7.239399e-06	2.476682e-08	5.231819e+01	1.627757e+03
1.440000e-06	7.298208e-06	2.481935e-08	5.274319e+01	1.631151e+03
1.450000e-06	7.354480e-06	2.486974e-08	5.314986e+01	1.634305e+03
1.460000e-06	7.408053e-06	2.491891e-08	5.353703e+01	1.637270e+03
1.470000e-06	7.458635e-06	2.496424e-08	5.390258e+01	1.640091e+03
1.480000e-06	7.506168e-06	2.500513e-08	5.424609e+01	1.642790e+03
1.490000e-06	7.551030e-06	2.504251e-08	5.457031e+01	1.645357e+03
1.500000e-06	7.593306e-06	2.507602e-08	5.487582e+01	1.647762e+03
1.510000e-06	7.632773e-06	2.510668e-08	5.516105e+01	1.649957e+03
1.520000e-06	7.669583e-06	2.513438e-08	5.542707e+01	1.651900e+03
1.530000e-06	7.703783e-06	2.515897e-08	5.567423e+01	1.653565e+03
1.540000e-06	7.735213e-06	2.517985e-08	5.590137e+01	1.654955e+03
1.550000e-06	7.763922e-06	2.519765e-08	5.610884e+01	1.656098e+03
1.560000e-06	7.789760e-06	2.521468e-08	5.629557e+01	1.657044e+03
1.570000e-06	7.812641e-06	2.522969e-08	5.646093e+01	1.657847e+03
1.580000e-06	7.832836e-06	2.524263e-08	5.660688e+01	1.658551e+03
1.590000e-06	7.850300e-06	2.525351e-08	5.673309e+01	1.659179e+03
1.600000e-06	7.864836e-06	2.526155e-08	5.683814e+01	1.659729e+03
1.610000e-06	7.876302e-06	2.526641e-08	5.692100e+01	1.660176e+03
1.620000e-06	7.884675e-06	2.526874e-08	5.698151e+01	1.660484e+03
1.630000e-06	7.890204e-06	2.526950e-08	5.702147e+01	1.660620e+03
1.640000e-06	7.892976e-06	2.526886e-08	5.704150e+01	1.660565e+03
1.650000e-06	7.892958e-06	2.526748e-08	5.704137e+01	1.660322e+03
1.660000e-06	7.890338e-06	2.526001e-08	5.702243e+01	1.659916e+03
1.670000e-06	7.885125e-06	2.525320e-08	5.698476e+01	1.659380e+03
1.680000e-06	7.877199e-06	2.524903e-08	5.692748e+01	1.658750e+03
1.690000e-06	7.866601e-06	2.524120e-08	5.685090e+01	1.658045e+03
1.700000e-06	7.853164e-06	2.522986e-08	5.675379e+01	1.657267e+03
1.710000e-06	7.837041e-06	2.521932e-08	5.663727e+01	1.656393e+03
1.720000e-06	7.818651e-06	2.521185e-08	5.650436e+01	1.655388e+03
1.730000e-06	7.797959e-06	2.517556e-08	5.635482e+01	1.654221e+03
1.740000e-06	7.774422e-06	2.509381e-08	5.618473e+01	1.652871e+03
1.750000e-06	7.747420e-06	2.509617e-08	5.598959e+01	1.651349e+03
1.760000e-06	7.716794e-06	2.510719e-08	5.576826e+01	1.649689e+03
1.770000e-06	7.683220e-06	2.506468e-08	5.552562e+01	1.647951e+03
1.780000e-06	7.647443e-06	2.505529e-08	5.526706e+01	1.646197e+03
1.790000e-06	7.609429e-06	2.510563e-08	5.499235e+01	1.644475e+03
1.800000e-06	7.569375e-06	2.504257e-08	5.470288e+01	1.642801e+03
1.810000e-06	7.527291e-06	2.496834e-08	5.439875e+01	1.641145e+03
1.820000e-06	7.482603e-06	2.504207e-08	5.407579e+01	1.639435e+03
1.830000e-06	7.435218e-06	2.496111e-08	5.373334e+01	1.637569e+03
1.840000e-06	7.385032e-06	2.496193e-08	5.337065e+01	1.635438e+03
1.850000e-06	7.331820e-06	2.494662e-08	5.298610e+01	1.632950e+03
1.860000e-06	7.275815e-06	2.486816e-08	5.258136e+01	1.630052e+03
1.870000e-06	7.217180e-06	2.484532e-08	5.215761e+01	1.626746e+03
1.880000e-06	7.155995e-06	2.470021e-08	5.171544e+01	1.623078e+03
1.890000e-06	7.092096e-06	2.470680e-08	5.125365e+01	1.619132e+03
1.900000e-06	7.025406e-06	2.466760e-08	5.077169e+01	1.615002e+03
1.910000e-06	6.956059e-06	2.458512e-08	5.027053e+01	1.610763e+03
1.920000e-06	6.883922e-06	2.456994e-08	4.974920e+01	1.606457e+03
1.930000e-06	6.809149e-06	2.446680e-08	4.920883e+01	1.602075e+03
1.940000e-06	6.731717e-06	2.440163e-08	4.864924e+01	1.597566e+03
1.950000e-06	6.651603e-06	2.429306e-08	4.807026e+01	1.592851e+03
1.960000e-06	6.569056e-06	2.425518e-08	4.747370e+01	1.587848e+03
1.970000e-06	6.484144e-06	2.418545e-08	4.686006e+01	1.582493e+03
1.980000e-06	6.396823e-06	2.405984e-08	4.622900e+01	1.576761e+03
1.990000e-06	6.307150e-06	2.399371e-08	4.558095e+01	1.570666e+03
2.000000e-06	6.215317e-06	2.388228e-08	4.491728e+01	1.564256e+03
2.010000e-06	6.121195e-06	2.379669e-08	4.423707e+01	1.557590e+03
2.020000e-06	6.024822e-06	2.368185e-08	4.354060e+01	1.550721e+03
2.030000e-06	5.926411e-06	2.358719e-08	4.282939e+01	1.543669e+03
2.040000e-06	5.825945e-06	2.346436e-08	4.210334e+01	1.536413e+03
2.050000e-06	5.723377e-06	2.333345e-08	4.136209e+01	1.528894e+03
2.060000e-06	5.618723e-06	2.322682e-08	4.060577e+01	1.521030e+03
2.070000e-06	5.512143e-06	2.310383e-08	3.983553e+01	1.512734e+03
2.080000e-06	5.403682e-06	2.297404e-08	3.905170e+01	1.503942e+03
2.090000e-06	5.293268e-06	2.282035e-08	3.825375e+01	1.494626e+03
2.100000e-06	5.180894e-06	2.268535e-08	3.744164e+01	1.484801e+03
2.110000e-06	5.066622e-06	2.253167e-08	3.661581e+01	1.474513e+03
2.120000e-06	4.950412e-06	2.237674e-08	3.577598e+01	1.463818e+03
2.130000e-06	4.832253e-06	2.221176e-08	3.492206e+01	1.452760e+03
2.140000e-06	4.712241e-06	2.203296e-08	3.405475e+01	1.441345e+03
2.150000e-06	4.590494e-06	2.183509e-08	3.317490e+01	1.429534e+03
2.160000e-06	4.467107e-06	2.163690e-08	3.228320e+01	1.417239e+03
2.170000e-06	4.342117e-06	2.144922e-08	3.137991e+01	1.404348e+03
2.180000e-06	4.215538e-06	2.125253e-08	3.046514e+01	1.390743e+03
2.190000e-06	4.087345e-06	2.104077e-08	2.953871e+01	1.376334e+03
2.200000e-06	3.957638e-06	2.080745e-08	2.860133e+01	1.361072e+03
2.210000e-06	3.826457e-06	2.056353e-08	2.765330e+01	1.344955e+03
2.220000e-06	3.693842e-06	2.030760e-08	2.669491e+01	1.328017e+03
2.230000e-06	3.559833e-06	2.004600e-08	2.572645e+01	1.310300e+03
2.240000e-06	3.424497e-06	1.976960e-08	2.474839e+01	1.291826e+03
2.250000e-06	3.287932e-06	1.947605e-08	2.376145e+01	1.272563e+03
2.260000e-06	3.150142e-06	1.916127e-08	2.276566e+01	1.252417e+03
2.270000e-06	3.011155e-06	1.882968e-08	2.176122e+01	1.231228e+03
2.280000e-06	2.871031e-06	1.848501e-08	2.074856e+01	1.208796e+03
2.290000e-06	2.729732e-06	1.812843e-08	1.972742e+01	1.184914e+03
2.300000e-06	2.587309e-06	1.774968e-08	1.869814e+01	1.159395e+03
2.310000e-06	2.443940e-06	1.734017e-08	1.766203e+01	1.132101e+03
2.320000e-06	2.299656e-06	1.690011e-08	1.661932e+01	1.102943e+03
2.330000e-06	2.154561e-06	1.642969e-08	1.557073e+01	1.071859e+03
2.340000e-06	2.008832e-06	1.592861e-08	1.451757e+01	1.038780e+03
2.350000e-06	1.862535e-06	1.539139e-08	1.346030e+01	1.003582e+03
2.360000e-06	1.715644e-06	1.481781e-08	1.239874e+01	9.660500e+02
2.370000e-06	1.568200e-06	1.420101e-08	1.133317e+01	9.258698e+02
2.380000e-06	1.420302e-06	1.353412e-08	1.026433e+01	8.826467e+02
2.390000e-06	1.271945e-06	1.281782e-08	9.192179e+00	8.359661e+02
2.400000e-06	1.123079e-06	1.204997e-08	8.116343e+00	7.854772e+02
2.410000e-06	9.737562e-07	1.122453e-08	7.037209e+00	7.309852e+02
2.420000e-06	8.240446e-07	1.033891e-08	5.955263e+00	6.725275e+02
2.430000e-06	6.740640e-07	9.397645e-09	4.871372e+00	6.104118e+02
2.440000e-06	5.238867e-07	8.407571e-09	3.786061e+00	5.452001e+02
2.450000e-06	3.735202e-07	7.374846e-09	2.699381e+00	4.776359e+02
2.460000e-06	2.229973e-07	6.313187e-09	1.611572e+00	4.085255e+02
2.470000e-06	7.234699e-08	5.236676e-09	5.228422e-01	3.385964e+02
2.480000e-06	-7.832034e-08	4.156880e-09	-5.660108e-01	2.683654e+02
2.490000e-06	-2.289252e-07	3.077186e-09	-1.654413e+00	1.980467e+02
2.500000e-06	-3.794451e-07	1.997000e-09	-2.742200e+00	1.275251e+02
2.510000e-06	-5.298612e-07	9.147535e-10	-3.829237e+00	5.640515e+01
2.520000e-06	-6.801553e-07	-1.820413e-10	-4.915393e+00	-1.587074e+01
2.530000e-06	-8.302725e-07	-1.304834e-09	-6.000271e+00	-8.985814e+01
2.540000e-06	-9.801498e-07	-2.459199e-09	-7.083414e+00	-1.659347e+02
2.550000e-06	-1.129693e-06	-3.652711e-09	-8.164140e+00	-2.441512e+02
2.560000e-06	-1.278778e-06	-4.880000e-09	-9.241561e+00	-3.241419e+02
2.570000e-06	-1.427301e-06	-6.125226e-09	-1.031492e+01	-4.051166e+02
2.580000e-06	-1.575207e-06	-7.370380e-09	-1.138382e+01	-4.859358e+02
2.590000e-06	-1.722521e-06	-8.593037e-09	-1.244843e+01	-5.652545e+02
2.600000e-06	-1.869252e-06	-9.768301e-09	-1.350884e+01	-6.417056e+02
2.610000e-06	-2.015396e-06	-1.087327e-08	-1.456500e+01	-7.140845e+02
2.620000e-06	-2.160866e-06	-1.189827e-08	-1.561630e+01	-7.814993e+02
2.630000e-06	-2.305463e-06	-1.284031e-08	-1.666128e+01	-8.434594e+02
2.640000e-06	-2.449066e-06	-1.370129e-08	-1.769908e+01	-8.998892e+02
2.650000e-06	-2.591697e-06	-1.448866e-08	-1.872985e+01	-9.510720e+02
2.660000e-06	-2.733332e-06	-1.520959e-08	-1.975343e+01	-9.975417e+02
2.670000e-06	-2.873827e-06	-1.587050e-08	-2.076877e+01	-1.039951e+03
2.680000e-06	-3.013094e-06	-1.647691e-08	-2.177524e+01	-1.078946e+03
2.690000e-06	-3.151212e-06	-1.703375e-08	-2.277340e+01	-1.115070e+03
2.700000e-06	-3.288154e-06	-1.754746e-08	-2.376306e+01	-1.148717e+03
2.710000e-06	-3.423799e-06	-1.802340e-08	-2.474335e+01	-1.180130e+03
2.720000e-06	-3.558244e-06	-1.846672e-08	-2.571496e+01	-1.209437e+03
2.730000e-06	-3.691412e-06	-1.887924e-08	-2.667735e+01	-1.236708e+03
2.740000e-06	-3.823175e-06	-1.926529e-08	-2.762958e+01	-1.262014e+03
2.750000e-06	-3.953656e-06	-1.962754e-08	-2.857255e+01	-1.285469e+03
2.760000e-06	-4.082821e-06	-1.996296e-08	-2.950601e+01	-1.307241e+03
2.770000e-06	-4.210505e-06	-2.027606e-08	-3.042877e+01	-1.327546e+03
2.780000e-06	-4.336725e-06	-2.057240e-08	-3.134094e+01	-1.346617e+03
2.790000e-06	-4.461472e-06	-2.085299e-08	-3.224247e+01	-1.364661e+03
2.800000e-06	-4.584680e-06	-2.111571e-08	-3.313288e+01	-1.381833e+03
2.810000e-06	-4.706278e-06	-2.136394e-08	-3.401165e+01	-1.398217e+03
2.820000e-06	-4.826088e-06	-2.160182e-08	-3.487750e+01	-1.413830e+03
2.830000e-06	-4.943962e-06	-2.182964e-08	-3.572937e+01	-1.428647e+03
2.840000e-06	-5.059905e-06	-2.204516e-08	-3.656727e+01	-1.442628e+03
2.850000e-06	-5.173903e-06	-2.224553e-08	-3.739112e+01	-1.455753e+03
2.860000e-06	-5.285843e-06	-2.243403e-08	-3.820009e+01	-1.468045e+03
2.870000e-06	-5.395745e-06	-2.261165e-08	-3.899434e+01	-1.479568e+03
2.880000e-06	-5.503723e-06	-2.277829e-08	-3.977468e+01	-1.490427e+03
2.890000e-06	-5.609811e-06	-2.293710e-08	-4.054137e+01	-1.500735e+03
2.900000e-06	-5.713904e-06	-2.308963e-08	-4.129364e+01	-1.510592e+03
2.910000e-06	-5.815843e-06	-2.323467e-08	-4.203033e+01	-1.520061e+03
2.920000e-06	-5.915604e-06	-2.337257e-08	-4.275129e+01	-1.529156e+03
2.930000e-06	-6.013301e-06	-2.350490e-08	-4.345734e+01	-1.537851e+03
2.940000e-06	-6.108867e-06	-2.363118e-08	-4.414798e+01	-1.546090e+03
2.950000e-06	-6.202156e-06	-2.374880e-08	-4.482217e+01	-1.553817e+03
2.960000e-06	-6.293205e-06	-2.385572e-08	-4.548016e+01	-1.561000e+03
2.970000e-06	-6.382089e-06	-2.395403e-08	-4.612252e+01	-1.567646e+03
2.980000e-06	-6.468676e-06	-2.404725e-08	-4.674827e+01	-1.573805e+03
2.990000e-06	-6.552863e-06	-2.413834e-08	-4.735668e+01	-1.579562e+03
3.000000e-06	-6.634748e-06	-2.422724e-08	-4.794845e+01	-1.585015e+03
3.010000e-06	-6.714211e-06	-2.431129e-08	-4.852272e+01	-1.590257e+03
3.020000e-06	-6.791022e-06	-2.439089e-08	-4.907783e+01	-1.595346e+03
3.030000e-06	-6.865238e-06	-2.446807e-08	-4.961418e+01	-1.600305e+03
3.040000e-06	-6.936983e-06	-2.454100e-08	-5.013266e+01	-1.605114e+03
3.050000e-06	-7.006246e-06	-2.460871e-08	-5.063322e+01	-1.609726e+03
3.060000e-06	-7.073035e-06	-2.467290e-08	-5.111590e+01	-1.614089e+03
3.070000e-06	-7.137337e-06	-2.473421e-08	-5.158060e+01	-1.618158e+03
3.080000e-06	-7.199081e-06	-2.479261e-08	-5.202681e+01	-1.621917e+03
3.090000e-06	-7.258258e-06	-2.484790e-08	-5.245448e+01	-1.625381e+03
3.100000e-06	-7.314898e-06	-2.489917e-08	-5.286381e+01	-1.628590e+03
3.110000e-06	-7.368830e-06	-2.494625e-08	-5.325357e+01	-1.631599e+03
3.120000e-06	-7.419803e-06	-2.499095e-08	-5.362194e+01	-1.634454e+03
3.130000e-06	-7.467692e-06	-2.503389e-08	-5.396803e+01	-1.637184e+03
3.140000e-06	-7.512871e-06	-2.507219e-08	-5.429453e+01	-1.639787e+03
3.150000e-06	-7.555685e-06	-2.510684e-08	-5.460395e+01	-1.642238e+03
3.160000e-06	-7.595925e-06	-2.513955e-08	-5.489475e+01	-1.644491e+03
3.170000e-06	-7.633454e-06	-2.517111e-08	-5.516597e+01	-1.646501e+03
3.180000e-06	-7.668321e-06	-2.519669e-08	-5.541795e+01	-1.648237e+03
3.190000e-06	-7.700435e-06	-2.521798e-08	-5.565004e+01	-1.649695e+03
3.200000e-06	-7.729705e-06	-2.523985e-08	-5.586156e+01	-1.650897e+03
3.210000e-06	-7.756180e-06	-2.525800e-08	-5.605289e+01	-1.651888e+03
3.220000e-06	-7.779870e-06	-2.527331e-08	-5.622410e+01	-1.652723e+03
3.230000e-06	-7.800765e-06	-2.528608e-08	-5.637511e+01	-1.653450e+03
3.240000e-06	-7.818936e-06	-2.529763e-08	-5.650642e+01	-1.654097e+03
3.250000e-06	-7.834190e-06	-2.530404e-08	-5.661666e+01	-1.654670e+03
3.260000e-06	-7.846284e-06	-2.530548e-08	-5.670407e+01	-1.655147e+03
3.270000e-06	-7.855448e-06	-2.530664e-08	-5.677029e+01	-1.655494e+03
3.280000e-06	-7.861765e-06	-2.530945e-08	-5.681594e+01	-1.655676e+03
3.290000e-06	-7.865264e-06	-2.530949e-08	-5.684123e+01	-1.655670e+03
3.300000e-06	-7.866081e-06	-2.530374e-08	-5.684713e+01	-1.655474e+03
