# Temperatura_=_78.31
# Concentracion g/m^3_=_28370.0
# C_Vs_to_Am_M_A/Vsm_=_65563218390.804596
# pendiente_HvsI_1/m_=_3716.3
# ordenada_HvsI_A/m_=_1297.0
# frecuencia_Hz_=_302371.21385271463

Tiempo_(s)	Campo_(V.s)	Magnetizacion_(V.s)	Campo_(kA/m)	Magnetizacion_(A/m)
0.000000e+00	-7.288452e-06	-2.778716e-08	-5.318769e+01	-1.819254e+03
1.000000e-08	-7.284342e-06	-2.777513e-08	-5.315769e+01	-1.818350e+03
2.000000e-08	-7.277897e-06	-2.776124e-08	-5.311066e+01	-1.817358e+03
3.000000e-08	-7.269065e-06	-2.774702e-08	-5.304621e+01	-1.816321e+03
4.000000e-08	-7.257659e-06	-2.773088e-08	-5.296297e+01	-1.815257e+03
5.000000e-08	-7.243544e-06	-2.771153e-08	-5.285997e+01	-1.814164e+03
6.000000e-08	-7.226815e-06	-2.769105e-08	-5.273789e+01	-1.813016e+03
7.000000e-08	-7.207883e-06	-2.766833e-08	-5.259973e+01	-1.811768e+03
8.000000e-08	-7.186823e-06	-2.766354e-08	-5.244604e+01	-1.810371e+03
9.000000e-08	-7.163113e-06	-2.764951e-08	-5.227302e+01	-1.808773e+03
1.000000e-07	-7.136432e-06	-2.759927e-08	-5.207832e+01	-1.806934e+03
1.100000e-07	-7.107040e-06	-2.754909e-08	-5.186383e+01	-1.804833e+03
1.200000e-07	-7.075142e-06	-2.750881e-08	-5.163105e+01	-1.802467e+03
1.300000e-07	-7.040752e-06	-2.746161e-08	-5.138009e+01	-1.799855e+03
1.400000e-07	-7.004211e-06	-2.740357e-08	-5.111343e+01	-1.797035e+03
1.500000e-07	-6.965894e-06	-2.737785e-08	-5.083381e+01	-1.794049e+03
1.600000e-07	-6.925416e-06	-2.734736e-08	-5.053842e+01	-1.790943e+03
1.700000e-07	-6.882434e-06	-2.725455e-08	-5.022476e+01	-1.787750e+03
1.800000e-07	-6.837090e-06	-2.720958e-08	-4.989386e+01	-1.784484e+03
1.900000e-07	-6.789151e-06	-2.716033e-08	-4.954403e+01	-1.781135e+03
2.000000e-07	-6.738382e-06	-2.709485e-08	-4.917354e+01	-1.777668e+03
2.100000e-07	-6.685012e-06	-2.704748e-08	-4.878407e+01	-1.774028e+03
2.200000e-07	-6.629141e-06	-2.698900e-08	-4.837635e+01	-1.770143e+03
2.300000e-07	-6.570721e-06	-2.694208e-08	-4.795003e+01	-1.765940e+03
2.400000e-07	-6.509819e-06	-2.683893e-08	-4.750559e+01	-1.761352e+03
2.500000e-07	-6.446582e-06	-2.674239e-08	-4.704412e+01	-1.756332e+03
2.600000e-07	-6.380959e-06	-2.665261e-08	-4.656524e+01	-1.750857e+03
2.700000e-07	-6.312880e-06	-2.656290e-08	-4.606842e+01	-1.744938e+03
2.800000e-07	-6.242462e-06	-2.647666e-08	-4.555454e+01	-1.738612e+03
2.900000e-07	-6.169633e-06	-2.637918e-08	-4.502307e+01	-1.731942e+03
3.000000e-07	-6.094272e-06	-2.629550e-08	-4.447312e+01	-1.725000e+03
3.100000e-07	-6.016363e-06	-2.619131e-08	-4.390458e+01	-1.717861e+03
3.200000e-07	-5.936017e-06	-2.607398e-08	-4.331826e+01	-1.710586e+03
3.300000e-07	-5.853515e-06	-2.595815e-08	-4.271619e+01	-1.703209e+03
3.400000e-07	-5.769122e-06	-2.585187e-08	-4.210033e+01	-1.695733e+03
3.500000e-07	-5.682862e-06	-2.574241e-08	-4.147085e+01	-1.688125e+03
3.600000e-07	-5.594582e-06	-2.560904e-08	-4.082662e+01	-1.680319e+03
3.700000e-07	-5.504193e-06	-2.547479e-08	-4.016701e+01	-1.672225e+03
3.800000e-07	-5.411798e-06	-2.533862e-08	-3.949275e+01	-1.663741e+03
3.900000e-07	-5.317482e-06	-2.519201e-08	-3.880448e+01	-1.654769e+03
4.000000e-07	-5.221303e-06	-2.504104e-08	-3.810261e+01	-1.645227e+03
4.100000e-07	-5.123285e-06	-2.488884e-08	-3.738732e+01	-1.635064e+03
4.200000e-07	-5.023443e-06	-2.473203e-08	-3.665872e+01	-1.624264e+03
4.300000e-07	-4.921871e-06	-2.456012e-08	-3.591749e+01	-1.612849e+03
4.400000e-07	-4.818568e-06	-2.438113e-08	-3.516364e+01	-1.600872e+03
4.500000e-07	-4.713622e-06	-2.419782e-08	-3.439779e+01	-1.588408e+03
4.600000e-07	-4.606906e-06	-2.400686e-08	-3.361903e+01	-1.575534e+03
4.700000e-07	-4.498471e-06	-2.381089e-08	-3.282772e+01	-1.562319e+03
4.800000e-07	-4.388552e-06	-2.360834e-08	-3.202558e+01	-1.548801e+03
4.900000e-07	-4.277061e-06	-2.339809e-08	-3.121198e+01	-1.534980e+03
5.000000e-07	-4.163968e-06	-2.317413e-08	-3.038668e+01	-1.520812e+03
5.100000e-07	-4.049115e-06	-2.294127e-08	-2.954853e+01	-1.506205e+03
5.200000e-07	-3.932526e-06	-2.269733e-08	-2.869772e+01	-1.491034e+03
5.300000e-07	-3.814425e-06	-2.244049e-08	-2.783587e+01	-1.475153e+03
5.400000e-07	-3.694909e-06	-2.217480e-08	-2.696371e+01	-1.458411e+03
5.500000e-07	-3.574086e-06	-2.189699e-08	-2.608200e+01	-1.440676e+03
5.600000e-07	-3.451901e-06	-2.160740e-08	-2.519035e+01	-1.421844e+03
5.700000e-07	-3.328301e-06	-2.130427e-08	-2.428838e+01	-1.401861e+03
5.800000e-07	-3.203486e-06	-2.098977e-08	-2.337753e+01	-1.380713e+03
5.900000e-07	-3.077574e-06	-2.066356e-08	-2.245868e+01	-1.358433e+03
6.000000e-07	-2.950528e-06	-2.032489e-08	-2.153156e+01	-1.335075e+03
6.100000e-07	-2.822395e-06	-1.996595e-08	-2.059651e+01	-1.310700e+03
6.200000e-07	-2.693265e-06	-1.958167e-08	-1.965418e+01	-1.285350e+03
6.300000e-07	-2.563122e-06	-1.917653e-08	-1.870446e+01	-1.259020e+03
6.400000e-07	-2.431872e-06	-1.874905e-08	-1.774666e+01	-1.231636e+03
6.500000e-07	-2.299674e-06	-1.829925e-08	-1.678194e+01	-1.203046e+03
6.600000e-07	-2.166866e-06	-1.782569e-08	-1.581277e+01	-1.173015e+03
6.700000e-07	-2.033404e-06	-1.732738e-08	-1.483883e+01	-1.141233e+03
6.800000e-07	-1.899126e-06	-1.679878e-08	-1.385893e+01	-1.107341e+03
6.900000e-07	-1.764112e-06	-1.623369e-08	-1.287366e+01	-1.070956e+03
7.000000e-07	-1.628498e-06	-1.562838e-08	-1.188401e+01	-1.031712e+03
7.100000e-07	-1.492410e-06	-1.498436e-08	-1.089091e+01	-9.892950e+02
7.200000e-07	-1.355908e-06	-1.430000e-08	-9.894779e+00	-9.434804e+02
7.300000e-07	-1.218984e-06	-1.356787e-08	-8.895574e+00	-8.941547e+02
7.400000e-07	-1.081606e-06	-1.278439e-08	-7.893047e+00	-8.413296e+02
7.500000e-07	-9.437602e-07	-1.194766e-08	-6.887117e+00	-7.851396e+02
7.600000e-07	-8.055081e-07	-1.105706e-08	-5.878219e+00	-7.258251e+02
7.700000e-07	-6.669557e-07	-1.010977e-08	-4.867128e+00	-6.637029e+02
7.800000e-07	-5.280875e-07	-9.113855e-09	-3.853734e+00	-5.991279e+02
7.900000e-07	-3.888995e-07	-8.077495e-09	-2.838005e+00	-5.324516e+02
8.000000e-07	-2.495077e-07	-7.008055e-09	-1.820790e+00	-4.639823e+02
8.100000e-07	-1.100111e-07	-5.912172e-09	-8.028091e-01	-3.939551e+02
8.200000e-07	2.954528e-08	-4.799232e-09	2.156075e-01	-3.225137e+02
8.300000e-07	1.691008e-07	-3.678740e-09	1.234018e+00	-2.497090e+02
8.400000e-07	3.085903e-07	-2.551287e-09	2.251946e+00	-1.755142e+02
8.500000e-07	4.480109e-07	-1.419400e-09	3.269372e+00	-9.985585e+01
8.600000e-07	5.872622e-07	-2.802015e-10	4.285563e+00	-2.265568e+01
8.700000e-07	7.262650e-07	8.779123e-10	5.299940e+00	5.612132e+01
8.800000e-07	8.650025e-07	2.068393e-09	6.312380e+00	1.364199e+02
8.900000e-07	1.003417e-06	3.294774e-09	7.322464e+00	2.180553e+02
9.000000e-07	1.141439e-06	4.554752e-09	8.329684e+00	3.006870e+02
9.100000e-07	1.278992e-06	5.842032e-09	9.333480e+00	3.838119e+02
9.200000e-07	1.415975e-06	7.139358e-09	1.033312e+01	4.667761e+02
9.300000e-07	1.552387e-06	8.425766e-09	1.132859e+01	5.488071e+02
9.400000e-07	1.688334e-06	9.678173e-09	1.232067e+01	6.290626e+02
9.500000e-07	1.823755e-06	1.087508e-08	1.330890e+01	7.066901e+02
9.600000e-07	1.958413e-06	1.199950e-08	1.429157e+01	7.808911e+02
9.700000e-07	2.092241e-06	1.304430e-08	1.526819e+01	8.509829e+02
9.800000e-07	2.225347e-06	1.400964e-08	1.623953e+01	9.164491e+02
9.900000e-07	2.357731e-06	1.489789e-08	1.720561e+01	9.769753e+02
1.000000e-06	2.489306e-06	1.571185e-08	1.816578e+01	1.032465e+03
1.010000e-06	2.619878e-06	1.645949e-08	1.911863e+01	1.083032e+03
1.020000e-06	2.749297e-06	1.714993e-08	2.006307e+01	1.128978e+03
1.030000e-06	2.877686e-06	1.778805e-08	2.100000e+01	1.170748e+03
1.040000e-06	3.005085e-06	1.837979e-08	2.192970e+01	1.208879e+03
1.050000e-06	3.131359e-06	1.893151e-08	2.285118e+01	1.243943e+03
1.060000e-06	3.256565e-06	1.944682e-08	2.376488e+01	1.276490e+03
1.070000e-06	3.380713e-06	1.992819e-08	2.467085e+01	1.307006e+03
1.080000e-06	3.503638e-06	2.037845e-08	2.556790e+01	1.335879e+03
1.090000e-06	3.625220e-06	2.079950e-08	2.645514e+01	1.363381e+03
1.100000e-06	3.745443e-06	2.119373e-08	2.733248e+01	1.389669e+03
1.110000e-06	3.864258e-06	2.156466e-08	2.819954e+01	1.414799e+03
1.120000e-06	3.981676e-06	2.191427e-08	2.905640e+01	1.438755e+03
1.130000e-06	4.097693e-06	2.224548e-08	2.990303e+01	1.461475e+03
1.140000e-06	4.212074e-06	2.255960e-08	3.073773e+01	1.482892e+03
1.150000e-06	4.324801e-06	2.285628e-08	3.156036e+01	1.502956e+03
1.160000e-06	4.435979e-06	2.313599e-08	3.237168e+01	1.521661e+03
1.170000e-06	4.545649e-06	2.339916e-08	3.317201e+01	1.539057e+03
1.180000e-06	4.653837e-06	2.365081e-08	3.396151e+01	1.555244e+03
1.190000e-06	4.760357e-06	2.389143e-08	3.473884e+01	1.570370e+03
1.200000e-06	4.865105e-06	2.411912e-08	3.550324e+01	1.584610e+03
1.210000e-06	4.968071e-06	2.433419e-08	3.625464e+01	1.598142e+03
1.220000e-06	5.069276e-06	2.453668e-08	3.699319e+01	1.611130e+03
1.230000e-06	5.168706e-06	2.472789e-08	3.771878e+01	1.623699e+03
1.240000e-06	5.266137e-06	2.491042e-08	3.842978e+01	1.635929e+03
1.250000e-06	5.361503e-06	2.508587e-08	3.912573e+01	1.647845e+03
1.260000e-06	5.455027e-06	2.525530e-08	3.980821e+01	1.659423e+03
1.270000e-06	5.546746e-06	2.541757e-08	4.047754e+01	1.670600e+03
1.280000e-06	5.636383e-06	2.557242e-08	4.113167e+01	1.681293e+03
1.290000e-06	5.723878e-06	2.572016e-08	4.177017e+01	1.691416e+03
1.300000e-06	5.809351e-06	2.586105e-08	4.239391e+01	1.700899e+03
1.310000e-06	5.892836e-06	2.599492e-08	4.300314e+01	1.709701e+03
1.320000e-06	5.974223e-06	2.612270e-08	4.359706e+01	1.717820e+03
1.330000e-06	6.053375e-06	2.624431e-08	4.417467e+01	1.725298e+03
1.340000e-06	6.130278e-06	2.635890e-08	4.473588e+01	1.732209e+03
1.350000e-06	6.204808e-06	2.646600e-08	4.527976e+01	1.738656e+03
1.360000e-06	6.276912e-06	2.656557e-08	4.580595e+01	1.744748e+03
1.370000e-06	6.346799e-06	2.665961e-08	4.631595e+01	1.750591e+03
1.380000e-06	6.414545e-06	2.674833e-08	4.681032e+01	1.756272e+03
1.390000e-06	6.479922e-06	2.683272e-08	4.728741e+01	1.761843e+03
1.400000e-06	6.542921e-06	2.691271e-08	4.774715e+01	1.767324e+03
1.410000e-06	6.603771e-06	2.698827e-08	4.819121e+01	1.772694e+03
1.420000e-06	6.662341e-06	2.705992e-08	4.861862e+01	1.777907e+03
1.430000e-06	6.718517e-06	2.712896e-08	4.902857e+01	1.782895e+03
1.440000e-06	6.772288e-06	2.719685e-08	4.942097e+01	1.787585e+03
1.450000e-06	6.823312e-06	2.726180e-08	4.979332e+01	1.791913e+03
1.460000e-06	6.871546e-06	2.732184e-08	5.014531e+01	1.795834e+03
1.470000e-06	6.917336e-06	2.737812e-08	5.047946e+01	1.799331e+03
1.480000e-06	6.960770e-06	2.743071e-08	5.079642e+01	1.802416e+03
1.490000e-06	7.001681e-06	2.747724e-08	5.109497e+01	1.805131e+03
1.500000e-06	7.040067e-06	2.751861e-08	5.137509e+01	1.807536e+03
1.510000e-06	7.076043e-06	2.755557e-08	5.163762e+01	1.809702e+03
1.520000e-06	7.109476e-06	2.759095e-08	5.188161e+01	1.811700e+03
1.530000e-06	7.140334e-06	2.762618e-08	5.210679e+01	1.813585e+03
1.540000e-06	7.168775e-06	2.765623e-08	5.231434e+01	1.815392e+03
1.550000e-06	7.194652e-06	2.768152e-08	5.250318e+01	1.817129e+03
1.560000e-06	7.217796e-06	2.770424e-08	5.267207e+01	1.818777e+03
1.570000e-06	7.238426e-06	2.772283e-08	5.282262e+01	1.820296e+03
1.580000e-06	7.256575e-06	2.773661e-08	5.295506e+01	1.821632e+03
1.590000e-06	7.271937e-06	2.774755e-08	5.306717e+01	1.822726e+03
1.600000e-06	7.284466e-06	2.775598e-08	5.315860e+01	1.823527e+03
1.610000e-06	7.294133e-06	2.776277e-08	5.322915e+01	1.824003e+03
1.620000e-06	7.301032e-06	2.776671e-08	5.327949e+01	1.824143e+03
1.630000e-06	7.305445e-06	2.776788e-08	5.331169e+01	1.823962e+03
1.640000e-06	7.307296e-06	2.776851e-08	5.332520e+01	1.823497e+03
1.650000e-06	7.306519e-06	2.776483e-08	5.331954e+01	1.822802e+03
1.660000e-06	7.303343e-06	2.775738e-08	5.329635e+01	1.821942e+03
1.670000e-06	7.297745e-06	2.774788e-08	5.325550e+01	1.820974e+03
1.680000e-06	7.289635e-06	2.773625e-08	5.319632e+01	1.819948e+03
1.690000e-06	7.279137e-06	2.772328e-08	5.311971e+01	1.818892e+03
1.700000e-06	7.266102e-06	2.770954e-08	5.302459e+01	1.817810e+03
1.710000e-06	7.250495e-06	2.769232e-08	5.291070e+01	1.816684e+03
1.720000e-06	7.232675e-06	2.766746e-08	5.278065e+01	1.815476e+03
1.730000e-06	7.212781e-06	2.760291e-08	5.263548e+01	1.814137e+03
1.740000e-06	7.190196e-06	2.756189e-08	5.247066e+01	1.812615e+03
1.750000e-06	7.164243e-06	2.755100e-08	5.228127e+01	1.810864e+03
1.760000e-06	7.134974e-06	2.752870e-08	5.206768e+01	1.808857e+03
1.770000e-06	7.103038e-06	2.749939e-08	5.183463e+01	1.806582e+03
1.780000e-06	7.069060e-06	2.749360e-08	5.158667e+01	1.804054e+03
1.790000e-06	7.033416e-06	2.745312e-08	5.132656e+01	1.801302e+03
1.800000e-06	6.996147e-06	2.738337e-08	5.105458e+01	1.798368e+03
1.810000e-06	6.956515e-06	2.739221e-08	5.076537e+01	1.795300e+03
1.820000e-06	6.914259e-06	2.735040e-08	5.045701e+01	1.792134e+03
1.830000e-06	6.869700e-06	2.732468e-08	5.013183e+01	1.788892e+03
1.840000e-06	6.822629e-06	2.728907e-08	4.978833e+01	1.785574e+03
1.850000e-06	6.773019e-06	2.719885e-08	4.942630e+01	1.782153e+03
1.860000e-06	6.720759e-06	2.715293e-08	4.904493e+01	1.778581e+03
1.870000e-06	6.665754e-06	2.705040e-08	4.864353e+01	1.774791e+03
1.880000e-06	6.608358e-06	2.699971e-08	4.822469e+01	1.770708e+03
1.890000e-06	6.548453e-06	2.696108e-08	4.778752e+01	1.766263e+03
1.900000e-06	6.485976e-06	2.688008e-08	4.733160e+01	1.761400e+03
1.910000e-06	6.421021e-06	2.682589e-08	4.685759e+01	1.756087e+03
1.920000e-06	6.353643e-06	2.670558e-08	4.636589e+01	1.750322e+03
1.930000e-06	6.283979e-06	2.661553e-08	4.585751e+01	1.744134e+03
1.940000e-06	6.211905e-06	2.651605e-08	4.533155e+01	1.737577e+03
1.950000e-06	6.137365e-06	2.641493e-08	4.478759e+01	1.730722e+03
1.960000e-06	6.060301e-06	2.633830e-08	4.422522e+01	1.723644e+03
1.970000e-06	5.980746e-06	2.622475e-08	4.364467e+01	1.716411e+03
1.980000e-06	5.899055e-06	2.612606e-08	4.304853e+01	1.709066e+03
1.990000e-06	5.815400e-06	2.599536e-08	4.243805e+01	1.701626e+03
2.000000e-06	5.729676e-06	2.588251e-08	4.181247e+01	1.694070e+03
2.010000e-06	5.641760e-06	2.575523e-08	4.117091e+01	1.686343e+03
2.020000e-06	5.551862e-06	2.562472e-08	4.051487e+01	1.678362e+03
2.030000e-06	5.460120e-06	2.549981e-08	3.984538e+01	1.670028e+03
2.040000e-06	5.366423e-06	2.535283e-08	3.916163e+01	1.661239e+03
2.050000e-06	5.270760e-06	2.520945e-08	3.846353e+01	1.651907e+03
2.060000e-06	5.173283e-06	2.504811e-08	3.775218e+01	1.641968e+03
2.070000e-06	5.074051e-06	2.490072e-08	3.702803e+01	1.631394e+03
2.080000e-06	4.973031e-06	2.473626e-08	3.629084e+01	1.620192e+03
2.090000e-06	4.870149e-06	2.457102e-08	3.554005e+01	1.608407e+03
2.100000e-06	4.765458e-06	2.439431e-08	3.477607e+01	1.596106e+03
2.110000e-06	4.659232e-06	2.420812e-08	3.400088e+01	1.583369e+03
2.120000e-06	4.551466e-06	2.401000e-08	3.321446e+01	1.570268e+03
2.130000e-06	4.442096e-06	2.379838e-08	3.241633e+01	1.556854e+03
2.140000e-06	4.331037e-06	2.358789e-08	3.160587e+01	1.543143e+03
2.150000e-06	4.218281e-06	2.336944e-08	3.078303e+01	1.529106e+03
2.160000e-06	4.103897e-06	2.315078e-08	2.994830e+01	1.514667e+03
2.170000e-06	3.987910e-06	2.291772e-08	2.910189e+01	1.499712e+03
2.180000e-06	3.870370e-06	2.267521e-08	2.824414e+01	1.484101e+03
2.190000e-06	3.751170e-06	2.241789e-08	2.737427e+01	1.467682e+03
2.200000e-06	3.630408e-06	2.215221e-08	2.649301e+01	1.450313e+03
2.210000e-06	3.508317e-06	2.187053e-08	2.560204e+01	1.431881e+03
2.220000e-06	3.384926e-06	2.157717e-08	2.470159e+01	1.412311e+03
2.230000e-06	3.260305e-06	2.126890e-08	2.379217e+01	1.391576e+03
2.240000e-06	3.134573e-06	2.094174e-08	2.287463e+01	1.369694e+03
2.250000e-06	3.007675e-06	2.059845e-08	2.194859e+01	1.346712e+03
2.260000e-06	2.879523e-06	2.024227e-08	2.101340e+01	1.322693e+03
2.270000e-06	2.750295e-06	1.987492e-08	2.007036e+01	1.297688e+03
2.280000e-06	2.620126e-06	1.948808e-08	1.912045e+01	1.271710e+03
2.290000e-06	2.489011e-06	1.907965e-08	1.816363e+01	1.244714e+03
2.300000e-06	2.357052e-06	1.864480e-08	1.720065e+01	1.216576e+03
2.310000e-06	2.224371e-06	1.818269e-08	1.623241e+01	1.187091e+03
2.320000e-06	2.091037e-06	1.769051e-08	1.525940e+01	1.155972e+03
2.330000e-06	1.957035e-06	1.716787e-08	1.428152e+01	1.122876e+03
2.340000e-06	1.822299e-06	1.661420e-08	1.329828e+01	1.087424e+03
2.350000e-06	1.686755e-06	1.602747e-08	1.230914e+01	1.049239e+03
2.360000e-06	1.550512e-06	1.539994e-08	1.131491e+01	1.007985e+03
2.370000e-06	1.413794e-06	1.472886e-08	1.031720e+01	9.634013e+02
2.380000e-06	1.276696e-06	1.401391e-08	9.316727e+00	9.153335e+02
2.390000e-06	1.139262e-06	1.325222e-08	8.313794e+00	8.637475e+02
2.400000e-06	1.001440e-06	1.243773e-08	7.308036e+00	8.087352e+02
2.410000e-06	8.631817e-07	1.156794e-08	6.299093e+00	7.505021e+02
2.420000e-06	7.245986e-07	1.064244e-08	5.287779e+00	6.893416e+02
2.430000e-06	5.857574e-07	9.663994e-09	4.274582e+00	6.255999e+02
2.440000e-06	4.466535e-07	8.638148e-09	3.259467e+00	5.596343e+02
2.450000e-06	3.073741e-07	7.571637e-09	2.243072e+00	4.917726e+02
2.460000e-06	1.679966e-07	6.476923e-09	1.225960e+00	4.222790e+02
2.470000e-06	2.853463e-08	5.367379e-09	2.082323e-01	3.513308e+02
2.480000e-06	-1.109715e-07	4.251213e-09	-8.098174e-01	2.790112e+02
2.490000e-06	-2.504157e-07	3.127456e-09	-1.827416e+00	2.053183e+02
2.500000e-06	-3.897342e-07	1.994972e-09	-2.844096e+00	1.301910e+02
2.510000e-06	-5.289259e-07	8.504141e-10	-3.859852e+00	5.354741e+01
2.520000e-06	-6.679557e-07	-3.131964e-10	-4.874426e+00	-2.466852e+01
2.530000e-06	-8.067409e-07	-1.500719e-09	-5.887215e+00	-1.044389e+02
2.540000e-06	-9.452493e-07	-2.715817e-09	-6.897984e+00	-1.856288e+02
2.550000e-06	-1.083393e-06	-3.962150e-09	-7.906095e+00	-2.679554e+02
2.560000e-06	-1.221115e-06	-5.239213e-09	-8.911122e+00	-3.509733e+02
2.570000e-06	-1.358391e-06	-6.538938e-09	-9.912894e+00	-4.340797e+02
2.580000e-06	-1.495174e-06	-7.840892e-09	-1.091108e+01	-5.165396e+02
2.590000e-06	-1.631500e-06	-9.118951e-09	-1.190592e+01	-5.975293e+02
2.600000e-06	-1.767242e-06	-1.035118e-08	-1.289650e+01	-6.761925e+02
2.610000e-06	-1.902250e-06	-1.151819e-08	-1.388172e+01	-7.517043e+02
2.620000e-06	-2.036372e-06	-1.260571e-08	-1.486048e+01	-8.233339e+02
2.630000e-06	-2.169627e-06	-1.361125e-08	-1.583291e+01	-8.905005e+02
2.640000e-06	-2.302199e-06	-1.453747e-08	-1.680036e+01	-9.528149e+02
2.650000e-06	-2.433957e-06	-1.538739e-08	-1.776187e+01	-1.010102e+03
2.660000e-06	-2.564706e-06	-1.616706e-08	-1.871602e+01	-1.062403e+03
2.670000e-06	-2.694502e-06	-1.688607e-08	-1.966321e+01	-1.109956e+03
2.680000e-06	-2.823425e-06	-1.755180e-08	-2.060402e+01	-1.153161e+03
2.690000e-06	-2.951436e-06	-1.816796e-08	-2.153819e+01	-1.192528e+03
2.700000e-06	-3.078338e-06	-1.874155e-08	-2.246426e+01	-1.228623e+03
2.710000e-06	-3.204013e-06	-1.927630e-08	-2.338138e+01	-1.262010e+03
2.720000e-06	-3.328535e-06	-1.977371e-08	-2.429008e+01	-1.293203e+03
2.730000e-06	-3.451793e-06	-2.023617e-08	-2.518956e+01	-1.322627e+03
2.740000e-06	-3.573769e-06	-2.066839e-08	-2.607968e+01	-1.350596e+03
2.750000e-06	-3.694565e-06	-2.107634e-08	-2.696119e+01	-1.377307e+03
2.760000e-06	-3.814032e-06	-2.146119e-08	-2.783301e+01	-1.402851e+03
2.770000e-06	-3.931974e-06	-2.182259e-08	-2.869369e+01	-1.427233e+03
2.780000e-06	-4.048399e-06	-2.216133e-08	-2.954331e+01	-1.450405e+03
2.790000e-06	-4.163259e-06	-2.248041e-08	-3.038151e+01	-1.472295e+03
2.800000e-06	-4.276381e-06	-2.278389e-08	-3.120701e+01	-1.492847e+03
2.810000e-06	-4.387777e-06	-2.307186e-08	-3.201993e+01	-1.512037e+03
2.820000e-06	-4.497537e-06	-2.334480e-08	-3.282091e+01	-1.529892e+03
2.830000e-06	-4.605823e-06	-2.360483e-08	-3.361113e+01	-1.546497e+03
2.840000e-06	-4.712664e-06	-2.385220e-08	-3.439080e+01	-1.561985e+03
2.850000e-06	-4.817925e-06	-2.408704e-08	-3.515894e+01	-1.576522e+03
2.860000e-06	-4.921433e-06	-2.431110e-08	-3.591430e+01	-1.590288e+03
2.870000e-06	-5.022998e-06	-2.452545e-08	-3.665547e+01	-1.603455e+03
2.880000e-06	-5.122648e-06	-2.472951e-08	-3.738267e+01	-1.616163e+03
2.890000e-06	-5.220572e-06	-2.492191e-08	-3.809728e+01	-1.628510e+03
2.900000e-06	-5.316770e-06	-2.510267e-08	-3.879928e+01	-1.640540e+03
2.910000e-06	-5.411033e-06	-2.527348e-08	-3.948717e+01	-1.652245e+03
2.920000e-06	-5.503260e-06	-2.543591e-08	-4.016020e+01	-1.663576e+03
2.930000e-06	-5.593486e-06	-2.559043e-08	-4.081863e+01	-1.674453e+03
2.940000e-06	-5.681677e-06	-2.573916e-08	-4.146220e+01	-1.684791e+03
2.950000e-06	-5.767701e-06	-2.588399e-08	-4.208997e+01	-1.694510e+03
2.960000e-06	-5.851595e-06	-2.602250e-08	-4.270219e+01	-1.703558e+03
2.970000e-06	-5.933513e-06	-2.615099e-08	-4.329998e+01	-1.711921e+03
2.980000e-06	-6.013405e-06	-2.626959e-08	-4.388300e+01	-1.719622e+03
2.990000e-06	-6.090933e-06	-2.638091e-08	-4.444876e+01	-1.726726e+03
3.000000e-06	-6.166009e-06	-2.648453e-08	-4.499663e+01	-1.733328e+03
3.010000e-06	-6.238856e-06	-2.658304e-08	-4.552823e+01	-1.739535e+03
3.020000e-06	-6.309450e-06	-2.667881e-08	-4.604339e+01	-1.745457e+03
3.030000e-06	-6.377708e-06	-2.677136e-08	-4.654151e+01	-1.751189e+03
3.040000e-06	-6.443761e-06	-2.685970e-08	-4.702353e+01	-1.756797e+03
3.050000e-06	-6.507629e-06	-2.694438e-08	-4.748961e+01	-1.762312e+03
3.060000e-06	-6.569111e-06	-2.702435e-08	-4.793827e+01	-1.767727e+03
3.070000e-06	-6.628182e-06	-2.710008e-08	-4.836935e+01	-1.773005e+03
3.080000e-06	-6.684970e-06	-2.717138e-08	-4.878376e+01	-1.778082e+03
3.090000e-06	-6.739347e-06	-2.723789e-08	-4.918058e+01	-1.782888e+03
3.100000e-06	-6.791019e-06	-2.730148e-08	-4.955766e+01	-1.787353e+03
3.110000e-06	-6.839799e-06	-2.735887e-08	-4.991363e+01	-1.791425e+03
3.120000e-06	-6.885965e-06	-2.741225e-08	-5.025053e+01	-1.795075e+03
3.130000e-06	-6.929943e-06	-2.746249e-08	-5.057146e+01	-1.798305e+03
3.140000e-06	-6.971695e-06	-2.750877e-08	-5.087615e+01	-1.801147e+03
3.150000e-06	-7.010983e-06	-2.755247e-08	-5.116285e+01	-1.803656e+03
3.160000e-06	-7.047733e-06	-2.759389e-08	-5.143103e+01	-1.805901e+03
3.170000e-06	-7.082013e-06	-2.763265e-08	-5.168119e+01	-1.807953e+03
3.180000e-06	-7.113774e-06	-2.766552e-08	-5.191297e+01	-1.809874e+03
3.190000e-06	-7.142931e-06	-2.769226e-08	-5.212575e+01	-1.811708e+03
3.200000e-06	-7.169568e-06	-2.771483e-08	-5.232013e+01	-1.813472e+03
3.210000e-06	-7.193664e-06	-2.773506e-08	-5.249597e+01	-1.815158e+03
3.220000e-06	-7.215077e-06	-2.775344e-08	-5.265223e+01	-1.816730e+03
3.230000e-06	-7.233916e-06	-2.776975e-08	-5.278971e+01	-1.818139e+03
3.240000e-06	-7.250226e-06	-2.778233e-08	-5.290873e+01	-1.819327e+03
3.250000e-06	-7.263677e-06	-2.779113e-08	-5.300689e+01	-1.820239e+03
3.260000e-06	-7.274245e-06	-2.779773e-08	-5.308401e+01	-1.820835e+03
3.270000e-06	-7.282123e-06	-2.780112e-08	-5.314150e+01	-1.821096e+03
3.280000e-06	-7.287339e-06	-2.780060e-08	-5.317956e+01	-1.821028e+03
3.290000e-06	-7.290041e-06	-2.779806e-08	-5.319929e+01	-1.820660e+03
3.300000e-06	-7.290345e-06	-2.779318e-08	-5.320150e+01	-1.820042e+03
