# Temperatura_=_88.9
# Concentracion g/m^3_=_28370.0
# C_Vs_to_Am_M_A/Vsm_=_65563218390.804596
# pendiente_HvsI_1/m_=_3716.3
# ordenada_HvsI_A/m_=_1297.0
# frecuencia_Hz_=_302368.14020061924

Tiempo_(s)	Campo_(V.s)	Magnetizacion_(V.s)	Campo_(kA/m)	Magnetizacion_(A/m)
0.000000e+00	-7.326723e-06	-2.986331e-08	-5.319389e+01	-1.955732e+03
1.000000e-08	-7.322945e-06	-2.985517e-08	-5.316646e+01	-1.954808e+03
2.000000e-08	-7.316817e-06	-2.984130e-08	-5.312197e+01	-1.953794e+03
3.000000e-08	-7.308350e-06	-2.982544e-08	-5.306050e+01	-1.952731e+03
4.000000e-08	-7.297301e-06	-2.980676e-08	-5.298028e+01	-1.951638e+03
5.000000e-08	-7.283483e-06	-2.978602e-08	-5.287995e+01	-1.950505e+03
6.000000e-08	-7.267013e-06	-2.976486e-08	-5.276038e+01	-1.949302e+03
7.000000e-08	-7.248290e-06	-2.974289e-08	-5.262444e+01	-1.947981e+03
8.000000e-08	-7.227442e-06	-2.972818e-08	-5.247308e+01	-1.946485e+03
9.000000e-08	-7.204022e-06	-2.972548e-08	-5.230305e+01	-1.944763e+03
1.000000e-07	-7.177681e-06	-2.968942e-08	-5.211180e+01	-1.942772e+03
1.100000e-07	-7.148506e-06	-2.961460e-08	-5.189999e+01	-1.940492e+03
1.200000e-07	-7.116759e-06	-2.955780e-08	-5.166950e+01	-1.937923e+03
1.300000e-07	-7.082571e-06	-2.951743e-08	-5.142128e+01	-1.935089e+03
1.400000e-07	-7.046162e-06	-2.946838e-08	-5.115695e+01	-1.932032e+03
1.500000e-07	-7.007938e-06	-2.940434e-08	-5.087943e+01	-1.928800e+03
1.600000e-07	-6.967663e-06	-2.938105e-08	-5.058702e+01	-1.925442e+03
1.700000e-07	-6.924880e-06	-2.934113e-08	-5.027640e+01	-1.921993e+03
1.800000e-07	-6.879690e-06	-2.923136e-08	-4.994831e+01	-1.918467e+03
1.900000e-07	-6.831971e-06	-2.919714e-08	-4.960186e+01	-1.914853e+03
2.000000e-07	-6.781383e-06	-2.913355e-08	-4.923458e+01	-1.911112e+03
2.100000e-07	-6.728104e-06	-2.904717e-08	-4.884776e+01	-1.907181e+03
2.200000e-07	-6.672324e-06	-2.900518e-08	-4.844278e+01	-1.902985e+03
2.300000e-07	-6.614031e-06	-2.892726e-08	-4.801957e+01	-1.898444e+03
2.400000e-07	-6.553239e-06	-2.884746e-08	-4.757820e+01	-1.893485e+03
2.500000e-07	-6.490032e-06	-2.874703e-08	-4.711930e+01	-1.888058e+03
2.600000e-07	-6.424386e-06	-2.865569e-08	-4.664269e+01	-1.882140e+03
2.700000e-07	-6.356293e-06	-2.856078e-08	-4.614832e+01	-1.875742e+03
2.800000e-07	-6.285901e-06	-2.845890e-08	-4.563726e+01	-1.868905e+03
2.900000e-07	-6.213095e-06	-2.835883e-08	-4.510867e+01	-1.861694e+03
3.000000e-07	-6.137708e-06	-2.825354e-08	-4.456134e+01	-1.854189e+03
3.100000e-07	-6.059739e-06	-2.814934e-08	-4.399526e+01	-1.846467e+03
3.200000e-07	-5.979334e-06	-2.802392e-08	-4.341150e+01	-1.838594e+03
3.300000e-07	-5.896794e-06	-2.790153e-08	-4.281224e+01	-1.830606e+03
3.400000e-07	-5.812341e-06	-2.778606e-08	-4.219909e+01	-1.822506e+03
3.500000e-07	-5.725950e-06	-2.765556e-08	-4.157187e+01	-1.814259e+03
3.600000e-07	-5.637501e-06	-2.752031e-08	-4.092970e+01	-1.805795e+03
3.700000e-07	-5.546931e-06	-2.737534e-08	-4.027214e+01	-1.797018e+03
3.800000e-07	-5.454348e-06	-2.722199e-08	-3.959996e+01	-1.787824e+03
3.900000e-07	-5.359885e-06	-2.706544e-08	-3.891414e+01	-1.778107e+03
4.000000e-07	-5.263524e-06	-2.690473e-08	-3.821454e+01	-1.767785e+03
4.100000e-07	-5.165266e-06	-2.673884e-08	-3.750116e+01	-1.756805e+03
4.200000e-07	-5.065205e-06	-2.656582e-08	-3.677469e+01	-1.745152e+03
4.300000e-07	-4.963408e-06	-2.638619e-08	-3.603561e+01	-1.732852e+03
4.400000e-07	-4.859879e-06	-2.619377e-08	-3.528397e+01	-1.719961e+03
4.500000e-07	-4.754599e-06	-2.599537e-08	-3.451961e+01	-1.706559e+03
4.600000e-07	-4.647544e-06	-2.579436e-08	-3.374236e+01	-1.692728e+03
4.700000e-07	-4.538834e-06	-2.558503e-08	-3.295310e+01	-1.678540e+03
4.800000e-07	-4.428593e-06	-2.536539e-08	-3.215272e+01	-1.664034e+03
4.900000e-07	-4.316730e-06	-2.513607e-08	-3.134057e+01	-1.649209e+03
5.000000e-07	-4.203157e-06	-2.489809e-08	-3.051600e+01	-1.634013e+03
5.100000e-07	-4.087839e-06	-2.464860e-08	-2.967876e+01	-1.618350e+03
5.200000e-07	-3.970894e-06	-2.438789e-08	-2.882971e+01	-1.602086e+03
5.300000e-07	-3.852492e-06	-2.411575e-08	-2.797008e+01	-1.585065e+03
5.400000e-07	-3.732692e-06	-2.383153e-08	-2.710030e+01	-1.567129e+03
5.500000e-07	-3.611554e-06	-2.353364e-08	-2.622081e+01	-1.548136e+03
5.600000e-07	-3.488996e-06	-2.322200e-08	-2.533101e+01	-1.527983e+03
5.700000e-07	-3.364993e-06	-2.289819e-08	-2.443071e+01	-1.506610e+03
5.800000e-07	-3.239742e-06	-2.256115e-08	-2.352136e+01	-1.484010e+03
5.900000e-07	-3.113361e-06	-2.221119e-08	-2.260380e+01	-1.460216e+03
6.000000e-07	-2.985847e-06	-2.184608e-08	-2.167802e+01	-1.435292e+03
6.100000e-07	-2.857188e-06	-2.146313e-08	-2.074392e+01	-1.409305e+03
6.200000e-07	-2.727538e-06	-2.105849e-08	-1.980262e+01	-1.382300e+03
6.300000e-07	-2.596882e-06	-2.063081e-08	-1.885403e+01	-1.354274e+03
6.400000e-07	-2.465115e-06	-2.017906e-08	-1.789737e+01	-1.325151e+03
6.500000e-07	-2.332459e-06	-1.970191e-08	-1.693425e+01	-1.294770e+03
6.600000e-07	-2.199117e-06	-1.919862e-08	-1.596615e+01	-1.262884e+03
6.700000e-07	-2.065023e-06	-1.866746e-08	-1.499259e+01	-1.229164e+03
6.800000e-07	-1.930107e-06	-1.810387e-08	-1.401307e+01	-1.193225e+03
6.900000e-07	-1.794521e-06	-1.750369e-08	-1.302869e+01	-1.154659e+03
7.000000e-07	-1.658333e-06	-1.686463e-08	-1.203992e+01	-1.113071e+03
7.100000e-07	-1.521600e-06	-1.618149e-08	-1.104721e+01	-1.068120e+03
7.200000e-07	-1.384397e-06	-1.545228e-08	-1.005108e+01	-1.019553e+03
7.300000e-07	-1.246725e-06	-1.467269e-08	-9.051544e+00	-9.672329e+02
7.400000e-07	-1.108578e-06	-1.384040e-08	-8.048559e+00	-9.111501e+02
7.500000e-07	-9.699455e-07	-1.295332e-08	-7.042053e+00	-8.514218e+02
7.600000e-07	-8.309174e-07	-1.200706e-08	-6.032673e+00	-7.882746e+02
7.700000e-07	-6.915598e-07	-1.100146e-08	-5.020902e+00	-7.220143e+02
7.800000e-07	-5.518923e-07	-9.938953e-09	-4.006880e+00	-6.529875e+02
7.900000e-07	-4.119914e-07	-8.826264e-09	-2.991163e+00	-5.815393e+02
8.000000e-07	-2.718986e-07	-7.672129e-09	-1.974054e+00	-5.079740e+02
8.100000e-07	-1.316311e-07	-6.487673e-09	-9.556754e-01	-4.325251e+02
8.200000e-07	8.744860e-09	-5.284126e-09	6.348993e-02	-3.553379e+02
8.300000e-07	1.491610e-07	-4.069080e-09	1.082947e+00	-2.764699e+02
8.400000e-07	2.895653e-07	-2.846167e-09	2.102318e+00	-1.959077e+02
8.500000e-07	4.298801e-07	-1.616427e-09	3.121040e+00	-1.135994e+02
8.600000e-07	5.700992e-07	-3.759427e-10	4.139066e+00	-2.949871e+01
8.700000e-07	7.100604e-07	8.871011e-10	5.155221e+00	5.638596e+01
8.800000e-07	8.496865e-07	2.183046e-09	6.168942e+00	1.439441e+02
8.900000e-07	9.889988e-07	3.516320e-09	7.180385e+00	2.329243e+02
9.000000e-07	1.127884e-06	4.886094e-09	8.188727e+00	3.229101e+02
9.100000e-07	1.266228e-06	6.283649e-09	9.193142e+00	4.133155e+02
9.200000e-07	1.404036e-06	7.693176e-09	1.019366e+01	5.034008e+02
9.300000e-07	1.541355e-06	9.090986e-09	1.119063e+01	5.923095e+02
9.400000e-07	1.678165e-06	1.044943e-08	1.218391e+01	6.791215e+02
9.500000e-07	1.814397e-06	1.174358e-08	1.317299e+01	7.629178e+02
9.600000e-07	1.949901e-06	1.295524e-08	1.415678e+01	8.428484e+02
9.700000e-07	2.084603e-06	1.407622e-08	1.513476e+01	9.181964e+02
9.800000e-07	2.218451e-06	1.510791e-08	1.610652e+01	9.884316e+02
9.900000e-07	2.351492e-06	1.605563e-08	1.707244e+01	1.053245e+03
1.000000e-06	2.483799e-06	1.692538e-08	1.803302e+01	1.112562e+03
1.010000e-06	2.615222e-06	1.772306e-08	1.898718e+01	1.166538e+03
1.020000e-06	2.745507e-06	1.845699e-08	1.993309e+01	1.215521e+03
1.030000e-06	2.874690e-06	1.913664e-08	2.087099e+01	1.260015e+03
1.040000e-06	3.002846e-06	1.976794e-08	2.180144e+01	1.300613e+03
1.050000e-06	3.129886e-06	2.035656e-08	2.272377e+01	1.337943e+03
1.060000e-06	3.255762e-06	2.090512e-08	2.363767e+01	1.372604e+03
1.070000e-06	3.380543e-06	2.141809e-08	2.454361e+01	1.405121e+03
1.080000e-06	3.504274e-06	2.189767e-08	2.544193e+01	1.435909e+03
1.090000e-06	3.626681e-06	2.234618e-08	2.633063e+01	1.465259e+03
1.100000e-06	3.747726e-06	2.276707e-08	2.720945e+01	1.493334e+03
1.110000e-06	3.867442e-06	2.316331e-08	2.807862e+01	1.520191e+03
1.120000e-06	3.985740e-06	2.353723e-08	2.893749e+01	1.545806e+03
1.130000e-06	4.102635e-06	2.389052e-08	2.978618e+01	1.570110e+03
1.140000e-06	4.217951e-06	2.422437e-08	3.062341e+01	1.593024e+03
1.150000e-06	4.331574e-06	2.454065e-08	3.144834e+01	1.614494e+03
1.160000e-06	4.443594e-06	2.484116e-08	3.226163e+01	1.634509e+03
1.170000e-06	4.554053e-06	2.512415e-08	3.306359e+01	1.653122e+03
1.180000e-06	4.662945e-06	2.539212e-08	3.385417e+01	1.670439e+03
1.190000e-06	4.770243e-06	2.564723e-08	3.463319e+01	1.686618e+03
1.200000e-06	4.875815e-06	2.589047e-08	3.539967e+01	1.701848e+03
1.210000e-06	4.979598e-06	2.612239e-08	3.615316e+01	1.716320e+03
1.220000e-06	5.081561e-06	2.634207e-08	3.689344e+01	1.730212e+03
1.230000e-06	5.181722e-06	2.655025e-08	3.762063e+01	1.743662e+03
1.240000e-06	5.279954e-06	2.674764e-08	3.833382e+01	1.756758e+03
1.250000e-06	5.376120e-06	2.693564e-08	3.903201e+01	1.769530e+03
1.260000e-06	5.470322e-06	2.711582e-08	3.971594e+01	1.781956e+03
1.270000e-06	5.562667e-06	2.728734e-08	4.038639e+01	1.793973e+03
1.280000e-06	5.653069e-06	2.745144e-08	4.104273e+01	1.805492e+03
1.290000e-06	5.741377e-06	2.760985e-08	4.168387e+01	1.816424e+03
1.300000e-06	5.827589e-06	2.776259e-08	4.230979e+01	1.826691e+03
1.310000e-06	5.911759e-06	2.790826e-08	4.292089e+01	1.836247e+03
1.320000e-06	5.993844e-06	2.804730e-08	4.351685e+01	1.845086e+03
1.330000e-06	6.073704e-06	2.817873e-08	4.409665e+01	1.853246e+03
1.340000e-06	6.151286e-06	2.830281e-08	4.465991e+01	1.860800e+03
1.350000e-06	6.226558e-06	2.842044e-08	4.520641e+01	1.867850e+03
1.360000e-06	6.299461e-06	2.853229e-08	4.573570e+01	1.874508e+03
1.370000e-06	6.370017e-06	2.863709e-08	4.624796e+01	1.880882e+03
1.380000e-06	6.438349e-06	2.873557e-08	4.674406e+01	1.887058e+03
1.390000e-06	6.504407e-06	2.882837e-08	4.722366e+01	1.893094e+03
1.400000e-06	6.568101e-06	2.891450e-08	4.768610e+01	1.899010e+03
1.410000e-06	6.629564e-06	2.899464e-08	4.813234e+01	1.904789e+03
1.420000e-06	6.688774e-06	2.907004e-08	4.856221e+01	1.910386e+03
1.430000e-06	6.745599e-06	2.914421e-08	4.897478e+01	1.915735e+03
1.440000e-06	6.799999e-06	2.921638e-08	4.936974e+01	1.920766e+03
1.450000e-06	6.851760e-06	2.928500e-08	4.974553e+01	1.925416e+03
1.460000e-06	6.900649e-06	2.934863e-08	5.010048e+01	1.929643e+03
1.470000e-06	6.946899e-06	2.940852e-08	5.043627e+01	1.933433e+03
1.480000e-06	6.990851e-06	2.946504e-08	5.075537e+01	1.936800e+03
1.490000e-06	7.032305e-06	2.951682e-08	5.105634e+01	1.939786e+03
1.500000e-06	7.071127e-06	2.956487e-08	5.133820e+01	1.942455e+03
1.510000e-06	7.107578e-06	2.960987e-08	5.160284e+01	1.944877e+03
1.520000e-06	7.141571e-06	2.965131e-08	5.184964e+01	1.947121e+03
1.530000e-06	7.172966e-06	2.968870e-08	5.207758e+01	1.949240e+03
1.540000e-06	7.201880e-06	2.972109e-08	5.228750e+01	1.951266e+03
1.550000e-06	7.228218e-06	2.974936e-08	5.247872e+01	1.953203e+03
1.560000e-06	7.251825e-06	2.977370e-08	5.265011e+01	1.955029e+03
1.570000e-06	7.272879e-06	2.979211e-08	5.280297e+01	1.956700e+03
1.580000e-06	7.291477e-06	2.980503e-08	5.293799e+01	1.958158e+03
1.590000e-06	7.307390e-06	2.981556e-08	5.305353e+01	1.959346e+03
1.600000e-06	7.320425e-06	2.982622e-08	5.314816e+01	1.960214e+03
1.610000e-06	7.330515e-06	2.983634e-08	5.322142e+01	1.960731e+03
1.620000e-06	7.337826e-06	2.984294e-08	5.327450e+01	1.960890e+03
1.630000e-06	7.342600e-06	2.984589e-08	5.330916e+01	1.960711e+03
1.640000e-06	7.344809e-06	2.984615e-08	5.332520e+01	1.960237e+03
1.650000e-06	7.344403e-06	2.984368e-08	5.332225e+01	1.959526e+03
1.660000e-06	7.341579e-06	2.983543e-08	5.330175e+01	1.958646e+03
1.670000e-06	7.336343e-06	2.982390e-08	5.326374e+01	1.957657e+03
1.680000e-06	7.328604e-06	2.981207e-08	5.320754e+01	1.956607e+03
1.690000e-06	7.318395e-06	2.979727e-08	5.313343e+01	1.955522e+03
1.700000e-06	7.305600e-06	2.977982e-08	5.304053e+01	1.954405e+03
1.710000e-06	7.290246e-06	2.976108e-08	5.292906e+01	1.953230e+03
1.720000e-06	7.272625e-06	2.973877e-08	5.280112e+01	1.951956e+03
1.730000e-06	7.252936e-06	2.969045e-08	5.265818e+01	1.950528e+03
1.740000e-06	7.230661e-06	2.961791e-08	5.249645e+01	1.948891e+03
1.750000e-06	7.205051e-06	2.959780e-08	5.231052e+01	1.946998e+03
1.760000e-06	7.176070e-06	2.959829e-08	5.210011e+01	1.944821e+03
1.770000e-06	7.144354e-06	2.956399e-08	5.186984e+01	1.942352e+03
1.780000e-06	7.110544e-06	2.953038e-08	5.162437e+01	1.939607e+03
1.790000e-06	7.075002e-06	2.952617e-08	5.136633e+01	1.936623e+03
1.800000e-06	7.037759e-06	2.946026e-08	5.109593e+01	1.933446e+03
1.810000e-06	6.998195e-06	2.939033e-08	5.080869e+01	1.930127e+03
1.820000e-06	6.956064e-06	2.943043e-08	5.050281e+01	1.926706e+03
1.830000e-06	6.911697e-06	2.937001e-08	5.018069e+01	1.923206e+03
1.840000e-06	6.864868e-06	2.933085e-08	4.984070e+01	1.919625e+03
1.850000e-06	6.815412e-06	2.928741e-08	4.948164e+01	1.915934e+03
1.860000e-06	6.763301e-06	2.917893e-08	4.910330e+01	1.912078e+03
1.870000e-06	6.708406e-06	2.913448e-08	4.870475e+01	1.907985e+03
1.880000e-06	6.651071e-06	2.902896e-08	4.828849e+01	1.903574e+03
1.890000e-06	6.591285e-06	2.896978e-08	4.785442e+01	1.898770e+03
1.900000e-06	6.528868e-06	2.890335e-08	4.740125e+01	1.893513e+03
1.910000e-06	6.463928e-06	2.880319e-08	4.692977e+01	1.887770e+03
1.920000e-06	6.396617e-06	2.872473e-08	4.644108e+01	1.881539e+03
1.930000e-06	6.326961e-06	2.860262e-08	4.593536e+01	1.874850e+03
1.940000e-06	6.254816e-06	2.851784e-08	4.541157e+01	1.867763e+03
1.950000e-06	6.180250e-06	2.840867e-08	4.487020e+01	1.860352e+03
1.960000e-06	6.103149e-06	2.829866e-08	4.431043e+01	1.852698e+03
1.970000e-06	6.023481e-06	2.819899e-08	4.373201e+01	1.844871e+03
1.980000e-06	5.941688e-06	2.807196e-08	4.313818e+01	1.836921e+03
1.990000e-06	5.857937e-06	2.796051e-08	4.253012e+01	1.828862e+03
2.000000e-06	5.772098e-06	2.781785e-08	4.190691e+01	1.820672e+03
2.010000e-06	5.684041e-06	2.768557e-08	4.126760e+01	1.812294e+03
2.020000e-06	5.593940e-06	2.754698e-08	4.061344e+01	1.803639e+03
2.030000e-06	5.501976e-06	2.740018e-08	3.994576e+01	1.794605e+03
2.040000e-06	5.408028e-06	2.725006e-08	3.926367e+01	1.785084e+03
2.050000e-06	5.312107e-06	2.709241e-08	3.856726e+01	1.774985e+03
2.060000e-06	5.214399e-06	2.693405e-08	3.785787e+01	1.764243e+03
2.070000e-06	5.114937e-06	2.675901e-08	3.713575e+01	1.752828e+03
2.080000e-06	5.013672e-06	2.658456e-08	3.640054e+01	1.740752e+03
2.090000e-06	4.910519e-06	2.640017e-08	3.565163e+01	1.728062e+03
2.100000e-06	4.805538e-06	2.621012e-08	3.488944e+01	1.714831e+03
2.110000e-06	4.698949e-06	2.600947e-08	3.411558e+01	1.701144e+03
2.120000e-06	4.590817e-06	2.580170e-08	3.333051e+01	1.687075e+03
2.130000e-06	4.481147e-06	2.558361e-08	3.253428e+01	1.672679e+03
2.140000e-06	4.369812e-06	2.535670e-08	3.172596e+01	1.657970e+03
2.150000e-06	4.256771e-06	2.512239e-08	3.090525e+01	1.642914e+03
2.160000e-06	4.142072e-06	2.487969e-08	3.007251e+01	1.627430e+03
2.170000e-06	4.025722e-06	2.462794e-08	2.922778e+01	1.611397e+03
2.180000e-06	3.907738e-06	2.436405e-08	2.837118e+01	1.594663e+03
2.190000e-06	3.788076e-06	2.409151e-08	2.750240e+01	1.577070e+03
2.200000e-06	3.666916e-06	2.380518e-08	2.662275e+01	1.558467e+03
2.210000e-06	3.544435e-06	2.350604e-08	2.573351e+01	1.538736e+03
2.220000e-06	3.420641e-06	2.319377e-08	2.483473e+01	1.517801e+03
2.230000e-06	3.295613e-06	2.286676e-08	2.392700e+01	1.495636e+03
2.240000e-06	3.169411e-06	2.251911e-08	2.301074e+01	1.472261e+03
2.250000e-06	3.042019e-06	2.215422e-08	2.208584e+01	1.447731e+03
2.260000e-06	2.913416e-06	2.177510e-08	2.115215e+01	1.422115e+03
2.270000e-06	2.783771e-06	2.137928e-08	2.021089e+01	1.395469e+03
2.280000e-06	2.653176e-06	2.096395e-08	1.926274e+01	1.367811e+03
2.290000e-06	2.521591e-06	2.052700e-08	1.830739e+01	1.339092e+03
2.300000e-06	2.389132e-06	2.006535e-08	1.734571e+01	1.309183e+03
2.310000e-06	2.255923e-06	1.957365e-08	1.637858e+01	1.277868e+03
2.320000e-06	2.122015e-06	1.905170e-08	1.540637e+01	1.244842e+03
2.330000e-06	1.987316e-06	1.849874e-08	1.442843e+01	1.209741e+03
2.340000e-06	1.851767e-06	1.791363e-08	1.344430e+01	1.172159e+03
2.350000e-06	1.715522e-06	1.729184e-08	1.245513e+01	1.131692e+03
2.360000e-06	1.578733e-06	1.662646e-08	1.146200e+01	1.087974e+03
2.370000e-06	1.441514e-06	1.591485e-08	1.046576e+01	1.040720e+03
2.380000e-06	1.303869e-06	1.515568e-08	9.466423e+00	9.897465e+02
2.390000e-06	1.165786e-06	1.434626e-08	8.463902e+00	9.349989e+02
2.400000e-06	1.027296e-06	1.348031e-08	7.458432e+00	8.765504e+02
2.410000e-06	8.883945e-07	1.255710e-08	6.449972e+00	8.145911e+02
2.420000e-06	7.491392e-07	1.157414e-08	5.438943e+00	7.494026e+02
2.430000e-06	6.096014e-07	1.053163e-08	4.425862e+00	6.813219e+02
2.440000e-06	4.698823e-07	9.436567e-09	3.411466e+00	6.106992e+02
2.450000e-06	3.300355e-07	8.294773e-09	2.396142e+00	5.378576e+02
2.460000e-06	1.900654e-07	7.116479e-09	1.379924e+00	4.630586e+02
2.470000e-06	4.997875e-08	5.913122e-09	3.628586e-01	3.864799e+02
2.480000e-06	-9.019980e-08	4.695251e-09	-6.548737e-01	3.082092e+02
2.490000e-06	-2.303575e-07	3.469849e-09	-1.672455e+00	2.282554e+02
2.500000e-06	-3.704549e-07	2.238080e-09	-2.689598e+00	1.465759e+02
2.510000e-06	-5.104247e-07	9.942339e-10	-3.705815e+00	6.311692e+01
2.520000e-06	-6.502305e-07	-2.674819e-10	-4.720840e+00	-2.213845e+01
2.530000e-06	-7.898223e-07	-1.555324e-09	-5.734312e+00	-1.091212e+02
2.540000e-06	-9.290938e-07	-2.878098e-09	-6.745459e+00	-1.976339e+02
2.550000e-06	-1.068059e-06	-4.237102e-09	-7.754380e+00	-2.873205e+02
2.560000e-06	-1.206673e-06	-5.627957e-09	-8.760753e+00	-3.776550e+02
2.570000e-06	-1.344843e-06	-7.041158e-09	-9.763902e+00	-4.679492e+02
2.580000e-06	-1.482476e-06	-8.456577e-09	-1.076315e+01	-5.573831e+02
2.590000e-06	-1.619534e-06	-9.843646e-09	-1.175824e+01	-6.450524e+02
2.600000e-06	-1.756031e-06	-1.117666e-08	-1.274924e+01	-7.300298e+02
2.610000e-06	-1.891878e-06	-1.243551e-08	-1.373552e+01	-8.114328e+02
2.620000e-06	-2.026878e-06	-1.360563e-08	-1.471565e+01	-8.884904e+02
2.630000e-06	-2.160980e-06	-1.468436e-08	-1.568927e+01	-9.606005e+02
2.640000e-06	-2.294327e-06	-1.567418e-08	-1.665740e+01	-1.027372e+03
2.650000e-06	-2.426858e-06	-1.658247e-08	-1.761961e+01	-1.088648e+03
2.660000e-06	-2.558399e-06	-1.741560e-08	-1.857464e+01	-1.144501e+03
2.670000e-06	-2.688992e-06	-1.818114e-08	-1.952277e+01	-1.195218e+03
2.680000e-06	-2.818700e-06	-1.888879e-08	-2.046448e+01	-1.241252e+03
2.690000e-06	-2.947491e-06	-1.954482e-08	-2.139954e+01	-1.283172e+03
2.700000e-06	-3.075178e-06	-2.015646e-08	-2.232658e+01	-1.321599e+03
2.710000e-06	-3.201624e-06	-2.072724e-08	-2.324461e+01	-1.357149e+03
2.720000e-06	-3.326964e-06	-2.126132e-08	-2.415461e+01	-1.390379e+03
2.730000e-06	-3.451156e-06	-2.175885e-08	-2.505628e+01	-1.421746e+03
2.740000e-06	-3.574022e-06	-2.222164e-08	-2.594832e+01	-1.451586e+03
2.750000e-06	-3.695620e-06	-2.265448e-08	-2.683115e+01	-1.480106e+03
2.760000e-06	-3.815983e-06	-2.306164e-08	-2.770501e+01	-1.507399e+03
2.770000e-06	-3.934833e-06	-2.344748e-08	-2.856790e+01	-1.533466e+03
2.780000e-06	-4.052112e-06	-2.381130e-08	-2.941937e+01	-1.558248e+03
2.790000e-06	-4.167882e-06	-2.415402e-08	-3.025989e+01	-1.581668e+03
2.800000e-06	-4.281922e-06	-2.447811e-08	-3.108785e+01	-1.603659e+03
2.810000e-06	-4.394196e-06	-2.478562e-08	-3.190299e+01	-1.624193e+03
2.820000e-06	-4.504795e-06	-2.507855e-08	-3.270597e+01	-1.643298e+03
2.830000e-06	-4.613869e-06	-2.535691e-08	-3.349787e+01	-1.661063e+03
2.840000e-06	-4.721487e-06	-2.562155e-08	-3.427921e+01	-1.677630e+03
2.850000e-06	-4.827552e-06	-2.587252e-08	-3.504927e+01	-1.693178e+03
2.860000e-06	-4.931887e-06	-2.610937e-08	-3.580677e+01	-1.707900e+03
2.870000e-06	-5.034282e-06	-2.633548e-08	-3.655018e+01	-1.721983e+03
2.880000e-06	-5.134751e-06	-2.655346e-08	-3.727961e+01	-1.735579e+03
2.890000e-06	-5.233415e-06	-2.676220e-08	-3.799594e+01	-1.748797e+03
2.900000e-06	-5.330277e-06	-2.695958e-08	-3.869918e+01	-1.761686e+03
2.910000e-06	-5.425190e-06	-2.714425e-08	-3.938827e+01	-1.774242e+03
2.920000e-06	-5.518141e-06	-2.731722e-08	-4.006312e+01	-1.786415e+03
2.930000e-06	-5.609218e-06	-2.748370e-08	-4.072436e+01	-1.798125e+03
2.940000e-06	-5.698267e-06	-2.764508e-08	-4.137088e+01	-1.809278e+03
2.950000e-06	-5.785150e-06	-2.779947e-08	-4.200167e+01	-1.819791e+03
2.960000e-06	-5.869830e-06	-2.794715e-08	-4.261647e+01	-1.829605e+03
2.970000e-06	-5.952431e-06	-2.808781e-08	-4.321618e+01	-1.838699e+03
2.980000e-06	-6.033014e-06	-2.821938e-08	-4.380123e+01	-1.847097e+03
2.990000e-06	-6.111310e-06	-2.834098e-08	-4.436968e+01	-1.854858e+03
3.000000e-06	-6.187128e-06	-2.845509e-08	-4.492014e+01	-1.862077e+03
3.010000e-06	-6.260582e-06	-2.856361e-08	-4.545343e+01	-1.868863e+03
3.020000e-06	-6.331792e-06	-2.866666e-08	-4.597043e+01	-1.875328e+03
3.030000e-06	-6.400719e-06	-2.876560e-08	-4.647086e+01	-1.881568e+03
3.040000e-06	-6.467363e-06	-2.886097e-08	-4.695471e+01	-1.887652e+03
3.050000e-06	-6.531775e-06	-2.895124e-08	-4.742237e+01	-1.893612e+03
3.060000e-06	-6.593903e-06	-2.903502e-08	-4.787343e+01	-1.899445e+03
3.070000e-06	-6.653614e-06	-2.911516e-08	-4.830694e+01	-1.905115e+03
3.080000e-06	-6.710965e-06	-2.919302e-08	-4.872333e+01	-1.910562e+03
3.090000e-06	-6.765955e-06	-2.926607e-08	-4.912257e+01	-1.915716e+03
3.100000e-06	-6.818321e-06	-2.933426e-08	-4.950276e+01	-1.920509e+03
3.110000e-06	-6.867844e-06	-2.939657e-08	-4.986231e+01	-1.924893e+03
3.120000e-06	-6.914632e-06	-2.945462e-08	-5.020200e+01	-1.928840e+03
3.130000e-06	-6.959100e-06	-2.950951e-08	-5.052485e+01	-1.932355e+03
3.140000e-06	-7.001383e-06	-2.956039e-08	-5.083184e+01	-1.935473e+03
3.150000e-06	-7.041295e-06	-2.960771e-08	-5.112161e+01	-1.938249e+03
3.160000e-06	-7.078667e-06	-2.965152e-08	-5.139294e+01	-1.940752e+03
3.170000e-06	-7.113491e-06	-2.969258e-08	-5.164577e+01	-1.943054e+03
3.180000e-06	-7.145845e-06	-2.973017e-08	-5.188067e+01	-1.945214e+03
3.190000e-06	-7.175589e-06	-2.976152e-08	-5.209662e+01	-1.947273e+03
3.200000e-06	-7.202724e-06	-2.978848e-08	-5.229363e+01	-1.949244e+03
3.210000e-06	-7.227330e-06	-2.981191e-08	-5.247227e+01	-1.951115e+03
3.220000e-06	-7.249283e-06	-2.983251e-08	-5.263166e+01	-1.952849e+03
3.230000e-06	-7.268652e-06	-2.984926e-08	-5.277228e+01	-1.954391e+03
3.240000e-06	-7.285470e-06	-2.986061e-08	-5.289438e+01	-1.955684e+03
3.250000e-06	-7.299428e-06	-2.986881e-08	-5.299572e+01	-1.956672e+03
3.260000e-06	-7.310506e-06	-2.987516e-08	-5.307615e+01	-1.957318e+03
3.270000e-06	-7.318900e-06	-2.987864e-08	-5.313709e+01	-1.957605e+03
3.280000e-06	-7.324618e-06	-2.987900e-08	-5.317861e+01	-1.957544e+03
3.290000e-06	-7.327719e-06	-2.987682e-08	-5.320112e+01	-1.957171e+03
3.300000e-06	-7.328315e-06	-2.987059e-08	-5.320545e+01	-1.956539e+03
