# Temperatura_=_54.39
# Concentracion g/m^3_=_41000.0
# C_Vs_to_Am_M_A/Vsm_=_65563218390.804596
# pendiente_HvsI_1/m_=_3716.3
# ordenada_HvsI_A/m_=_1297.0
# frecuencia_Hz_=_302005.24661469617

Tiempo_(s)	Campo_(V.s)	Magnetizacion_(V.s)	Campo_(kA/m)	Magnetizacion_(A/m)
0.000000e+00	-6.712824e-06	-2.606912e-08	-4.746879e+01	-1.706248e+03
1.000000e-08	-6.709760e-06	-2.606868e-08	-4.744712e+01	-1.706558e+03
2.000000e-08	-6.704476e-06	-2.605969e-08	-4.740976e+01	-1.706595e+03
3.000000e-08	-6.697155e-06	-2.604982e-08	-4.735799e+01	-1.706209e+03
4.000000e-08	-6.687579e-06	-2.603905e-08	-4.729028e+01	-1.705352e+03
5.000000e-08	-6.675506e-06	-2.602302e-08	-4.720490e+01	-1.704087e+03
6.000000e-08	-6.660923e-06	-2.599990e-08	-4.710178e+01	-1.702575e+03
7.000000e-08	-6.644003e-06	-2.596195e-08	-4.698214e+01	-1.701020e+03
8.000000e-08	-6.624934e-06	-2.596429e-08	-4.684729e+01	-1.699607e+03
9.000000e-08	-6.603573e-06	-2.603743e-08	-4.669624e+01	-1.698451e+03
1.000000e-07	-6.579541e-06	-2.599667e-08	-4.652630e+01	-1.697560e+03
1.100000e-07	-6.552772e-06	-2.591141e-08	-4.633701e+01	-1.696835e+03
1.200000e-07	-6.523644e-06	-2.590196e-08	-4.613103e+01	-1.696107e+03
1.300000e-07	-6.492611e-06	-2.583281e-08	-4.591159e+01	-1.695188e+03
1.400000e-07	-6.459836e-06	-2.570784e-08	-4.567983e+01	-1.693930e+03
1.500000e-07	-6.425151e-06	-2.585823e-08	-4.543455e+01	-1.692270e+03
1.600000e-07	-6.388406e-06	-2.584174e-08	-4.517472e+01	-1.690247e+03
1.700000e-07	-6.349672e-06	-2.566564e-08	-4.490082e+01	-1.687986e+03
1.800000e-07	-6.308639e-06	-2.579607e-08	-4.461066e+01	-1.685650e+03
1.900000e-07	-6.265104e-06	-2.566635e-08	-4.430281e+01	-1.683388e+03
2.000000e-07	-6.219326e-06	-2.560875e-08	-4.397909e+01	-1.681281e+03
2.100000e-07	-6.171172e-06	-2.566754e-08	-4.363858e+01	-1.679313e+03
2.200000e-07	-6.120360e-06	-2.552708e-08	-4.327927e+01	-1.677374e+03
2.300000e-07	-6.067027e-06	-2.552335e-08	-4.290213e+01	-1.675291e+03
2.400000e-07	-6.011379e-06	-2.549721e-08	-4.250862e+01	-1.672883e+03
2.500000e-07	-5.953449e-06	-2.542398e-08	-4.209898e+01	-1.670019e+03
2.600000e-07	-5.893244e-06	-2.539709e-08	-4.167325e+01	-1.666659e+03
2.700000e-07	-5.830889e-06	-2.532830e-08	-4.123232e+01	-1.662867e+03
2.800000e-07	-5.766432e-06	-2.526129e-08	-4.077652e+01	-1.658795e+03
2.900000e-07	-5.699734e-06	-2.518773e-08	-4.030487e+01	-1.654631e+03
3.000000e-07	-5.630878e-06	-2.518445e-08	-3.981796e+01	-1.650544e+03
3.100000e-07	-5.559972e-06	-2.512931e-08	-3.931656e+01	-1.646627e+03
3.200000e-07	-5.487019e-06	-2.503921e-08	-3.880068e+01	-1.642865e+03
3.300000e-07	-5.411899e-06	-2.497077e-08	-3.826949e+01	-1.639142e+03
3.400000e-07	-5.334542e-06	-2.486654e-08	-3.772247e+01	-1.635272e+03
3.500000e-07	-5.255061e-06	-2.482508e-08	-3.716043e+01	-1.631062e+03
3.600000e-07	-5.173623e-06	-2.475501e-08	-3.658455e+01	-1.626366e+03
3.700000e-07	-5.090407e-06	-2.467638e-08	-3.599610e+01	-1.621140e+03
3.800000e-07	-5.005476e-06	-2.460379e-08	-3.539552e+01	-1.615451e+03
3.900000e-07	-4.918913e-06	-2.450211e-08	-3.478340e+01	-1.609456e+03
4.000000e-07	-4.830713e-06	-2.440815e-08	-3.415971e+01	-1.603358e+03
4.100000e-07	-4.740799e-06	-2.433105e-08	-3.352390e+01	-1.597330e+03
4.200000e-07	-4.649172e-06	-2.425957e-08	-3.287597e+01	-1.591464e+03
4.300000e-07	-4.555967e-06	-2.415542e-08	-3.221688e+01	-1.585733e+03
4.400000e-07	-4.461245e-06	-2.404914e-08	-3.154707e+01	-1.579995e+03
4.500000e-07	-4.364839e-06	-2.394513e-08	-3.086535e+01	-1.574033e+03
4.600000e-07	-4.266771e-06	-2.383262e-08	-3.017187e+01	-1.567619e+03
4.700000e-07	-4.167154e-06	-2.373113e-08	-2.946744e+01	-1.560587e+03
4.800000e-07	-4.066107e-06	-2.362471e-08	-2.875290e+01	-1.552883e+03
4.900000e-07	-3.963715e-06	-2.350678e-08	-2.802886e+01	-1.544585e+03
5.000000e-07	-3.859841e-06	-2.337520e-08	-2.729433e+01	-1.535878e+03
5.100000e-07	-3.754478e-06	-2.324360e-08	-2.654926e+01	-1.526994e+03
5.200000e-07	-3.647710e-06	-2.311093e-08	-2.579427e+01	-1.518135e+03
5.300000e-07	-3.539564e-06	-2.297280e-08	-2.502953e+01	-1.509404e+03
5.400000e-07	-3.430207e-06	-2.283369e-08	-2.425623e+01	-1.500761e+03
5.500000e-07	-3.319651e-06	-2.268964e-08	-2.347445e+01	-1.492025e+03
5.600000e-07	-3.207763e-06	-2.253872e-08	-2.268325e+01	-1.482923e+03
5.700000e-07	-3.094574e-06	-2.237630e-08	-2.188285e+01	-1.473169e+03
5.800000e-07	-2.980103e-06	-2.220962e-08	-2.107338e+01	-1.462548e+03
5.900000e-07	-2.864356e-06	-2.203642e-08	-2.025489e+01	-1.450984e+03
6.000000e-07	-2.747470e-06	-2.185525e-08	-1.942835e+01	-1.438566e+03
6.100000e-07	-2.629568e-06	-2.166743e-08	-1.859462e+01	-1.425516e+03
6.200000e-07	-2.510634e-06	-2.147390e-08	-1.775360e+01	-1.412121e+03
6.300000e-07	-2.390743e-06	-2.127265e-08	-1.690580e+01	-1.398632e+03
6.400000e-07	-2.270058e-06	-2.106124e-08	-1.605240e+01	-1.385172e+03
6.500000e-07	-2.148624e-06	-2.084313e-08	-1.519369e+01	-1.371680e+03
6.600000e-07	-2.026445e-06	-2.061539e-08	-1.432972e+01	-1.357908e+03
6.700000e-07	-1.903496e-06	-2.037869e-08	-1.346030e+01	-1.343481e+03
6.800000e-07	-1.779720e-06	-2.013127e-08	-1.258504e+01	-1.327998e+03
6.900000e-07	-1.655243e-06	-1.986991e-08	-1.170482e+01	-1.311146e+03
7.000000e-07	-1.530256e-06	-1.959671e-08	-1.082099e+01	-1.292792e+03
7.100000e-07	-1.404878e-06	-1.931075e-08	-9.934396e+00	-1.273019e+03
7.200000e-07	-1.279137e-06	-1.900917e-08	-9.045239e+00	-1.252096e+03
7.300000e-07	-1.153027e-06	-1.869306e-08	-8.153468e+00	-1.230374e+03
7.400000e-07	-1.026534e-06	-1.836175e-08	-7.258991e+00	-1.208149e+03
7.500000e-07	-8.996603e-07	-1.801098e-08	-6.361822e+00	-1.185529e+03
7.600000e-07	-7.724229e-07	-1.763885e-08	-5.462080e+00	-1.162343e+03
7.700000e-07	-6.448956e-07	-1.724161e-08	-4.560288e+00	-1.138134e+03
7.800000e-07	-5.171924e-07	-1.682276e-08	-3.657254e+00	-1.112238e+03
7.900000e-07	-3.893179e-07	-1.638132e-08	-2.753007e+00	-1.083937e+03
8.000000e-07	-2.612768e-07	-1.590860e-08	-1.847582e+00	-1.052635e+03
8.100000e-07	-1.331133e-07	-1.539748e-08	-9.412921e-01	-1.018006e+03
8.200000e-07	-4.819555e-09	-1.484509e-08	-3.408081e-02	-9.800585e+02
8.300000e-07	1.235600e-07	-1.424923e-08	8.737375e-01	-9.390656e+02
8.400000e-07	2.519079e-07	-1.360305e-08	1.781332e+00	-8.953823e+02
8.500000e-07	3.801800e-07	-1.290129e-08	2.688390e+00	-8.491649e+02
8.600000e-07	5.083229e-07	-1.213302e-08	3.594534e+00	-8.000725e+02
8.700000e-07	6.362892e-07	-1.128353e-08	4.499430e+00	-7.470352e+02
8.800000e-07	7.640655e-07	-1.033903e-08	5.402982e+00	-6.881729e+02
8.900000e-07	8.916152e-07	-9.279292e-09	6.304932e+00	-6.209205e+02
9.000000e-07	1.018818e-06	-8.077282e-09	7.204427e+00	-5.423695e+02
9.100000e-07	1.145626e-06	-6.697847e-09	8.101136e+00	-4.497832e+02
9.200000e-07	1.272047e-06	-5.098144e-09	8.995101e+00	-3.411935e+02
9.300000e-07	1.398015e-06	-3.228977e-09	9.885868e+00	-2.159584e+02
9.400000e-07	1.523537e-06	-1.070565e-09	1.077348e+01	-7.515275e+01
9.500000e-07	1.648667e-06	1.300143e-09	1.165831e+01	7.830556e+01
9.600000e-07	1.773392e-06	3.750675e-09	1.254030e+01	2.398435e+02
9.700000e-07	1.897492e-06	6.212426e-09	1.341785e+01	4.037198e+02
9.800000e-07	2.020744e-06	8.664150e-09	1.428941e+01	5.637303e+02
9.900000e-07	2.143128e-06	1.099977e-08	1.515483e+01	7.140072e+02
1.000000e-06	2.264696e-06	1.306238e-08	1.601448e+01	8.497616e+02
1.010000e-06	2.385404e-06	1.479249e-08	1.686805e+01	9.678357e+02
1.020000e-06	2.505139e-06	1.621815e-08	1.771474e+01	1.066969e+03
1.030000e-06	2.623911e-06	1.738711e-08	1.855462e+01	1.147740e+03
1.040000e-06	2.741724e-06	1.834897e-08	1.938771e+01	1.212227e+03
1.050000e-06	2.858563e-06	1.914741e-08	2.021393e+01	1.263458e+03
1.060000e-06	2.974237e-06	1.981555e-08	2.103190e+01	1.304789e+03
1.070000e-06	3.088575e-06	2.038233e-08	2.184043e+01	1.339330e+03
1.080000e-06	3.201754e-06	2.086755e-08	2.264075e+01	1.369530e+03
1.090000e-06	3.313790e-06	2.128750e-08	2.343300e+01	1.396975e+03
1.100000e-06	3.424615e-06	2.165648e-08	2.421669e+01	1.422405e+03
1.110000e-06	3.534270e-06	2.198270e-08	2.499210e+01	1.445914e+03
1.120000e-06	3.642802e-06	2.227388e-08	2.575956e+01	1.467249e+03
1.130000e-06	3.750110e-06	2.253808e-08	2.651838e+01	1.486111e+03
1.140000e-06	3.856000e-06	2.278052e-08	2.726717e+01	1.502392e+03
1.150000e-06	3.960483e-06	2.300301e-08	2.800600e+01	1.516288e+03
1.160000e-06	4.063591e-06	2.320647e-08	2.873511e+01	1.528286e+03
1.170000e-06	4.165315e-06	2.339466e-08	2.945444e+01	1.539040e+03
1.180000e-06	4.265666e-06	2.357036e-08	3.016406e+01	1.549205e+03
1.190000e-06	4.364478e-06	2.373367e-08	3.086279e+01	1.559270e+03
1.200000e-06	4.461554e-06	2.388729e-08	3.154925e+01	1.569452e+03
1.210000e-06	4.556934e-06	2.402888e-08	3.222372e+01	1.579683e+03
1.220000e-06	4.650768e-06	2.416162e-08	3.288725e+01	1.589668e+03
1.230000e-06	4.743126e-06	2.428654e-08	3.354035e+01	1.599020e+03
1.240000e-06	4.833777e-06	2.440262e-08	3.418138e+01	1.607401e+03
1.250000e-06	4.922572e-06	2.450987e-08	3.480928e+01	1.614635e+03
1.260000e-06	5.009555e-06	2.461096e-08	3.542437e+01	1.620770e+03
1.270000e-06	5.094852e-06	2.470991e-08	3.602753e+01	1.626060e+03
1.280000e-06	5.178480e-06	2.480427e-08	3.661890e+01	1.630887e+03
1.290000e-06	5.260168e-06	2.489137e-08	3.719654e+01	1.635642e+03
1.300000e-06	5.339829e-06	2.497090e-08	3.775985e+01	1.640620e+03
1.310000e-06	5.417565e-06	2.504592e-08	3.830955e+01	1.645940e+03
1.320000e-06	5.493341e-06	2.511846e-08	3.884539e+01	1.651523e+03
1.330000e-06	5.566900e-06	2.518903e-08	3.936556e+01	1.657135e+03
1.340000e-06	5.638275e-06	2.525703e-08	3.987027e+01	1.662473e+03
1.350000e-06	5.707658e-06	2.532219e-08	4.036091e+01	1.667264e+03
1.360000e-06	5.775054e-06	2.538429e-08	4.083749e+01	1.671350e+03
1.370000e-06	5.840325e-06	2.544261e-08	4.129904e+01	1.674735e+03
1.380000e-06	5.903486e-06	2.549755e-08	4.174567e+01	1.677579e+03
1.390000e-06	5.964736e-06	2.554938e-08	4.217879e+01	1.680139e+03
1.400000e-06	6.024028e-06	2.559905e-08	4.259807e+01	1.682690e+03
1.410000e-06	6.081094e-06	2.564405e-08	4.300161e+01	1.685437e+03
1.420000e-06	6.135958e-06	2.568436e-08	4.338957e+01	1.688455e+03
1.430000e-06	6.188635e-06	2.572311e-08	4.376206e+01	1.691675e+03
1.440000e-06	6.238736e-06	2.576129e-08	4.411634e+01	1.694906e+03
1.450000e-06	6.286279e-06	2.579761e-08	4.445254e+01	1.697909e+03
1.460000e-06	6.331594e-06	2.583134e-08	4.477298e+01	1.700466e+03
1.470000e-06	6.374790e-06	2.586403e-08	4.507843e+01	1.702459e+03
1.480000e-06	6.415709e-06	2.589261e-08	4.536778e+01	1.703897e+03
1.490000e-06	6.454294e-06	2.591658e-08	4.564064e+01	1.704919e+03
1.500000e-06	6.490751e-06	2.593938e-08	4.589844e+01	1.705744e+03
1.510000e-06	6.524932e-06	2.596116e-08	4.614015e+01	1.706605e+03
1.520000e-06	6.556700e-06	2.598098e-08	4.636478e+01	1.707674e+03
1.530000e-06	6.586233e-06	2.599988e-08	4.657362e+01	1.709014e+03
1.540000e-06	6.613544e-06	2.601772e-08	4.676675e+01	1.710562e+03
1.550000e-06	6.638408e-06	2.603337e-08	4.694257e+01	1.712150e+03
1.560000e-06	6.660794e-06	2.604657e-08	4.710087e+01	1.713565e+03
1.570000e-06	6.680921e-06	2.605716e-08	4.724320e+01	1.714615e+03
1.580000e-06	6.698643e-06	2.606702e-08	4.736852e+01	1.715191e+03
1.590000e-06	6.713834e-06	2.607686e-08	4.747594e+01	1.715301e+03
1.600000e-06	6.726580e-06	2.608574e-08	4.756607e+01	1.715063e+03
1.610000e-06	6.736697e-06	2.609359e-08	4.763761e+01	1.714672e+03
1.620000e-06	6.744201e-06	2.609837e-08	4.769067e+01	1.714336e+03
1.630000e-06	6.749391e-06	2.610080e-08	4.772738e+01	1.714209e+03
1.640000e-06	6.752260e-06	2.610277e-08	4.774766e+01	1.714344e+03
1.650000e-06	6.752697e-06	2.610694e-08	4.775075e+01	1.714681e+03
1.660000e-06	6.750855e-06	2.610020e-08	4.773773e+01	1.715060e+03
1.670000e-06	6.746861e-06	2.609289e-08	4.770948e+01	1.715279e+03
1.680000e-06	6.740520e-06	2.609118e-08	4.766464e+01	1.715150e+03
1.690000e-06	6.731934e-06	2.608487e-08	4.760393e+01	1.714563e+03
1.700000e-06	6.721306e-06	2.607738e-08	4.752877e+01	1.713519e+03
1.710000e-06	6.708407e-06	2.607411e-08	4.743756e+01	1.712127e+03
1.720000e-06	6.693131e-06	2.609211e-08	4.732954e+01	1.710573e+03
1.730000e-06	6.675730e-06	2.605426e-08	4.720649e+01	1.709061e+03
1.740000e-06	6.656120e-06	2.591765e-08	4.706782e+01	1.707753e+03
1.750000e-06	6.633504e-06	2.593288e-08	4.690789e+01	1.706718e+03
1.760000e-06	6.607711e-06	2.597615e-08	4.672550e+01	1.705917e+03
1.770000e-06	6.579443e-06	2.593579e-08	4.652561e+01	1.705217e+03
1.780000e-06	6.549068e-06	2.605237e-08	4.631081e+01	1.704431e+03
1.790000e-06	6.517086e-06	2.601591e-08	4.608466e+01	1.703382e+03
1.800000e-06	6.483659e-06	2.579800e-08	4.584828e+01	1.701956e+03
1.810000e-06	6.447990e-06	2.595421e-08	4.559605e+01	1.700132e+03
1.820000e-06	6.409916e-06	2.586463e-08	4.532682e+01	1.697991e+03
1.830000e-06	6.369675e-06	2.580197e-08	4.504226e+01	1.695679e+03
1.840000e-06	6.327212e-06	2.598293e-08	4.474199e+01	1.693361e+03
1.850000e-06	6.282663e-06	2.572869e-08	4.442697e+01	1.691163e+03
1.860000e-06	6.235795e-06	2.578198e-08	4.409555e+01	1.689126e+03
1.870000e-06	6.186559e-06	2.579832e-08	4.374739e+01	1.687191e+03
1.880000e-06	6.135111e-06	2.565768e-08	4.338358e+01	1.685215e+03
1.890000e-06	6.080999e-06	2.574835e-08	4.300093e+01	1.683015e+03
1.900000e-06	6.024407e-06	2.556030e-08	4.260075e+01	1.680426e+03
1.910000e-06	5.965659e-06	2.556440e-08	4.218532e+01	1.677350e+03
1.920000e-06	5.904720e-06	2.559965e-08	4.175440e+01	1.673793e+03
1.930000e-06	5.841622e-06	2.548692e-08	4.130821e+01	1.669861e+03
1.940000e-06	5.776257e-06	2.547302e-08	4.084599e+01	1.665728e+03
1.950000e-06	5.708779e-06	2.530752e-08	4.036883e+01	1.661582e+03
1.960000e-06	5.639079e-06	2.534368e-08	3.987595e+01	1.657565e+03
1.970000e-06	5.567111e-06	2.525839e-08	3.936704e+01	1.653724e+03
1.980000e-06	5.493092e-06	2.518095e-08	3.884363e+01	1.650000e+03
1.990000e-06	5.416921e-06	2.518184e-08	3.830500e+01	1.646241e+03
2.000000e-06	5.338621e-06	2.504449e-08	3.775131e+01	1.642250e+03
2.010000e-06	5.258318e-06	2.500784e-08	3.718346e+01	1.637846e+03
2.020000e-06	5.176248e-06	2.487729e-08	3.660311e+01	1.632925e+03
2.030000e-06	5.092471e-06	2.484300e-08	3.601070e+01	1.627487e+03
2.040000e-06	5.006847e-06	2.479561e-08	3.540522e+01	1.621646e+03
2.050000e-06	4.919326e-06	2.468769e-08	3.478632e+01	1.615585e+03
2.060000e-06	4.830044e-06	2.460629e-08	3.415498e+01	1.609501e+03
2.070000e-06	4.739281e-06	2.450153e-08	3.351316e+01	1.603540e+03
2.080000e-06	4.646902e-06	2.443999e-08	3.285992e+01	1.597745e+03
2.090000e-06	4.552816e-06	2.432017e-08	3.219460e+01	1.592036e+03
2.100000e-06	4.457098e-06	2.423056e-08	3.151775e+01	1.586233e+03
2.110000e-06	4.359862e-06	2.412696e-08	3.083016e+01	1.580105e+03
2.120000e-06	4.261240e-06	2.402227e-08	3.013276e+01	1.573442e+03
2.130000e-06	4.161127e-06	2.391396e-08	2.942483e+01	1.566123e+03
2.140000e-06	4.059402e-06	2.379488e-08	2.870549e+01	1.558150e+03
2.150000e-06	3.956034e-06	2.368502e-08	2.797454e+01	1.549652e+03
2.160000e-06	3.851190e-06	2.356541e-08	2.723315e+01	1.540843e+03
2.170000e-06	3.745122e-06	2.345595e-08	2.648311e+01	1.531951e+03
2.180000e-06	3.637875e-06	2.331706e-08	2.572472e+01	1.523145e+03
2.190000e-06	3.529301e-06	2.317841e-08	2.495696e+01	1.514467e+03
2.200000e-06	3.419403e-06	2.302732e-08	2.417983e+01	1.505815e+03
2.210000e-06	3.308138e-06	2.288643e-08	2.339304e+01	1.496961e+03
2.220000e-06	3.195488e-06	2.273601e-08	2.259645e+01	1.487615e+03
2.230000e-06	3.081640e-06	2.258134e-08	2.179139e+01	1.477510e+03
2.240000e-06	2.966655e-06	2.242179e-08	2.097829e+01	1.466487e+03
2.250000e-06	2.850476e-06	2.224854e-08	2.015674e+01	1.454539e+03
2.260000e-06	2.733131e-06	2.206558e-08	1.932695e+01	1.441819e+03
2.270000e-06	2.614683e-06	2.187877e-08	1.848936e+01	1.428588e+03
2.280000e-06	2.495114e-06	2.169547e-08	1.764385e+01	1.415130e+03
2.290000e-06	2.374578e-06	2.149357e-08	1.679149e+01	1.401651e+03
2.300000e-06	2.253286e-06	2.128007e-08	1.593380e+01	1.388198e+03
2.310000e-06	2.131349e-06	2.105552e-08	1.507153e+01	1.374627e+03
2.320000e-06	2.008766e-06	2.082993e-08	1.420471e+01	1.360627e+03
2.330000e-06	1.885451e-06	2.059282e-08	1.333270e+01	1.345796e+03
2.340000e-06	1.761373e-06	2.034326e-08	1.245530e+01	1.329758e+03
2.350000e-06	1.636658e-06	2.008165e-08	1.157340e+01	1.312268e+03
2.360000e-06	1.511456e-06	1.980814e-08	1.068805e+01	1.293285e+03
2.370000e-06	1.385888e-06	1.952119e-08	9.800110e+00	1.272981e+03
2.380000e-06	1.259940e-06	1.921650e-08	8.909486e+00	1.251674e+03
2.390000e-06	1.133533e-06	1.889460e-08	8.015622e+00	1.229711e+03
2.400000e-06	1.006597e-06	1.854950e-08	7.118007e+00	1.207320e+03
2.410000e-06	8.791841e-07	1.818842e-08	6.217027e+00	1.184498e+03
2.420000e-06	7.514239e-07	1.781163e-08	5.313589e+00	1.160947e+03
2.430000e-06	6.233648e-07	1.741466e-08	4.408037e+00	1.136106e+03
2.440000e-06	4.951087e-07	1.699013e-08	3.501092e+00	1.109266e+03
2.450000e-06	3.667053e-07	1.653146e-08	2.593105e+00	1.079741e+03
2.460000e-06	2.381878e-07	1.603734e-08	1.684312e+00	1.047036e+03
2.470000e-06	1.096005e-07	1.550872e-08	7.750244e-01	1.010967e+03
2.480000e-06	-1.906842e-08	1.494421e-08	-1.348397e-01	9.716727e+02
2.490000e-06	-1.477552e-07	1.433065e-08	-1.044830e+00	9.294900e+02
2.500000e-06	-2.764019e-07	1.365993e-08	-1.954538e+00	8.847261e+02
2.510000e-06	-4.050275e-07	1.292914e-08	-2.864095e+00	8.373589e+02
2.520000e-06	-5.335591e-07	1.212977e-08	-3.772988e+00	7.867565e+02
2.530000e-06	-6.619005e-07	1.124814e-08	-4.680537e+00	7.315003e+02
2.540000e-06	-7.900157e-07	1.026485e-08	-5.586485e+00	6.693887e+02
2.550000e-06	-9.178374e-07	9.155796e-09	-6.490358e+00	5.976555e+02
2.560000e-06	-1.045233e-06	7.891539e-09	-7.391217e+00	5.133956e+02
2.570000e-06	-1.172074e-06	6.434509e-09	-8.288154e+00	4.141279e+02
2.580000e-06	-1.298380e-06	4.739784e-09	-9.181316e+00	2.983915e+02
2.590000e-06	-1.424221e-06	2.763070e-09	-1.007118e+01	1.662458e+02
2.600000e-06	-1.549664e-06	5.003624e-10	-1.095823e+01	1.955803e+01
2.610000e-06	-1.674630e-06	-1.955147e-09	-1.184191e+01	-1.380031e+02
2.620000e-06	-1.798879e-06	-4.476375e-09	-1.272052e+01	-3.012889e+02
2.630000e-06	-1.922301e-06	-7.004027e-09	-1.359328e+01	-4.642648e+02
2.640000e-06	-2.044917e-06	-9.480398e-09	-1.446034e+01	-6.207728e+02
2.650000e-06	-2.166746e-06	-1.176052e-08	-1.532184e+01	-7.653247e+02
2.660000e-06	-2.287881e-06	-1.372158e-08	-1.617843e+01	-8.937783e+02
2.670000e-06	-2.408326e-06	-1.535110e-08	-1.703014e+01	-1.003775e+03
2.680000e-06	-2.527866e-06	-1.668803e-08	-1.787545e+01	-1.094868e+03
2.690000e-06	-2.646244e-06	-1.778440e-08	-1.871254e+01	-1.168334e+03
2.700000e-06	-2.763485e-06	-1.869011e-08	-1.954160e+01	-1.226734e+03
2.710000e-06	-2.879644e-06	-1.944562e-08	-2.036300e+01	-1.273311e+03
2.720000e-06	-2.994629e-06	-2.008186e-08	-2.117610e+01	-1.311380e+03
2.730000e-06	-3.108390e-06	-2.062104e-08	-2.198055e+01	-1.343807e+03
2.740000e-06	-3.220857e-06	-2.108250e-08	-2.277584e+01	-1.372683e+03
2.750000e-06	-3.332075e-06	-2.148332e-08	-2.356230e+01	-1.399215e+03
2.760000e-06	-3.442009e-06	-2.183481e-08	-2.433968e+01	-1.423835e+03
2.770000e-06	-3.550743e-06	-2.214771e-08	-2.510858e+01	-1.446451e+03
2.780000e-06	-3.658368e-06	-2.242931e-08	-2.586964e+01	-1.466754e+03
2.790000e-06	-3.764840e-06	-2.268271e-08	-2.662254e+01	-1.484504e+03
2.800000e-06	-3.870125e-06	-2.291373e-08	-2.736705e+01	-1.499718e+03
2.810000e-06	-3.974019e-06	-2.312794e-08	-2.810172e+01	-1.512725e+03
2.820000e-06	-4.076318e-06	-2.332728e-08	-2.882511e+01	-1.524104e+03
2.830000e-06	-4.177080e-06	-2.351013e-08	-2.953764e+01	-1.534530e+03
2.840000e-06	-4.276376e-06	-2.367895e-08	-3.023980e+01	-1.544604e+03
2.850000e-06	-4.374240e-06	-2.383607e-08	-3.093183e+01	-1.554708e+03
2.860000e-06	-4.470717e-06	-2.398311e-08	-3.161405e+01	-1.564933e+03
2.870000e-06	-4.565585e-06	-2.412196e-08	-3.228489e+01	-1.575100e+03
2.880000e-06	-4.658691e-06	-2.425047e-08	-3.294328e+01	-1.584860e+03
2.890000e-06	-4.750146e-06	-2.437079e-08	-3.358999e+01	-1.593828e+03
2.900000e-06	-4.839940e-06	-2.448229e-08	-3.422496e+01	-1.601724e+03
2.910000e-06	-4.927945e-06	-2.458476e-08	-3.484727e+01	-1.608466e+03
2.920000e-06	-5.014044e-06	-2.468243e-08	-3.545611e+01	-1.614196e+03
2.930000e-06	-5.098283e-06	-2.477484e-08	-3.605179e+01	-1.619235e+03
2.940000e-06	-5.180790e-06	-2.486319e-08	-3.663523e+01	-1.623984e+03
2.950000e-06	-5.261524e-06	-2.494788e-08	-3.720613e+01	-1.628806e+03
2.960000e-06	-5.340228e-06	-2.502917e-08	-3.776267e+01	-1.633926e+03
2.970000e-06	-5.416674e-06	-2.510586e-08	-3.830325e+01	-1.639377e+03
2.980000e-06	-5.491015e-06	-2.517761e-08	-3.882894e+01	-1.645005e+03
2.990000e-06	-5.563466e-06	-2.524655e-08	-3.934127e+01	-1.650535e+03
3.000000e-06	-5.633888e-06	-2.531251e-08	-3.983925e+01	-1.655665e+03
3.010000e-06	-5.702188e-06	-2.537624e-08	-4.032222e+01	-1.660162e+03
3.020000e-06	-5.768481e-06	-2.543730e-08	-4.079101e+01	-1.663935e+03
3.030000e-06	-5.832885e-06	-2.549544e-08	-4.124643e+01	-1.667059e+03
3.040000e-06	-5.895217e-06	-2.555008e-08	-4.168720e+01	-1.669745e+03
3.050000e-06	-5.955287e-06	-2.560184e-08	-4.211198e+01	-1.672268e+03
3.060000e-06	-6.013228e-06	-2.564988e-08	-4.252170e+01	-1.674882e+03
3.070000e-06	-6.069149e-06	-2.569299e-08	-4.291714e+01	-1.677742e+03
3.080000e-06	-6.122801e-06	-2.573362e-08	-4.329653e+01	-1.680862e+03
3.090000e-06	-6.173923e-06	-2.577410e-08	-4.365803e+01	-1.684112e+03
3.100000e-06	-6.222512e-06	-2.581012e-08	-4.400162e+01	-1.687273e+03
3.110000e-06	-6.268724e-06	-2.584252e-08	-4.432840e+01	-1.690105e+03
3.120000e-06	-6.312888e-06	-2.587210e-08	-4.464070e+01	-1.692426e+03
3.130000e-06	-6.355055e-06	-2.590004e-08	-4.493888e+01	-1.694169e+03
3.140000e-06	-6.395109e-06	-2.592904e-08	-4.522212e+01	-1.695404e+03
3.150000e-06	-6.432830e-06	-2.595650e-08	-4.548886e+01	-1.696310e+03
3.160000e-06	-6.468178e-06	-2.598228e-08	-4.573881e+01	-1.697122e+03
3.170000e-06	-6.501337e-06	-2.600069e-08	-4.597329e+01	-1.698054e+03
3.180000e-06	-6.532182e-06	-2.601473e-08	-4.619141e+01	-1.699237e+03
3.190000e-06	-6.560598e-06	-2.602601e-08	-4.639235e+01	-1.700679e+03
3.200000e-06	-6.586751e-06	-2.604029e-08	-4.657729e+01	-1.702266e+03
3.210000e-06	-6.610588e-06	-2.605635e-08	-4.674584e+01	-1.703805e+03
3.220000e-06	-6.631915e-06	-2.606881e-08	-4.689666e+01	-1.705081e+03
3.230000e-06	-6.650887e-06	-2.607578e-08	-4.703081e+01	-1.705933e+03
3.240000e-06	-6.667638e-06	-2.608119e-08	-4.714927e+01	-1.706299e+03
3.250000e-06	-6.681826e-06	-2.608613e-08	-4.724960e+01	-1.706237e+03
3.260000e-06	-6.693282e-06	-2.608876e-08	-4.733061e+01	-1.705906e+03
3.270000e-06	-6.702316e-06	-2.608776e-08	-4.739449e+01	-1.705513e+03
3.280000e-06	-6.708923e-06	-2.608505e-08	-4.744121e+01	-1.705250e+03
3.290000e-06	-6.713050e-06	-2.608250e-08	-4.747039e+01	-1.705234e+03
3.300000e-06	-6.714905e-06	-2.607505e-08	-4.748351e+01	-1.705467e+03
3.310000e-06	-6.714513e-06	-2.607036e-08	-4.748074e+01	-1.705844e+03
