# Temperatura_=_68.75
# Concentracion g/m^3_=_41000.0
# C_Vs_to_Am_M_A/Vsm_=_65563218390.804596
# pendiente_HvsI_1/m_=_3716.3
# ordenada_HvsI_A/m_=_1297.0
# frecuencia_Hz_=_302001.71464804636

Tiempo_(s)	Campo_(V.s)	Magnetizacion_(V.s)	Campo_(kA/m)	Magnetizacion_(A/m)
0.000000e+00	-6.732336e-06	-2.261642e-08	-4.746949e+01	-1.482394e+03
1.000000e-08	-6.729498e-06	-2.262015e-08	-4.744948e+01	-1.482611e+03
2.000000e-08	-6.724394e-06	-2.261299e-08	-4.741349e+01	-1.482283e+03
3.000000e-08	-6.717188e-06	-2.260241e-08	-4.736269e+01	-1.481377e+03
4.000000e-08	-6.707756e-06	-2.258997e-08	-4.729618e+01	-1.480011e+03
5.000000e-08	-6.695892e-06	-2.257300e-08	-4.721253e+01	-1.478411e+03
6.000000e-08	-6.681534e-06	-2.255112e-08	-4.711129e+01	-1.476841e+03
7.000000e-08	-6.664809e-06	-2.251384e-08	-4.699336e+01	-1.475522e+03
8.000000e-08	-6.645918e-06	-2.251224e-08	-4.686016e+01	-1.474567e+03
9.000000e-08	-6.624701e-06	-2.259532e-08	-4.671056e+01	-1.473944e+03
1.000000e-07	-6.600750e-06	-2.257262e-08	-4.654169e+01	-1.473490e+03
1.100000e-07	-6.574088e-06	-2.248035e-08	-4.635369e+01	-1.472971e+03
1.200000e-07	-6.545073e-06	-2.246837e-08	-4.614911e+01	-1.472150e+03
1.300000e-07	-6.514081e-06	-2.241375e-08	-4.593058e+01	-1.470869e+03
1.400000e-07	-6.481361e-06	-2.226958e-08	-4.569988e+01	-1.469096e+03
1.500000e-07	-6.446722e-06	-2.239556e-08	-4.545564e+01	-1.466936e+03
1.600000e-07	-6.409996e-06	-2.242331e-08	-4.519669e+01	-1.464595e+03
1.700000e-07	-6.371292e-06	-2.221725e-08	-4.492378e+01	-1.462312e+03
1.800000e-07	-6.330325e-06	-2.233200e-08	-4.463493e+01	-1.460278e+03
1.900000e-07	-6.286877e-06	-2.225399e-08	-4.432858e+01	-1.458573e+03
2.000000e-07	-6.241171e-06	-2.218674e-08	-4.400630e+01	-1.457134e+03
2.100000e-07	-6.193087e-06	-2.229477e-08	-4.366726e+01	-1.455771e+03
2.200000e-07	-6.142286e-06	-2.217494e-08	-4.330907e+01	-1.454220e+03
2.300000e-07	-6.088946e-06	-2.212347e-08	-4.293297e+01	-1.452225e+03
2.400000e-07	-6.033349e-06	-2.208171e-08	-4.254096e+01	-1.449620e+03
2.500000e-07	-5.975449e-06	-2.200534e-08	-4.213271e+01	-1.446377e+03
2.600000e-07	-5.915253e-06	-2.198734e-08	-4.170827e+01	-1.442619e+03
2.700000e-07	-5.852934e-06	-2.193696e-08	-4.126886e+01	-1.438585e+03
2.800000e-07	-5.788548e-06	-2.188574e-08	-4.081488e+01	-1.434556e+03
2.900000e-07	-5.721970e-06	-2.180003e-08	-4.034543e+01	-1.430766e+03
3.000000e-07	-5.653175e-06	-2.177354e-08	-3.986036e+01	-1.427332e+03
3.100000e-07	-5.582262e-06	-2.173695e-08	-3.936036e+01	-1.424214e+03
3.200000e-07	-5.509258e-06	-2.166609e-08	-3.884561e+01	-1.421227e+03
3.300000e-07	-5.434033e-06	-2.161764e-08	-3.831520e+01	-1.418096e+03
3.400000e-07	-5.356589e-06	-2.151835e-08	-3.776914e+01	-1.414542e+03
3.500000e-07	-5.277046e-06	-2.146686e-08	-3.720829e+01	-1.410368e+03
3.600000e-07	-5.195449e-06	-2.140213e-08	-3.663295e+01	-1.405521e+03
3.700000e-07	-5.112079e-06	-2.133038e-08	-3.604511e+01	-1.400111e+03
3.800000e-07	-5.027106e-06	-2.127685e-08	-3.544597e+01	-1.394376e+03
3.900000e-07	-4.940498e-06	-2.119011e-08	-3.483530e+01	-1.388606e+03
4.000000e-07	-4.852212e-06	-2.110053e-08	-3.421279e+01	-1.383057e+03
4.100000e-07	-4.762178e-06	-2.101831e-08	-3.357797e+01	-1.377859e+03
4.200000e-07	-4.670438e-06	-2.094790e-08	-3.293112e+01	-1.372979e+03
4.300000e-07	-4.577148e-06	-2.085268e-08	-3.227333e+01	-1.368224e+03
4.400000e-07	-4.482305e-06	-2.075415e-08	-3.160459e+01	-1.363300e+03
4.500000e-07	-4.385772e-06	-2.066383e-08	-3.092395e+01	-1.357898e+03
4.600000e-07	-4.287559e-06	-2.056374e-08	-3.023144e+01	-1.351795e+03
4.700000e-07	-4.187756e-06	-2.047432e-08	-2.952774e+01	-1.344924e+03
4.800000e-07	-4.086541e-06	-2.038043e-08	-2.881408e+01	-1.337395e+03
4.900000e-07	-3.983939e-06	-2.027536e-08	-2.809063e+01	-1.329464e+03
5.000000e-07	-3.879875e-06	-2.015633e-08	-2.735688e+01	-1.321448e+03
5.100000e-07	-3.774411e-06	-2.003702e-08	-2.661325e+01	-1.313627e+03
5.200000e-07	-3.667525e-06	-1.991765e-08	-2.585960e+01	-1.306144e+03
5.300000e-07	-3.559216e-06	-1.979257e-08	-2.509592e+01	-1.298954e+03
5.400000e-07	-3.449635e-06	-1.966651e-08	-2.432327e+01	-1.291829e+03
5.500000e-07	-3.338850e-06	-1.953588e-08	-2.354213e+01	-1.284416e+03
5.600000e-07	-3.226778e-06	-1.940325e-08	-2.275191e+01	-1.276350e+03
5.700000e-07	-3.113418e-06	-1.926371e-08	-2.195261e+01	-1.267359e+03
5.800000e-07	-2.998777e-06	-1.912072e-08	-2.114429e+01	-1.257357e+03
5.900000e-07	-2.882821e-06	-1.897146e-08	-2.032668e+01	-1.246470e+03
6.000000e-07	-2.765682e-06	-1.881394e-08	-1.950074e+01	-1.235000e+03
6.100000e-07	-2.647581e-06	-1.864809e-08	-1.866801e+01	-1.223331e+03
6.200000e-07	-2.528517e-06	-1.847655e-08	-1.782850e+01	-1.211795e+03
6.300000e-07	-2.408387e-06	-1.829860e-08	-1.698147e+01	-1.200562e+03
6.400000e-07	-2.287396e-06	-1.811332e-08	-1.612836e+01	-1.189561e+03
6.500000e-07	-2.165724e-06	-1.792251e-08	-1.527045e+01	-1.178487e+03
6.600000e-07	-2.043221e-06	-1.772270e-08	-1.440669e+01	-1.166873e+03
6.700000e-07	-1.919831e-06	-1.751495e-08	-1.353667e+01	-1.154227e+03
6.800000e-07	-1.795714e-06	-1.729911e-08	-1.266153e+01	-1.140179e+03
6.900000e-07	-1.671021e-06	-1.707393e-08	-1.178232e+01	-1.124595e+03
7.000000e-07	-1.545826e-06	-1.683646e-08	-1.089957e+01	-1.107623e+03
7.100000e-07	-1.420204e-06	-1.658643e-08	-1.001382e+01	-1.089649e+03
7.200000e-07	-1.294166e-06	-1.632557e-08	-9.125128e+00	-1.071165e+03
7.300000e-07	-1.167701e-06	-1.605191e-08	-8.233425e+00	-1.052588e+03
7.400000e-07	-1.040874e-06	-1.576291e-08	-7.339168e+00	-1.034096e+03
7.500000e-07	-9.137250e-07	-1.545546e-08	-6.442647e+00	-1.015507e+03
7.600000e-07	-7.861821e-07	-1.512713e-08	-5.543346e+00	-9.962788e+02
7.700000e-07	-6.582371e-07	-1.477666e-08	-4.641210e+00	-9.756086e+02
7.800000e-07	-5.300530e-07	-1.440668e-08	-3.737387e+00	-9.526312e+02
7.900000e-07	-4.016895e-07	-1.401424e-08	-2.832300e+00	-9.266467e+02
8.000000e-07	-2.731563e-07	-1.359311e-08	-1.926017e+00	-8.973118e+02
8.100000e-07	-1.445055e-07	-1.313567e-08	-1.018904e+00	-8.647208e+02
8.200000e-07	-1.581992e-08	-1.263631e-08	-1.115458e-01	-8.293350e+02
8.300000e-07	1.128840e-07	-1.209152e-08	7.959416e-01	-7.917545e+02
8.400000e-07	2.416375e-07	-1.149371e-08	1.703778e+00	-7.523795e+02
8.500000e-07	3.703141e-07	-1.083764e-08	2.611074e+00	-7.110450e+02
8.600000e-07	4.988531e-07	-1.011115e-08	3.517398e+00	-6.667353e+02
8.700000e-07	6.272461e-07	-9.296338e-09	4.422693e+00	-6.174778e+02
8.800000e-07	7.554669e-07	-8.375446e-09	5.326774e+00	-5.604820e+02
8.900000e-07	8.834948e-07	-7.323138e-09	6.229494e+00	-4.925321e+02
9.000000e-07	1.011139e-06	-6.105154e-09	7.129512e+00	-4.105806e+02
9.100000e-07	1.138306e-06	-4.680797e-09	8.026162e+00	-3.124302e+02
9.200000e-07	1.265066e-06	-3.008914e-09	8.919940e+00	-1.973600e+02
9.300000e-07	1.391393e-06	-1.062267e-09	9.810668e+00	-6.655132e+01
9.400000e-07	1.517215e-06	1.141163e-09	1.069784e+01	7.679896e+01
9.500000e-07	1.642602e-06	3.515606e-09	1.158193e+01	2.277269e+02
9.600000e-07	1.767575e-06	5.934083e-09	1.246311e+01	3.800829e+02
9.700000e-07	1.891982e-06	8.250698e-09	1.334030e+01	5.273463e+02
9.800000e-07	2.015682e-06	1.032743e-08	1.421251e+01	6.635197e+02
9.900000e-07	2.138542e-06	1.208886e-08	1.507879e+01	7.839309e+02
1.000000e-06	2.260495e-06	1.353165e-08	1.593868e+01	8.857927e+02
1.010000e-06	2.381591e-06	1.469571e-08	1.679253e+01	9.684195e+02
1.020000e-06	2.501785e-06	1.563191e-08	1.764001e+01	1.033078e+03
1.030000e-06	2.621014e-06	1.638834e-08	1.848069e+01	1.082525e+03
1.040000e-06	2.739260e-06	1.700655e-08	1.931444e+01	1.120343e+03
1.050000e-06	2.856507e-06	1.751959e-08	2.014114e+01	1.150231e+03
1.060000e-06	2.972677e-06	1.795098e-08	2.096026e+01	1.175387e+03
1.070000e-06	3.087571e-06	1.831979e-08	2.177037e+01	1.198102e+03
1.080000e-06	3.201220e-06	1.863955e-08	2.257171e+01	1.219616e+03
1.090000e-06	3.313662e-06	1.892030e-08	2.336453e+01	1.240233e+03
1.100000e-06	3.424825e-06	1.916971e-08	2.414834e+01	1.259612e+03
1.110000e-06	3.534789e-06	1.939518e-08	2.492369e+01	1.277152e+03
1.120000e-06	3.643694e-06	1.960229e-08	2.569157e+01	1.292347e+03
1.130000e-06	3.751473e-06	1.979501e-08	2.645152e+01	1.305031e+03
1.140000e-06	3.857903e-06	1.997396e-08	2.720196e+01	1.315465e+03
1.150000e-06	3.962900e-06	2.013853e-08	2.794228e+01	1.324265e+03
1.160000e-06	4.066418e-06	2.029078e-08	2.867219e+01	1.332220e+03
1.170000e-06	4.168466e-06	2.043232e-08	2.939172e+01	1.340067e+03
1.180000e-06	4.269125e-06	2.056579e-08	3.010147e+01	1.348294e+03
1.190000e-06	4.368284e-06	2.069230e-08	3.080064e+01	1.357038e+03
1.200000e-06	4.465753e-06	2.081159e-08	3.148789e+01	1.366087e+03
1.210000e-06	4.561530e-06	2.092160e-08	3.216321e+01	1.374993e+03
1.220000e-06	4.655719e-06	2.102434e-08	3.282733e+01	1.383239e+03
1.230000e-06	4.748456e-06	2.112115e-08	3.348122e+01	1.390420e+03
1.240000e-06	4.839612e-06	2.121270e-08	3.412396e+01	1.396371e+03
1.250000e-06	4.928905e-06	2.129884e-08	3.475356e+01	1.401214e+03
1.260000e-06	5.016346e-06	2.138246e-08	3.537010e+01	1.405311e+03
1.270000e-06	5.102003e-06	2.146462e-08	3.597407e+01	1.409150e+03
1.280000e-06	5.185870e-06	2.154334e-08	3.656541e+01	1.413192e+03
1.290000e-06	5.267886e-06	2.161776e-08	3.714370e+01	1.417738e+03
1.300000e-06	5.347942e-06	2.168827e-08	3.770818e+01	1.422850e+03
1.310000e-06	5.426017e-06	2.175534e-08	3.825868e+01	1.428350e+03
1.320000e-06	5.502091e-06	2.181927e-08	3.879507e+01	1.433884e+03
1.330000e-06	5.576013e-06	2.188063e-08	3.931630e+01	1.439049e+03
1.340000e-06	5.647784e-06	2.193910e-08	3.982235e+01	1.443517e+03
1.350000e-06	5.717564e-06	2.199414e-08	4.031437e+01	1.447134e+03
1.360000e-06	5.785364e-06	2.204616e-08	4.079242e+01	1.449963e+03
1.370000e-06	5.851043e-06	2.209652e-08	4.125552e+01	1.452253e+03
1.380000e-06	5.914562e-06	2.214480e-08	4.170340e+01	1.454355e+03
1.390000e-06	5.976127e-06	2.219046e-08	4.213749e+01	1.456612e+03
1.400000e-06	6.035787e-06	2.223347e-08	4.255815e+01	1.459250e+03
1.410000e-06	6.093273e-06	2.227330e-08	4.296348e+01	1.462314e+03
1.420000e-06	6.148498e-06	2.230992e-08	4.335287e+01	1.465662e+03
1.430000e-06	6.201505e-06	2.234428e-08	4.372662e+01	1.469019e+03
1.440000e-06	6.251994e-06	2.237812e-08	4.408262e+01	1.472064e+03
1.450000e-06	6.299933e-06	2.241016e-08	4.442063e+01	1.474537e+03
1.460000e-06	6.345628e-06	2.243900e-08	4.474283e+01	1.476319e+03
1.470000e-06	6.389195e-06	2.246643e-08	4.505002e+01	1.477469e+03
1.480000e-06	6.430459e-06	2.249196e-08	4.534097e+01	1.478197e+03
1.490000e-06	6.469345e-06	2.251438e-08	4.561515e+01	1.478804e+03
1.500000e-06	6.506086e-06	2.253564e-08	4.587421e+01	1.479579e+03
1.510000e-06	6.540638e-06	2.255611e-08	4.611784e+01	1.480715e+03
1.520000e-06	6.572797e-06	2.257415e-08	4.634459e+01	1.482250e+03
1.530000e-06	6.602648e-06	2.259074e-08	4.655507e+01	1.484059e+03
1.540000e-06	6.630274e-06	2.260619e-08	4.674986e+01	1.485897e+03
1.550000e-06	6.655416e-06	2.261998e-08	4.692714e+01	1.487481e+03
1.560000e-06	6.678075e-06	2.263127e-08	4.708690e+01	1.488577e+03
1.570000e-06	6.698467e-06	2.264026e-08	4.723068e+01	1.489076e+03
1.580000e-06	6.716476e-06	2.264971e-08	4.735767e+01	1.489026e+03
1.590000e-06	6.731945e-06	2.265934e-08	4.746674e+01	1.488615e+03
1.600000e-06	6.744919e-06	2.266734e-08	4.755822e+01	1.488110e+03
1.610000e-06	6.755276e-06	2.267354e-08	4.763124e+01	1.487777e+03
1.620000e-06	6.763011e-06	2.267683e-08	4.768578e+01	1.487790e+03
1.630000e-06	6.768434e-06	2.267810e-08	4.772402e+01	1.488186e+03
1.640000e-06	6.771567e-06	2.267888e-08	4.774611e+01	1.488848e+03
1.650000e-06	6.772225e-06	2.268234e-08	4.775075e+01	1.489546e+03
1.660000e-06	6.770518e-06	2.267626e-08	4.773872e+01	1.490009e+03
1.670000e-06	6.766670e-06	2.266755e-08	4.771158e+01	1.490008e+03
1.680000e-06	6.760503e-06	2.266576e-08	4.766810e+01	1.489430e+03
1.690000e-06	6.752065e-06	2.266007e-08	4.760860e+01	1.488307e+03
1.700000e-06	6.741578e-06	2.265178e-08	4.753466e+01	1.486812e+03
1.710000e-06	6.728829e-06	2.264723e-08	4.744477e+01	1.485195e+03
1.720000e-06	6.713680e-06	2.266498e-08	4.733795e+01	1.483713e+03
1.730000e-06	6.696409e-06	2.263345e-08	4.721618e+01	1.482548e+03
1.740000e-06	6.676971e-06	2.248730e-08	4.707912e+01	1.481750e+03
1.750000e-06	6.654592e-06	2.248385e-08	4.692133e+01	1.481227e+03
1.760000e-06	6.628994e-06	2.253416e-08	4.674083e+01	1.480779e+03
1.770000e-06	6.600816e-06	2.248999e-08	4.654215e+01	1.480159e+03
1.780000e-06	6.570472e-06	2.259796e-08	4.632819e+01	1.479156e+03
1.790000e-06	6.538500e-06	2.259620e-08	4.610276e+01	1.477662e+03
1.800000e-06	6.505130e-06	2.235818e-08	4.586747e+01	1.475706e+03
1.810000e-06	6.469554e-06	2.250230e-08	4.561663e+01	1.473442e+03
1.820000e-06	6.431528e-06	2.246996e-08	4.534851e+01	1.471100e+03
1.830000e-06	6.391319e-06	2.236659e-08	4.506499e+01	1.468908e+03
1.840000e-06	6.348929e-06	2.254206e-08	4.476610e+01	1.467016e+03
1.850000e-06	6.304449e-06	2.227989e-08	4.445247e+01	1.465444e+03
1.860000e-06	6.257627e-06	2.226720e-08	4.412234e+01	1.464069e+03
1.870000e-06	6.208403e-06	2.233162e-08	4.377526e+01	1.462662e+03
1.880000e-06	6.156970e-06	2.221069e-08	4.341261e+01	1.460951e+03
1.890000e-06	6.102939e-06	2.232305e-08	4.303164e+01	1.458710e+03
1.900000e-06	6.046438e-06	2.215464e-08	4.263325e+01	1.455828e+03
1.910000e-06	5.987729e-06	2.210767e-08	4.221930e+01	1.452344e+03
1.920000e-06	5.926746e-06	2.214043e-08	4.178930e+01	1.448437e+03
1.930000e-06	5.863585e-06	2.203204e-08	4.134396e+01	1.444374e+03
1.940000e-06	5.798237e-06	2.205234e-08	4.088319e+01	1.440427e+03
1.950000e-06	5.730777e-06	2.189492e-08	4.040753e+01	1.436786e+03
1.960000e-06	5.661067e-06	2.190872e-08	3.991601e+01	1.433504e+03
1.970000e-06	5.589068e-06	2.183976e-08	3.940835e+01	1.430474e+03
1.980000e-06	5.515057e-06	2.174305e-08	3.888649e+01	1.427464e+03
1.990000e-06	5.438967e-06	2.176217e-08	3.834999e+01	1.424186e+03
2.000000e-06	5.360703e-06	2.164256e-08	3.779815e+01	1.420386e+03
2.010000e-06	5.280378e-06	2.161226e-08	3.723178e+01	1.415923e+03
2.020000e-06	5.198249e-06	2.148424e-08	3.665270e+01	1.410815e+03
2.030000e-06	5.114399e-06	2.142321e-08	3.606147e+01	1.405234e+03
2.040000e-06	5.028663e-06	2.138063e-08	3.545695e+01	1.399451e+03
2.050000e-06	4.941011e-06	2.127955e-08	3.483892e+01	1.393752e+03
2.060000e-06	4.851651e-06	2.121435e-08	3.420884e+01	1.388349e+03
2.070000e-06	4.760791e-06	2.111705e-08	3.356819e+01	1.383304e+03
2.080000e-06	4.668347e-06	2.106583e-08	3.291637e+01	1.378512e+03
2.090000e-06	4.574192e-06	2.095843e-08	3.225248e+01	1.373726e+03
2.100000e-06	4.478316e-06	2.087100e-08	3.157647e+01	1.368634e+03
2.110000e-06	4.380925e-06	2.077759e-08	3.088976e+01	1.362954e+03
2.120000e-06	4.282147e-06	2.068017e-08	3.019329e+01	1.356522e+03
2.130000e-06	4.181854e-06	2.058584e-08	2.948612e+01	1.349349e+03
2.140000e-06	4.079955e-06	2.047399e-08	2.876764e+01	1.341612e+03
2.150000e-06	3.976426e-06	2.037271e-08	2.803766e+01	1.333608e+03
2.160000e-06	3.871463e-06	2.025993e-08	2.729757e+01	1.325650e+03
2.170000e-06	3.765222e-06	2.016360e-08	2.654846e+01	1.317970e+03
2.180000e-06	3.657727e-06	2.004593e-08	2.579052e+01	1.310632e+03
2.190000e-06	3.548967e-06	1.992840e-08	2.502366e+01	1.303510e+03
2.200000e-06	3.438885e-06	1.979685e-08	2.424747e+01	1.296310e+03
2.210000e-06	3.327405e-06	1.966882e-08	2.346143e+01	1.288662e+03
2.220000e-06	3.214594e-06	1.953251e-08	2.266600e+01	1.280225e+03
2.230000e-06	3.100555e-06	1.938890e-08	2.186192e+01	1.270802e+03
2.240000e-06	2.985293e-06	1.924197e-08	2.104921e+01	1.260396e+03
2.250000e-06	2.868861e-06	1.908744e-08	2.022825e+01	1.249217e+03
2.260000e-06	2.751260e-06	1.893071e-08	1.939905e+01	1.237617e+03
2.270000e-06	2.632481e-06	1.876905e-08	1.856155e+01	1.225974e+03
2.280000e-06	2.512513e-06	1.860964e-08	1.771565e+01	1.214563e+03
2.290000e-06	2.391623e-06	1.843340e-08	1.686326e+01	1.203455e+03
2.300000e-06	2.270083e-06	1.824597e-08	1.600629e+01	1.192475e+03
2.310000e-06	2.147902e-06	1.804773e-08	1.514479e+01	1.181234e+03
2.320000e-06	2.025033e-06	1.784955e-08	1.427844e+01	1.169237e+03
2.330000e-06	1.901415e-06	1.764230e-08	1.340682e+01	1.156027e+03
2.340000e-06	1.777070e-06	1.742214e-08	1.253007e+01	1.141322e+03
2.350000e-06	1.652107e-06	1.718978e-08	1.164895e+01	1.125112e+03
2.360000e-06	1.526673e-06	1.694809e-08	1.076452e+01	1.107656e+03
2.370000e-06	1.400812e-06	1.669801e-08	9.877083e+00	1.089406e+03
2.380000e-06	1.274495e-06	1.643435e-08	8.986426e+00	1.070844e+03
2.390000e-06	1.147724e-06	1.615775e-08	8.092568e+00	1.052304e+03
2.400000e-06	1.020444e-06	1.585965e-08	7.195116e+00	1.033817e+03
2.410000e-06	8.926663e-07	1.554411e-08	6.294162e+00	1.015042e+03
2.420000e-06	7.645334e-07	1.521028e-08	5.390701e+00	9.953051e+02
2.430000e-06	6.361387e-07	1.485553e-08	4.485394e+00	9.737502e+02
2.440000e-06	5.075607e-07	1.447733e-08	3.578795e+00	9.495549e+02
2.450000e-06	3.788301e-07	1.406916e-08	2.671120e+00	9.221539e+02
2.460000e-06	2.499897e-07	1.362941e-08	1.762669e+00	8.913897e+02
2.470000e-06	1.210626e-07	1.315768e-08	8.536085e-01	8.575321e+02
2.480000e-06	-7.943387e-09	1.264984e-08	-5.600858e-02	8.211379e+02
2.490000e-06	-1.369439e-07	1.209013e-08	-9.655870e-01	7.827668e+02
2.500000e-06	-2.658769e-07	1.146924e-08	-1.874690e+00	7.426194e+02
2.510000e-06	-3.947245e-07	1.078354e-08	-2.783190e+00	7.001926e+02
2.520000e-06	-5.235058e-07	1.002183e-08	-3.691223e+00	6.540604e+02
2.530000e-06	-6.521989e-07	9.169284e-09	-4.598634e+00	6.018672e+02
2.540000e-06	-7.807071e-07	8.203229e-09	-5.504741e+00	5.405785e+02
2.550000e-06	-9.089166e-07	7.094389e-09	-6.408743e+00	4.669698e+02
2.560000e-06	-1.036718e-06	5.806117e-09	-7.309864e+00	3.782742e+02
2.570000e-06	-1.164050e-06	4.295963e-09	-8.207680e+00	2.728590e+02
2.580000e-06	-1.290845e-06	2.525871e-09	-9.101712e+00	1.507827e+02
2.590000e-06	-1.417097e-06	4.794630e-10	-9.991906e+00	1.409747e+01
2.600000e-06	-1.542874e-06	-1.810272e-09	-1.087876e+01	-1.331913e+02
2.610000e-06	-1.668167e-06	-4.242857e-09	-1.176219e+01	-2.855238e+02
2.620000e-06	-1.792884e-06	-6.668295e-09	-1.264157e+01	-4.364829e+02
2.630000e-06	-1.916861e-06	-8.929551e-09	-1.351573e+01	-5.796643e+02
2.640000e-06	-2.039995e-06	-1.091173e-08	-1.438394e+01	-7.095514e+02
2.650000e-06	-2.162271e-06	-1.257192e-08	-1.524610e+01	-8.222299e+02
2.660000e-06	-2.283776e-06	-1.392474e-08	-1.610283e+01	-9.158083e+02
2.670000e-06	-2.404556e-06	-1.501270e-08	-1.695445e+01	-9.904766e+02
2.680000e-06	-2.524473e-06	-1.588596e-08	-1.779998e+01	-1.048211e+03
2.690000e-06	-2.643298e-06	-1.659207e-08	-1.863781e+01	-1.092210e+03
2.700000e-06	-2.761013e-06	-1.717320e-08	-1.946782e+01	-1.126191e+03
2.710000e-06	-2.877666e-06	-1.765780e-08	-2.029034e+01	-1.153704e+03
2.720000e-06	-2.993137e-06	-1.806841e-08	-2.110452e+01	-1.177591e+03
2.730000e-06	-3.107340e-06	-1.842247e-08	-2.190976e+01	-1.199697e+03
2.740000e-06	-3.220259e-06	-1.873083e-08	-2.270594e+01	-1.220832e+03
2.750000e-06	-3.331935e-06	-1.900218e-08	-2.349337e+01	-1.240982e+03
2.760000e-06	-3.442334e-06	-1.924442e-08	-2.427179e+01	-1.259646e+03
2.770000e-06	-3.551512e-06	-1.946462e-08	-2.504160e+01	-1.276224e+03
2.780000e-06	-3.659556e-06	-1.966609e-08	-2.580341e+01	-1.290336e+03
2.790000e-06	-3.766422e-06	-1.985076e-08	-2.655692e+01	-1.301998e+03
2.800000e-06	-3.872031e-06	-2.001961e-08	-2.730157e+01	-1.311638e+03
2.810000e-06	-3.976288e-06	-2.017689e-08	-2.803668e+01	-1.319975e+03
2.820000e-06	-4.079007e-06	-2.032585e-08	-2.876095e+01	-1.327802e+03
2.830000e-06	-4.180159e-06	-2.046554e-08	-2.947417e+01	-1.335768e+03
2.840000e-06	-4.279871e-06	-2.059570e-08	-3.017724e+01	-1.344220e+03
2.850000e-06	-4.378148e-06	-2.071667e-08	-3.087019e+01	-1.353135e+03
2.860000e-06	-4.474949e-06	-2.082894e-08	-3.155273e+01	-1.362183e+03
2.870000e-06	-4.570164e-06	-2.093520e-08	-3.222408e+01	-1.370864e+03
2.880000e-06	-4.663657e-06	-2.103590e-08	-3.288330e+01	-1.378689e+03
2.890000e-06	-4.755446e-06	-2.113056e-08	-3.353050e+01	-1.385344e+03
2.900000e-06	-4.845560e-06	-2.121895e-08	-3.416589e+01	-1.390786e+03
2.910000e-06	-4.933924e-06	-2.130178e-08	-3.478894e+01	-1.395252e+03
2.920000e-06	-5.020424e-06	-2.138266e-08	-3.539885e+01	-1.399174e+03
2.930000e-06	-5.105026e-06	-2.146195e-08	-3.599538e+01	-1.403048e+03
2.940000e-06	-5.187870e-06	-2.153849e-08	-3.657951e+01	-1.407279e+03
2.950000e-06	-5.269026e-06	-2.161255e-08	-3.715174e+01	-1.412073e+03
2.960000e-06	-5.348241e-06	-2.168393e-08	-3.771028e+01	-1.417383e+03
2.970000e-06	-5.425191e-06	-2.175143e-08	-3.825285e+01	-1.422944e+03
2.980000e-06	-5.499953e-06	-2.181421e-08	-3.878000e+01	-1.428365e+03
2.990000e-06	-5.572790e-06	-2.187374e-08	-3.929357e+01	-1.433261e+03
3.000000e-06	-5.643670e-06	-2.193143e-08	-3.979334e+01	-1.437368e+03
3.010000e-06	-5.712403e-06	-2.198729e-08	-4.027798e+01	-1.440625e+03
3.020000e-06	-5.779038e-06	-2.204193e-08	-4.074782e+01	-1.443181e+03
3.030000e-06	-5.843752e-06	-2.209482e-08	-4.120412e+01	-1.445343e+03
3.040000e-06	-5.906413e-06	-2.214464e-08	-4.164594e+01	-1.447472e+03
3.050000e-06	-5.966873e-06	-2.219254e-08	-4.207224e+01	-1.449871e+03
3.060000e-06	-6.025183e-06	-2.223531e-08	-4.248338e+01	-1.452695e+03
3.070000e-06	-6.081466e-06	-2.227096e-08	-4.288023e+01	-1.455905e+03
3.080000e-06	-6.135546e-06	-2.230306e-08	-4.326154e+01	-1.459293e+03
3.090000e-06	-6.187111e-06	-2.233621e-08	-4.362513e+01	-1.462552e+03
3.100000e-06	-6.236099e-06	-2.236827e-08	-4.397054e+01	-1.465374e+03
3.110000e-06	-6.282638e-06	-2.240013e-08	-4.429869e+01	-1.467553e+03
3.120000e-06	-6.327090e-06	-2.243038e-08	-4.461212e+01	-1.469045e+03
3.130000e-06	-6.369498e-06	-2.245724e-08	-4.491114e+01	-1.469978e+03
3.140000e-06	-6.409778e-06	-2.248269e-08	-4.519515e+01	-1.470613e+03
3.150000e-06	-6.447825e-06	-2.250546e-08	-4.546341e+01	-1.471258e+03
3.160000e-06	-6.483518e-06	-2.252670e-08	-4.571508e+01	-1.472170e+03
3.170000e-06	-6.516980e-06	-2.254402e-08	-4.595102e+01	-1.473479e+03
3.180000e-06	-6.548176e-06	-2.255848e-08	-4.617099e+01	-1.475153e+03
3.190000e-06	-6.576949e-06	-2.257047e-08	-4.637387e+01	-1.477006e+03
3.200000e-06	-6.603361e-06	-2.258319e-08	-4.656010e+01	-1.478767e+03
3.210000e-06	-6.627437e-06	-2.259644e-08	-4.672985e+01	-1.480162e+03
3.220000e-06	-6.649077e-06	-2.260864e-08	-4.688243e+01	-1.481004e+03
3.230000e-06	-6.668378e-06	-2.261746e-08	-4.701853e+01	-1.481250e+03
3.240000e-06	-6.685380e-06	-2.262372e-08	-4.713841e+01	-1.481013e+03
3.250000e-06	-6.699840e-06	-2.262782e-08	-4.724037e+01	-1.480525e+03
3.260000e-06	-6.711574e-06	-2.262986e-08	-4.732310e+01	-1.480062e+03
3.270000e-06	-6.720757e-06	-2.262884e-08	-4.738785e+01	-1.479861e+03
3.280000e-06	-6.727528e-06	-2.262515e-08	-4.743559e+01	-1.480040e+03
3.290000e-06	-6.731892e-06	-2.262171e-08	-4.746636e+01	-1.480570e+03
3.300000e-06	-6.733973e-06	-2.261594e-08	-4.748104e+01	-1.481277e+03
3.310000e-06	-6.733801e-06	-2.261360e-08	-4.747982e+01	-1.481905e+03
