# Temperatura_=_81.74
# Concentracion g/m^3_=_41000.0
# C_Vs_to_Am_M_A/Vsm_=_65563218390.804596
# pendiente_HvsI_1/m_=_3716.3
# ordenada_HvsI_A/m_=_1297.0
# frecuencia_Hz_=_302002.09435595357

Tiempo_(s)	Campo_(V.s)	Magnetizacion_(V.s)	Campo_(kA/m)	Magnetizacion_(A/m)
0.000000e+00	-6.722665e-06	-2.325190e-08	-4.746470e+01	-1.522449e+03
1.000000e-08	-6.719052e-06	-2.324834e-08	-4.743919e+01	-1.522513e+03
2.000000e-08	-6.713282e-06	-2.323808e-08	-4.739846e+01	-1.521999e+03
3.000000e-08	-6.705469e-06	-2.322809e-08	-4.734329e+01	-1.520919e+03
4.000000e-08	-6.695346e-06	-2.321505e-08	-4.727182e+01	-1.519430e+03
5.000000e-08	-6.682721e-06	-2.319948e-08	-4.718268e+01	-1.517780e+03
6.000000e-08	-6.667694e-06	-2.317490e-08	-4.707658e+01	-1.516232e+03
7.000000e-08	-6.650345e-06	-2.314026e-08	-4.695409e+01	-1.514982e+03
8.000000e-08	-6.630795e-06	-2.316999e-08	-4.681606e+01	-1.514101e+03
9.000000e-08	-6.608822e-06	-2.323031e-08	-4.666092e+01	-1.513515e+03
1.000000e-07	-6.584050e-06	-2.316148e-08	-4.648602e+01	-1.513030e+03
1.100000e-07	-6.556660e-06	-2.309072e-08	-4.629264e+01	-1.512398e+03
1.200000e-07	-6.527104e-06	-2.308251e-08	-4.608396e+01	-1.511394e+03
1.300000e-07	-6.495712e-06	-2.297807e-08	-4.586232e+01	-1.509888e+03
1.400000e-07	-6.462531e-06	-2.290431e-08	-4.562805e+01	-1.507890e+03
1.500000e-07	-6.427310e-06	-2.307755e-08	-4.537937e+01	-1.505539e+03
1.600000e-07	-6.390025e-06	-2.296416e-08	-4.511613e+01	-1.503063e+03
1.700000e-07	-6.350718e-06	-2.286060e-08	-4.483861e+01	-1.500700e+03
1.800000e-07	-6.309071e-06	-2.296410e-08	-4.454456e+01	-1.498620e+03
1.900000e-07	-6.264981e-06	-2.279515e-08	-4.423327e+01	-1.496868e+03
2.000000e-07	-6.218652e-06	-2.282166e-08	-4.390617e+01	-1.495347e+03
2.100000e-07	-6.169834e-06	-2.282912e-08	-4.356149e+01	-1.493837e+03
2.200000e-07	-6.118321e-06	-2.270752e-08	-4.319779e+01	-1.492071e+03
2.300000e-07	-6.064353e-06	-2.271131e-08	-4.281675e+01	-1.489806e+03
2.400000e-07	-6.008097e-06	-2.265042e-08	-4.241956e+01	-1.486906e+03
2.500000e-07	-5.949546e-06	-2.260292e-08	-4.200617e+01	-1.483380e+03
2.600000e-07	-5.888775e-06	-2.256259e-08	-4.157710e+01	-1.479384e+03
2.700000e-07	-5.825944e-06	-2.249254e-08	-4.113349e+01	-1.475167e+03
2.800000e-07	-5.761008e-06	-2.243077e-08	-4.067501e+01	-1.470999e+03
2.900000e-07	-5.693798e-06	-2.235834e-08	-4.020049e+01	-1.467082e+03
3.000000e-07	-5.624432e-06	-2.234711e-08	-3.971073e+01	-1.463488e+03
3.100000e-07	-5.553072e-06	-2.227543e-08	-3.920690e+01	-1.460138e+03
3.200000e-07	-5.479580e-06	-2.220519e-08	-3.868802e+01	-1.456819e+03
3.300000e-07	-5.403816e-06	-2.212845e-08	-3.815310e+01	-1.453258e+03
3.400000e-07	-5.325896e-06	-2.204136e-08	-3.760295e+01	-1.449203e+03
3.500000e-07	-5.245861e-06	-2.200472e-08	-3.703788e+01	-1.444507e+03
3.600000e-07	-5.163856e-06	-2.191864e-08	-3.645889e+01	-1.439173e+03
3.700000e-07	-5.080154e-06	-2.185105e-08	-3.586792e+01	-1.433358e+03
3.800000e-07	-4.994782e-06	-2.176888e-08	-3.526516e+01	-1.427322e+03
3.900000e-07	-4.907810e-06	-2.166828e-08	-3.465110e+01	-1.421350e+03
4.000000e-07	-4.819192e-06	-2.157838e-08	-3.402542e+01	-1.415653e+03
4.100000e-07	-4.728736e-06	-2.150706e-08	-3.338677e+01	-1.410307e+03
4.200000e-07	-4.636607e-06	-2.143402e-08	-3.273630e+01	-1.405215e+03
4.300000e-07	-4.542945e-06	-2.133029e-08	-3.207501e+01	-1.400138e+03
4.400000e-07	-4.447689e-06	-2.123226e-08	-3.140246e+01	-1.394767e+03
4.500000e-07	-4.350789e-06	-2.112697e-08	-3.071831e+01	-1.388811e+03
4.600000e-07	-4.252187e-06	-2.102248e-08	-3.002214e+01	-1.382097e+03
4.700000e-07	-4.152093e-06	-2.092372e-08	-2.931543e+01	-1.374620e+03
4.800000e-07	-4.050638e-06	-2.082136e-08	-2.859912e+01	-1.366552e+03
4.900000e-07	-3.947762e-06	-2.070699e-08	-2.787278e+01	-1.358184e+03
5.000000e-07	-3.843492e-06	-2.058270e-08	-2.713659e+01	-1.349838e+03
5.100000e-07	-3.737734e-06	-2.046009e-08	-2.638989e+01	-1.341757e+03
5.200000e-07	-3.630456e-06	-2.033261e-08	-2.563247e+01	-1.334025e+03
5.300000e-07	-3.521854e-06	-2.020234e-08	-2.486570e+01	-1.326532e+03
5.400000e-07	-3.412109e-06	-2.006883e-08	-2.409086e+01	-1.318993e+03
5.500000e-07	-3.301156e-06	-1.993092e-08	-2.330748e+01	-1.311035e+03
5.600000e-07	-3.188871e-06	-1.978484e-08	-2.251470e+01	-1.302308e+03
5.700000e-07	-3.075192e-06	-1.963441e-08	-2.171208e+01	-1.292596e+03
5.800000e-07	-2.960099e-06	-1.948146e-08	-2.089948e+01	-1.281882e+03
5.900000e-07	-2.843770e-06	-1.932345e-08	-2.007815e+01	-1.270363e+03
6.000000e-07	-2.726423e-06	-1.915861e-08	-1.924964e+01	-1.258386e+03
6.100000e-07	-2.608122e-06	-1.898771e-08	-1.841438e+01	-1.246336e+03
6.200000e-07	-2.488828e-06	-1.880833e-08	-1.757212e+01	-1.234506e+03
6.300000e-07	-2.368629e-06	-1.861961e-08	-1.672347e+01	-1.222988e+03
6.400000e-07	-2.247630e-06	-1.842484e-08	-1.586917e+01	-1.211629e+03
6.500000e-07	-2.125799e-06	-1.822389e-08	-1.500899e+01	-1.200052e+03
6.600000e-07	-2.003079e-06	-1.801434e-08	-1.414254e+01	-1.187761e+03
6.700000e-07	-1.879549e-06	-1.779753e-08	-1.327037e+01	-1.174285e+03
6.800000e-07	-1.755375e-06	-1.757303e-08	-1.239365e+01	-1.159322e+03
6.900000e-07	-1.630607e-06	-1.733682e-08	-1.151274e+01	-1.142836e+03
7.000000e-07	-1.505353e-06	-1.708908e-08	-1.062839e+01	-1.125072e+03
7.100000e-07	-1.379714e-06	-1.682991e-08	-9.741332e+00	-1.106477e+03
7.200000e-07	-1.253706e-06	-1.656078e-08	-8.851666e+00	-1.087544e+03
7.300000e-07	-1.127285e-06	-1.627734e-08	-7.959085e+00	-1.068631e+03
7.400000e-07	-1.000456e-06	-1.597487e-08	-7.063621e+00	-1.049799e+03
7.500000e-07	-8.733303e-07	-1.565356e-08	-6.166061e+00	-1.030732e+03
7.600000e-07	-7.459148e-07	-1.531142e-08	-5.266456e+00	-1.010766e+03
7.700000e-07	-6.182034e-07	-1.494739e-08	-4.364763e+00	-9.890395e+02
7.800000e-07	-4.902867e-07	-1.456160e-08	-3.461620e+00	-9.647036e+02
7.900000e-07	-3.621898e-07	-1.415114e-08	-2.557205e+00	-9.371553e+02
8.000000e-07	-2.339411e-07	-1.371029e-08	-1.651718e+00	-9.061990e+02
8.100000e-07	-1.055659e-07	-1.323052e-08	-7.453372e-01	-8.720782e+02
8.200000e-07	2.291834e-08	-1.270640e-08	1.618127e-01	-8.353446e+02
8.300000e-07	1.514384e-07	-1.213440e-08	1.069215e+00	-7.965780e+02
8.400000e-07	2.799252e-07	-1.150921e-08	1.976384e+00	-7.560178e+02
8.500000e-07	4.083082e-07	-1.082025e-08	2.882819e+00	-7.132044e+02
8.600000e-07	5.365966e-07	-1.005165e-08	3.788586e+00	-6.667398e+02
8.700000e-07	6.647197e-07	-9.186104e-09	4.693187e+00	-6.142600e+02
8.800000e-07	7.926361e-07	-8.205712e-09	5.596327e+00	-5.526705e+02
8.900000e-07	9.203235e-07	-7.077155e-09	6.497851e+00	-4.786308e+02
9.000000e-07	1.047639e-06	-5.759253e-09	7.396749e+00	-3.892115e+02
9.100000e-07	1.174533e-06	-4.209573e-09	8.292670e+00	-2.825953e+02
9.200000e-07	1.301025e-06	-2.384637e-09	9.185753e+00	-1.586680e+02
9.300000e-07	1.427104e-06	-2.657513e-10	1.007592e+01	-1.935863e+01
9.400000e-07	1.552786e-06	2.083871e-09	1.096329e+01	1.313671e+02
9.500000e-07	1.678039e-06	4.529487e-09	1.184763e+01	2.878858e+02
9.600000e-07	1.802746e-06	6.968183e-09	1.272811e+01	4.436114e+02
9.700000e-07	1.926774e-06	9.282305e-09	1.360379e+01	5.918830e+02
9.800000e-07	2.050052e-06	1.132227e-08	1.447419e+01	7.268760e+02
9.900000e-07	2.172549e-06	1.301899e-08	1.533906e+01	8.443626e+02
1.000000e-06	2.294201e-06	1.438883e-08	1.619798e+01	9.421809e+02
1.010000e-06	2.414911e-06	1.548355e-08	1.705023e+01	1.020333e+03
1.020000e-06	2.534610e-06	1.636047e-08	1.789536e+01	1.080714e+03
1.030000e-06	2.653355e-06	1.707000e-08	1.873375e+01	1.126551e+03
1.040000e-06	2.771179e-06	1.765082e-08	1.956563e+01	1.161685e+03
1.050000e-06	2.888002e-06	1.813440e-08	2.039045e+01	1.189847e+03
1.060000e-06	3.003693e-06	1.854307e-08	2.120727e+01	1.214088e+03
1.070000e-06	3.118159e-06	1.889442e-08	2.201545e+01	1.236434e+03
1.080000e-06	3.231303e-06	1.920344e-08	2.281429e+01	1.257836e+03
1.090000e-06	3.343128e-06	1.947627e-08	2.360382e+01	1.278348e+03
1.100000e-06	3.453768e-06	1.972184e-08	2.438498e+01	1.297482e+03
1.110000e-06	3.563301e-06	1.994408e-08	2.515833e+01	1.314599e+03
1.120000e-06	3.671761e-06	2.014871e-08	2.592410e+01	1.329256e+03
1.130000e-06	3.779039e-06	2.033944e-08	2.668153e+01	1.341404e+03
1.140000e-06	3.885004e-06	2.051646e-08	2.742968e+01	1.351434e+03
1.150000e-06	3.989469e-06	2.068050e-08	2.816725e+01	1.360054e+03
1.160000e-06	4.092371e-06	2.083288e-08	2.889377e+01	1.368081e+03
1.170000e-06	4.193892e-06	2.097454e-08	2.961055e+01	1.376212e+03
1.180000e-06	4.293999e-06	2.110844e-08	3.031735e+01	1.384842e+03
1.190000e-06	4.392550e-06	2.123636e-08	3.101316e+01	1.393993e+03
1.200000e-06	4.489401e-06	2.135710e-08	3.169696e+01	1.403356e+03
1.210000e-06	4.584548e-06	2.146816e-08	3.236874e+01	1.412421e+03
1.220000e-06	4.678170e-06	2.157160e-08	3.302975e+01	1.420671e+03
1.230000e-06	4.770280e-06	2.167038e-08	3.368009e+01	1.427748e+03
1.240000e-06	4.860723e-06	2.176350e-08	3.431864e+01	1.433566e+03
1.250000e-06	4.949335e-06	2.185213e-08	3.494428e+01	1.438332e+03
1.260000e-06	5.036090e-06	2.193701e-08	3.555681e+01	1.442469e+03
1.270000e-06	5.121104e-06	2.202109e-08	3.615704e+01	1.446488e+03
1.280000e-06	5.204385e-06	2.210115e-08	3.674504e+01	1.450827e+03
1.290000e-06	5.285713e-06	2.217709e-08	3.731925e+01	1.455729e+03
1.300000e-06	5.364988e-06	2.224780e-08	3.787895e+01	1.461185e+03
1.310000e-06	5.442293e-06	2.231538e-08	3.842476e+01	1.466951e+03
1.320000e-06	5.517609e-06	2.238263e-08	3.895652e+01	1.472637e+03
1.330000e-06	5.590803e-06	2.244771e-08	3.947330e+01	1.477842e+03
1.340000e-06	5.661907e-06	2.250924e-08	3.997533e+01	1.482273e+03
1.350000e-06	5.731018e-06	2.256614e-08	4.046328e+01	1.485836e+03
1.360000e-06	5.798111e-06	2.261999e-08	4.093698e+01	1.488654e+03
1.370000e-06	5.863052e-06	2.267173e-08	4.139549e+01	1.491020e+03
1.380000e-06	5.925868e-06	2.272109e-08	4.183900e+01	1.493300e+03
1.390000e-06	5.986773e-06	2.276913e-08	4.226901e+01	1.495818e+03
1.400000e-06	6.045695e-06	2.281467e-08	4.268502e+01	1.498754e+03
1.410000e-06	6.102369e-06	2.285653e-08	4.308516e+01	1.502099e+03
1.420000e-06	6.156795e-06	2.289474e-08	4.346943e+01	1.505663e+03
1.430000e-06	6.208901e-06	2.293105e-08	4.383732e+01	1.509142e+03
1.440000e-06	6.258451e-06	2.296656e-08	4.418716e+01	1.512221e+03
1.450000e-06	6.305563e-06	2.300016e-08	4.451979e+01	1.514671e+03
1.460000e-06	6.350537e-06	2.303212e-08	4.483733e+01	1.516423e+03
1.470000e-06	6.393436e-06	2.306149e-08	4.514021e+01	1.517582e+03
1.480000e-06	6.433949e-06	2.308866e-08	4.542625e+01	1.518394e+03
1.490000e-06	6.472127e-06	2.311359e-08	4.569580e+01	1.519164e+03
1.500000e-06	6.508232e-06	2.313692e-08	4.595072e+01	1.520160e+03
1.510000e-06	6.542033e-06	2.315882e-08	4.618936e+01	1.521531e+03
1.520000e-06	6.573423e-06	2.317785e-08	4.641099e+01	1.523263e+03
1.530000e-06	6.602593e-06	2.319609e-08	4.661694e+01	1.525188e+03
1.540000e-06	6.629473e-06	2.321210e-08	4.680673e+01	1.527040e+03
1.550000e-06	6.653850e-06	2.322395e-08	4.697884e+01	1.528542e+03
1.560000e-06	6.675781e-06	2.323425e-08	4.713368e+01	1.529496e+03
1.570000e-06	6.695419e-06	2.324291e-08	4.727233e+01	1.529842e+03
1.580000e-06	6.712640e-06	2.325275e-08	4.739392e+01	1.529679e+03
1.590000e-06	6.727362e-06	2.326351e-08	4.749786e+01	1.529231e+03
1.600000e-06	6.739590e-06	2.327276e-08	4.758420e+01	1.528775e+03
1.610000e-06	6.749148e-06	2.328116e-08	4.765168e+01	1.528558e+03
1.620000e-06	6.756116e-06	2.328486e-08	4.770088e+01	1.528714e+03
1.630000e-06	6.760810e-06	2.328472e-08	4.773402e+01	1.529227e+03
1.640000e-06	6.763180e-06	2.328367e-08	4.775075e+01	1.529938e+03
1.650000e-06	6.763102e-06	2.328440e-08	4.775020e+01	1.530592e+03
1.660000e-06	6.760772e-06	2.327488e-08	4.773375e+01	1.530921e+03
1.670000e-06	6.756311e-06	2.326903e-08	4.770225e+01	1.530727e+03
1.680000e-06	6.749492e-06	2.326622e-08	4.765411e+01	1.529941e+03
1.690000e-06	6.740447e-06	2.325883e-08	4.759024e+01	1.528647e+03
1.700000e-06	6.729368e-06	2.325088e-08	4.751203e+01	1.527051e+03
1.710000e-06	6.715926e-06	2.324941e-08	4.741712e+01	1.525420e+03
1.720000e-06	6.700130e-06	2.326416e-08	4.730559e+01	1.523994e+03
1.730000e-06	6.682320e-06	2.318628e-08	4.717984e+01	1.522917e+03
1.740000e-06	6.662169e-06	2.307286e-08	4.703757e+01	1.522193e+03
1.750000e-06	6.638828e-06	2.311423e-08	4.687278e+01	1.521685e+03
1.760000e-06	6.612397e-06	2.312731e-08	4.668617e+01	1.521166e+03
1.770000e-06	6.583608e-06	2.311075e-08	4.648290e+01	1.520386e+03
1.780000e-06	6.552805e-06	2.323637e-08	4.626542e+01	1.519159e+03
1.790000e-06	6.520527e-06	2.310798e-08	4.603753e+01	1.517417e+03
1.800000e-06	6.486666e-06	2.296582e-08	4.579845e+01	1.515233e+03
1.810000e-06	6.450380e-06	2.310858e-08	4.554226e+01	1.512796e+03
1.820000e-06	6.411693e-06	2.296109e-08	4.526911e+01	1.510346e+03
1.830000e-06	6.370853e-06	2.303203e-08	4.498077e+01	1.508102e+03
1.840000e-06	6.327875e-06	2.309349e-08	4.467732e+01	1.506180e+03
1.850000e-06	6.282771e-06	2.284088e-08	4.435887e+01	1.504558e+03
1.860000e-06	6.235270e-06	2.296098e-08	4.402349e+01	1.503076e+03
1.870000e-06	6.185484e-06	2.287681e-08	4.367199e+01	1.501483e+03
1.880000e-06	6.133356e-06	2.283016e-08	4.330394e+01	1.499512e+03
1.890000e-06	6.078541e-06	2.287445e-08	4.291693e+01	1.496962e+03
1.900000e-06	6.021386e-06	2.268092e-08	4.251339e+01	1.493764e+03
1.910000e-06	5.962070e-06	2.276210e-08	4.209460e+01	1.489995e+03
1.920000e-06	5.900563e-06	2.270514e-08	4.166033e+01	1.485864e+03
1.930000e-06	5.836870e-06	2.263709e-08	4.121063e+01	1.481640e+03
1.940000e-06	5.770951e-06	2.259700e-08	4.074522e+01	1.477572e+03
1.950000e-06	5.702993e-06	2.245696e-08	4.026541e+01	1.473808e+03
1.960000e-06	5.632748e-06	2.249670e-08	3.976945e+01	1.470348e+03
1.970000e-06	5.560219e-06	2.236095e-08	3.925737e+01	1.467047e+03
1.980000e-06	5.485682e-06	2.233789e-08	3.873111e+01	1.463652e+03
1.990000e-06	5.408978e-06	2.229058e-08	3.818954e+01	1.459890e+03
2.000000e-06	5.330123e-06	2.218003e-08	3.763280e+01	1.455549e+03
2.010000e-06	5.249312e-06	2.213906e-08	3.706224e+01	1.450549e+03
2.020000e-06	5.166789e-06	2.200694e-08	3.647959e+01	1.444966e+03
2.030000e-06	5.082535e-06	2.199841e-08	3.588472e+01	1.439014e+03
2.040000e-06	4.996303e-06	2.190911e-08	3.527590e+01	1.432977e+03
2.050000e-06	4.908175e-06	2.181686e-08	3.465368e+01	1.427115e+03
2.060000e-06	4.818449e-06	2.172305e-08	3.402017e+01	1.421584e+03
2.070000e-06	4.727267e-06	2.163325e-08	3.337639e+01	1.416380e+03
2.080000e-06	4.634466e-06	2.156452e-08	3.272118e+01	1.411333e+03
2.090000e-06	4.539855e-06	2.144815e-08	3.205319e+01	1.406161e+03
2.100000e-06	4.443614e-06	2.137379e-08	3.137369e+01	1.400551e+03
2.110000e-06	4.345969e-06	2.126577e-08	3.068428e+01	1.394257e+03
2.120000e-06	4.246921e-06	2.117162e-08	2.998496e+01	1.387181e+03
2.130000e-06	4.146393e-06	2.105409e-08	2.927519e+01	1.379401e+03
2.140000e-06	4.044176e-06	2.094348e-08	2.855350e+01	1.371156e+03
2.150000e-06	3.940316e-06	2.083169e-08	2.782021e+01	1.362762e+03
2.160000e-06	3.835077e-06	2.071894e-08	2.707717e+01	1.354518e+03
2.170000e-06	3.728526e-06	2.061032e-08	2.632488e+01	1.346603e+03
2.180000e-06	3.620758e-06	2.048248e-08	2.556400e+01	1.339010e+03
2.190000e-06	3.511748e-06	2.035818e-08	2.479434e+01	1.331540e+03
2.200000e-06	3.401346e-06	2.021933e-08	2.401486e+01	1.323856e+03
2.210000e-06	3.289518e-06	2.009066e-08	2.322531e+01	1.315581e+03
2.220000e-06	3.176446e-06	1.994601e-08	2.242698e+01	1.306415e+03
2.230000e-06	3.062201e-06	1.980033e-08	2.162036e+01	1.296228e+03
2.240000e-06	2.946768e-06	1.964396e-08	2.080536e+01	1.285106e+03
2.250000e-06	2.830214e-06	1.948167e-08	1.998244e+01	1.273328e+03
2.260000e-06	2.712413e-06	1.931377e-08	1.915072e+01	1.261274e+03
2.270000e-06	2.593330e-06	1.914770e-08	1.830995e+01	1.249302e+03
2.280000e-06	2.473263e-06	1.897871e-08	1.746222e+01	1.237622e+03
2.290000e-06	2.352422e-06	1.879287e-08	1.660904e+01	1.226214e+03
2.300000e-06	2.230838e-06	1.859709e-08	1.575060e+01	1.214813e+03
2.310000e-06	2.108543e-06	1.839162e-08	1.488716e+01	1.202970e+03
2.320000e-06	1.985565e-06	1.818526e-08	1.401888e+01	1.190182e+03
2.330000e-06	1.861902e-06	1.796661e-08	1.314577e+01	1.176041e+03
2.340000e-06	1.737592e-06	1.773843e-08	1.226809e+01	1.160360e+03
2.350000e-06	1.612712e-06	1.749833e-08	1.138639e+01	1.143237e+03
2.360000e-06	1.487307e-06	1.724860e-08	1.050098e+01	1.125026e+03
2.370000e-06	1.361392e-06	1.698644e-08	9.611972e+00	1.106218e+03
2.380000e-06	1.235001e-06	1.670966e-08	8.719603e+00	1.087267e+03
2.390000e-06	1.108102e-06	1.641922e-08	7.823642e+00	1.068409e+03
2.400000e-06	9.807451e-07	1.611102e-08	6.924452e+00	1.049532e+03
2.410000e-06	8.530628e-07	1.578659e-08	6.022964e+00	1.030148e+03
2.420000e-06	7.250766e-07	1.544301e-08	5.119331e+00	1.009479e+03
2.430000e-06	5.968441e-07	1.507683e-08	4.213958e+00	9.866386e+02
2.440000e-06	4.684320e-07	1.468284e-08	3.307317e+00	9.608660e+02
2.450000e-06	3.398698e-07	1.425616e-08	2.399617e+00	9.317340e+02
2.460000e-06	2.111731e-07	1.379676e-08	1.490967e+00	8.992565e+02
2.470000e-06	8.234739e-08	1.330509e-08	5.814055e-01	8.638464e+02
2.480000e-06	-4.650854e-08	1.277331e-08	-3.283688e-01	8.261104e+02
2.490000e-06	-1.753370e-07	1.218483e-08	-1.237949e+00	7.865182e+02
2.500000e-06	-3.041364e-07	1.153273e-08	-2.147325e+00	7.450245e+02
2.510000e-06	-4.328663e-07	1.081109e-08	-3.056209e+00	7.007526e+02
2.520000e-06	-5.615454e-07	1.000655e-08	-3.964735e+00	6.518441e+02
2.530000e-06	-6.900819e-07	9.100601e-09	-4.872254e+00	5.955504e+02
2.540000e-06	-8.183624e-07	8.066957e-09	-5.777966e+00	5.285895e+02
2.550000e-06	-9.463237e-07	6.873017e-09	-6.681423e+00	4.477239e+02
2.560000e-06	-1.073879e-06	5.475917e-09	-7.582014e+00	3.504564e+02
2.570000e-06	-1.201011e-06	3.831312e-09	-8.479618e+00	2.356993e+02
2.580000e-06	-1.327633e-06	1.902004e-09	-9.373617e+00	1.042643e+02
2.590000e-06	-1.453751e-06	-3.162829e-10	-1.026406e+01	-4.095028e+01
2.600000e-06	-1.579391e-06	-2.747304e-09	-1.115113e+01	-1.951405e+02
2.610000e-06	-1.704355e-06	-5.257270e-09	-1.203343e+01	-3.521344e+02
2.620000e-06	-1.828553e-06	-7.716327e-09	-1.291031e+01	-5.051952e+02
2.630000e-06	-1.952025e-06	-9.974983e-09	-1.378208e+01	-6.479421e+02
2.640000e-06	-2.074706e-06	-1.191058e-08	-1.464825e+01	-7.752124e+02
2.650000e-06	-2.196591e-06	-1.349881e-08	-1.550881e+01	-8.837007e+02
2.660000e-06	-2.317776e-06	-1.477520e-08	-1.636443e+01	-9.722608e+02
2.670000e-06	-2.438181e-06	-1.579515e-08	-1.721453e+01	-1.041828e+03
2.680000e-06	-2.557659e-06	-1.661279e-08	-1.805809e+01	-1.094998e+03
2.690000e-06	-2.676093e-06	-1.727728e-08	-1.889428e+01	-1.135377e+03
2.700000e-06	-2.793352e-06	-1.782630e-08	-1.972218e+01	-1.166839e+03
2.710000e-06	-2.909478e-06	-1.828599e-08	-2.054208e+01	-1.192856e+03
2.720000e-06	-3.024435e-06	-1.867761e-08	-2.135372e+01	-1.216030e+03
2.730000e-06	-3.138138e-06	-1.901631e-08	-2.215651e+01	-1.237879e+03
2.740000e-06	-3.250574e-06	-1.931515e-08	-2.295035e+01	-1.258901e+03
2.750000e-06	-3.361669e-06	-1.958058e-08	-2.373473e+01	-1.278851e+03
2.760000e-06	-3.471467e-06	-1.981819e-08	-2.450994e+01	-1.297121e+03
2.770000e-06	-3.580113e-06	-2.003422e-08	-2.527702e+01	-1.313127e+03
2.780000e-06	-3.687666e-06	-2.023108e-08	-2.603640e+01	-1.326595e+03
2.790000e-06	-3.794079e-06	-2.041088e-08	-2.678771e+01	-1.337686e+03
2.800000e-06	-3.899213e-06	-2.057686e-08	-2.753000e+01	-1.346959e+03
2.810000e-06	-4.002846e-06	-2.073516e-08	-2.826169e+01	-1.355203e+03
2.820000e-06	-4.104935e-06	-2.088620e-08	-2.898248e+01	-1.363204e+03
2.830000e-06	-4.205510e-06	-2.102853e-08	-2.969258e+01	-1.371538e+03
2.840000e-06	-4.304607e-06	-2.116128e-08	-3.039224e+01	-1.380428e+03
2.850000e-06	-4.402323e-06	-2.128324e-08	-3.108216e+01	-1.389730e+03
2.860000e-06	-4.498588e-06	-2.139622e-08	-3.176183e+01	-1.399021e+03
2.870000e-06	-4.593200e-06	-2.150411e-08	-3.242982e+01	-1.407763e+03
2.880000e-06	-4.686049e-06	-2.160664e-08	-3.308538e+01	-1.415496e+03
2.890000e-06	-4.777244e-06	-2.170442e-08	-3.372925e+01	-1.421979e+03
2.900000e-06	-4.866826e-06	-2.179724e-08	-3.436173e+01	-1.427265e+03
2.910000e-06	-4.954605e-06	-2.188526e-08	-3.498149e+01	-1.431676e+03
2.920000e-06	-5.040497e-06	-2.197083e-08	-3.558792e+01	-1.435694e+03
2.930000e-06	-5.124540e-06	-2.205173e-08	-3.618130e+01	-1.439814e+03
2.940000e-06	-5.206806e-06	-2.212858e-08	-3.676213e+01	-1.444397e+03
2.950000e-06	-5.287272e-06	-2.220238e-08	-3.733025e+01	-1.449571e+03
2.960000e-06	-5.365696e-06	-2.227371e-08	-3.788396e+01	-1.455211e+03
2.970000e-06	-5.441884e-06	-2.234237e-08	-3.842188e+01	-1.460990e+03
2.980000e-06	-5.515980e-06	-2.240832e-08	-3.894502e+01	-1.466497e+03
2.990000e-06	-5.588073e-06	-2.247265e-08	-3.945403e+01	-1.471367e+03
3.000000e-06	-5.658079e-06	-2.253582e-08	-3.994830e+01	-1.475391e+03
3.010000e-06	-5.726011e-06	-2.259712e-08	-4.042792e+01	-1.478578e+03
3.020000e-06	-5.791999e-06	-2.265422e-08	-4.089382e+01	-1.481141e+03
3.030000e-06	-5.856050e-06	-2.270496e-08	-4.134605e+01	-1.483419e+03
3.040000e-06	-5.917892e-06	-2.275339e-08	-4.178268e+01	-1.485775e+03
3.050000e-06	-5.977531e-06	-2.280071e-08	-4.220376e+01	-1.488473e+03
3.060000e-06	-6.035134e-06	-2.284473e-08	-4.261046e+01	-1.491611e+03
3.070000e-06	-6.090686e-06	-2.288520e-08	-4.300268e+01	-1.495087e+03
3.080000e-06	-6.143936e-06	-2.292442e-08	-4.337864e+01	-1.498651e+03
3.090000e-06	-6.194663e-06	-2.296231e-08	-4.373680e+01	-1.501978e+03
3.100000e-06	-6.242834e-06	-2.299626e-08	-4.407690e+01	-1.504783e+03
3.110000e-06	-6.288660e-06	-2.302770e-08	-4.440045e+01	-1.506905e+03
3.120000e-06	-6.332466e-06	-2.305681e-08	-4.470974e+01	-1.508356e+03
3.130000e-06	-6.374194e-06	-2.308375e-08	-4.500435e+01	-1.509316e+03
3.140000e-06	-6.413743e-06	-2.311030e-08	-4.528359e+01	-1.510068e+03
3.150000e-06	-6.451031e-06	-2.313616e-08	-4.554685e+01	-1.510914e+03
3.160000e-06	-6.486055e-06	-2.316086e-08	-4.579414e+01	-1.512073e+03
3.170000e-06	-6.518864e-06	-2.317932e-08	-4.602578e+01	-1.513622e+03
3.180000e-06	-6.549295e-06	-2.319351e-08	-4.624064e+01	-1.515470e+03
3.190000e-06	-6.577299e-06	-2.320538e-08	-4.643836e+01	-1.517394e+03
3.200000e-06	-6.602994e-06	-2.321945e-08	-4.661977e+01	-1.519114e+03
3.210000e-06	-6.626325e-06	-2.323441e-08	-4.678450e+01	-1.520377e+03
3.220000e-06	-6.647169e-06	-2.324584e-08	-4.693167e+01	-1.521044e+03
3.230000e-06	-6.665651e-06	-2.325209e-08	-4.706216e+01	-1.521131e+03
3.240000e-06	-6.681827e-06	-2.325470e-08	-4.717637e+01	-1.520800e+03
3.250000e-06	-6.695334e-06	-2.325768e-08	-4.727173e+01	-1.520312e+03
3.260000e-06	-6.706171e-06	-2.325972e-08	-4.734825e+01	-1.519939e+03
3.270000e-06	-6.714641e-06	-2.326015e-08	-4.740805e+01	-1.519885e+03
3.280000e-06	-6.720693e-06	-2.325941e-08	-4.745077e+01	-1.520217e+03
3.290000e-06	-6.724384e-06	-2.325773e-08	-4.747684e+01	-1.520847e+03
3.300000e-06	-6.725868e-06	-2.325057e-08	-4.748731e+01	-1.521564e+03
3.310000e-06	-6.724988e-06	-2.324749e-08	-4.748110e+01	-1.522096e+03
