# Temperatura_=_43.82
# Concentracion g/m^3_=_28200.0
# C_Vs_to_Am_M_A/Vsm_=_65563218390.804596
# pendiente_HvsI_1/m_=_3716.3
# ordenada_HvsI_A/m_=_1297.0
# frecuencia_Hz_=_301769.02032849804

Tiempo_(s)	Campo_(V.s)	Magnetizacion_(V.s)	Campo_(kA/m)	Magnetizacion_(A/m)
0.000000e+00	-5.321037e-06	-2.055208e-08	-3.829799e+01	-1.343535e+03
1.000000e-08	-5.318754e-06	-2.055260e-08	-3.828156e+01	-1.343258e+03
2.000000e-08	-5.314617e-06	-2.054289e-08	-3.825178e+01	-1.342838e+03
3.000000e-08	-5.308869e-06	-2.053319e-08	-3.821041e+01	-1.342263e+03
4.000000e-08	-5.301566e-06	-2.052212e-08	-3.815785e+01	-1.341511e+03
5.000000e-08	-5.292549e-06	-2.050349e-08	-3.809295e+01	-1.340562e+03
6.000000e-08	-5.281510e-06	-2.047970e-08	-3.801350e+01	-1.339402e+03
7.000000e-08	-5.268533e-06	-2.043950e-08	-3.792009e+01	-1.338031e+03
8.000000e-08	-5.253574e-06	-2.042877e-08	-3.781243e+01	-1.336463e+03
9.000000e-08	-5.236365e-06	-2.051570e-08	-3.768857e+01	-1.334731e+03
1.000000e-07	-5.217046e-06	-2.048882e-08	-3.754952e+01	-1.332875e+03
1.100000e-07	-5.195863e-06	-2.037804e-08	-3.739706e+01	-1.330936e+03
1.200000e-07	-5.172940e-06	-2.033579e-08	-3.723207e+01	-1.328949e+03
1.300000e-07	-5.148502e-06	-2.015023e-08	-3.705618e+01	-1.326926e+03
1.400000e-07	-5.122506e-06	-2.015932e-08	-3.686907e+01	-1.324862e+03
1.500000e-07	-5.094818e-06	-2.037074e-08	-3.666979e+01	-1.322724e+03
1.600000e-07	-5.065638e-06	-2.010003e-08	-3.645977e+01	-1.320466e+03
1.700000e-07	-5.035025e-06	-2.013390e-08	-3.623943e+01	-1.318030e+03
1.800000e-07	-5.002484e-06	-2.028276e-08	-3.600522e+01	-1.315363e+03
1.900000e-07	-4.967847e-06	-1.988204e-08	-3.575591e+01	-1.312425e+03
2.000000e-07	-4.931700e-06	-1.990035e-08	-3.549575e+01	-1.309195e+03
2.100000e-07	-4.893976e-06	-1.998124e-08	-3.522423e+01	-1.305675e+03
2.200000e-07	-4.854493e-06	-1.977573e-08	-3.494006e+01	-1.301886e+03
2.300000e-07	-4.813200e-06	-1.983140e-08	-3.464285e+01	-1.297860e+03
2.400000e-07	-4.769873e-06	-1.977414e-08	-3.433100e+01	-1.293631e+03
2.500000e-07	-4.724733e-06	-1.962523e-08	-3.400611e+01	-1.289224e+03
2.600000e-07	-4.677832e-06	-1.960439e-08	-3.366855e+01	-1.284652e+03
2.700000e-07	-4.629067e-06	-1.945099e-08	-3.331756e+01	-1.279908e+03
2.800000e-07	-4.578263e-06	-1.941247e-08	-3.295190e+01	-1.274972e+03
2.900000e-07	-4.525406e-06	-1.938033e-08	-3.257146e+01	-1.269812e+03
3.000000e-07	-4.470842e-06	-1.926697e-08	-3.217874e+01	-1.264397e+03
3.100000e-07	-4.414735e-06	-1.917369e-08	-3.177491e+01	-1.258701e+03
3.200000e-07	-4.356833e-06	-1.907885e-08	-3.135816e+01	-1.252712e+03
3.300000e-07	-4.297204e-06	-1.899256e-08	-3.092899e+01	-1.246429e+03
3.400000e-07	-4.236172e-06	-1.886490e-08	-3.048971e+01	-1.239865e+03
3.500000e-07	-4.173756e-06	-1.878932e-08	-3.004047e+01	-1.233042e+03
3.600000e-07	-4.109953e-06	-1.868077e-08	-2.958125e+01	-1.225977e+03
3.700000e-07	-4.044617e-06	-1.854835e-08	-2.911100e+01	-1.218685e+03
3.800000e-07	-3.977626e-06	-1.847005e-08	-2.862884e+01	-1.211165e+03
3.900000e-07	-3.909149e-06	-1.832390e-08	-2.813598e+01	-1.203406e+03
4.000000e-07	-3.839387e-06	-1.818705e-08	-2.763386e+01	-1.195382e+03
4.100000e-07	-3.768387e-06	-1.807762e-08	-2.712284e+01	-1.187063e+03
4.200000e-07	-3.696151e-06	-1.793798e-08	-2.660293e+01	-1.178415e+03
4.300000e-07	-3.622533e-06	-1.780145e-08	-2.607306e+01	-1.169411e+03
4.400000e-07	-3.547328e-06	-1.766290e-08	-2.553178e+01	-1.160031e+03
4.500000e-07	-3.470645e-06	-1.752746e-08	-2.497985e+01	-1.150266e+03
4.600000e-07	-3.392663e-06	-1.735645e-08	-2.441858e+01	-1.140114e+03
4.700000e-07	-3.313293e-06	-1.717437e-08	-2.384732e+01	-1.129577e+03
4.800000e-07	-3.232604e-06	-1.700982e-08	-2.326656e+01	-1.118655e+03
4.900000e-07	-3.150783e-06	-1.684206e-08	-2.267766e+01	-1.107346e+03
5.000000e-07	-3.067881e-06	-1.667752e-08	-2.208097e+01	-1.095635e+03
5.100000e-07	-2.984063e-06	-1.649106e-08	-2.147770e+01	-1.083502e+03
5.200000e-07	-2.899368e-06	-1.629429e-08	-2.086811e+01	-1.070916e+03
5.300000e-07	-2.813694e-06	-1.608614e-08	-2.025147e+01	-1.057842e+03
5.400000e-07	-2.727151e-06	-1.586900e-08	-1.962858e+01	-1.044244e+03
5.500000e-07	-2.639717e-06	-1.566110e-08	-1.899928e+01	-1.030087e+03
5.600000e-07	-2.551256e-06	-1.544372e-08	-1.836258e+01	-1.015338e+03
5.700000e-07	-2.461693e-06	-1.520876e-08	-1.771796e+01	-9.999656e+02
5.800000e-07	-2.370971e-06	-1.494889e-08	-1.706499e+01	-9.839411e+02
5.900000e-07	-2.279284e-06	-1.468368e-08	-1.640508e+01	-9.672334e+02
6.000000e-07	-2.186899e-06	-1.441799e-08	-1.574014e+01	-9.498083e+02
6.100000e-07	-2.093845e-06	-1.415220e-08	-1.507038e+01	-9.316263e+02
6.200000e-07	-2.000030e-06	-1.387433e-08	-1.439515e+01	-9.126426e+02
6.300000e-07	-1.905509e-06	-1.356827e-08	-1.371484e+01	-8.928077e+02
6.400000e-07	-1.810350e-06	-1.324061e-08	-1.302994e+01	-8.720687e+02
6.500000e-07	-1.714551e-06	-1.289701e-08	-1.234042e+01	-8.503699e+02
6.600000e-07	-1.618163e-06	-1.254710e-08	-1.164668e+01	-8.276542e+02
6.700000e-07	-1.521160e-06	-1.218885e-08	-1.094850e+01	-8.038618e+02
6.800000e-07	-1.423475e-06	-1.181690e-08	-1.024541e+01	-7.789299e+02
6.900000e-07	-1.325152e-06	-1.141892e-08	-9.537740e+00	-7.527914e+02
7.000000e-07	-1.226296e-06	-1.099437e-08	-8.826228e+00	-7.253757e+02
7.100000e-07	-1.127016e-06	-1.054923e-08	-8.111658e+00	-6.966106e+02
7.200000e-07	-1.027376e-06	-1.008855e-08	-7.394506e+00	-6.664279e+02
7.300000e-07	-9.274326e-07	-9.612617e-09	-6.675166e+00	-6.347712e+02
7.400000e-07	-8.272445e-07	-9.111623e-09	-5.954066e+00	-6.016065e+02
7.500000e-07	-7.268387e-07	-8.586666e-09	-5.231398e+00	-5.669322e+02
7.600000e-07	-6.262550e-07	-8.035755e-09	-4.507450e+00	-5.307884e+02
7.700000e-07	-5.255034e-07	-7.460814e-09	-3.782294e+00	-4.932624e+02
7.800000e-07	-4.245785e-07	-6.869782e-09	-3.055890e+00	-4.544887e+02
7.900000e-07	-3.234680e-07	-6.265484e-09	-2.328150e+00	-4.146426e+02
8.000000e-07	-2.221936e-07	-5.647001e-09	-1.599231e+00	-3.739280e+02
8.100000e-07	-1.208331e-07	-5.017635e-09	-8.696922e-01	-3.325596e+02
8.200000e-07	-1.947524e-08	-4.382070e-09	-1.401724e-01	-2.907427e+02
8.300000e-07	8.190058e-08	-3.741547e-09	5.894768e-01	-2.486523e+02
8.400000e-07	1.833510e-07	-3.097427e-09	1.319663e+00	-2.064159e+02
8.500000e-07	2.848073e-07	-2.450970e-09	2.049892e+00	-1.641003e+02
8.600000e-07	3.861655e-07	-1.806017e-09	2.779413e+00	-1.217074e+02
8.700000e-07	4.874080e-07	-1.160461e-09	3.508103e+00	-7.917676e+01
8.800000e-07	5.885093e-07	-5.127461e-10	4.235777e+00	-3.639752e+01
8.900000e-07	6.893379e-07	1.435547e-10	4.961487e+00	6.773660e+00
9.000000e-07	7.899301e-07	8.097536e-10	5.685497e+00	5.048911e+01
9.100000e-07	8.903672e-07	1.485908e-09	6.408389e+00	9.488458e+01
9.200000e-07	9.905406e-07	2.172736e-09	7.129384e+00	1.400543e+02
9.300000e-07	1.090409e-06	2.868348e-09	7.848183e+00	1.860295e+02
9.400000e-07	1.189970e-06	3.576808e-09	8.564770e+00	2.327629e+02
9.500000e-07	1.289079e-06	4.297053e-09	9.278103e+00	2.801217e+02
9.600000e-07	1.387648e-06	5.026627e-09	9.987550e+00	3.278890e+02
9.700000e-07	1.485628e-06	5.759789e-09	1.069276e+01	3.757744e+02
9.800000e-07	1.582878e-06	6.489312e-09	1.139271e+01	4.234339e+02
9.900000e-07	1.679349e-06	7.206608e-09	1.208706e+01	4.704940e+02
1.000000e-06	1.775125e-06	7.903928e-09	1.277640e+01	5.165805e+02
1.010000e-06	1.870240e-06	8.579409e-09	1.346099e+01	5.613467e+02
1.020000e-06	1.964726e-06	9.232797e-09	1.414105e+01	6.044977e+02
1.030000e-06	2.058553e-06	9.860773e-09	1.481637e+01	6.458085e+02
1.040000e-06	2.151642e-06	1.045795e-08	1.548638e+01	6.851337e+02
1.050000e-06	2.244054e-06	1.102346e-08	1.615151e+01	7.224080e+02
1.060000e-06	2.335883e-06	1.155572e-08	1.681244e+01	7.576377e+02
1.070000e-06	2.426994e-06	1.205757e-08	1.746821e+01	7.908860e+02
1.080000e-06	2.517078e-06	1.253265e-08	1.811658e+01	8.222547e+02
1.090000e-06	2.606000e-06	1.298513e-08	1.875660e+01	8.518652e+02
1.100000e-06	2.693903e-06	1.341284e-08	1.938928e+01	8.798416e+02
1.110000e-06	2.780904e-06	1.381555e-08	2.001547e+01	9.062989e+02
1.120000e-06	2.867040e-06	1.419498e-08	2.063543e+01	9.313370e+02
1.130000e-06	2.952218e-06	1.455439e-08	2.124850e+01	9.550398e+02
1.140000e-06	3.036457e-06	1.489545e-08	2.185480e+01	9.774781e+02
1.150000e-06	3.119800e-06	1.521841e-08	2.245466e+01	9.987160e+02
1.160000e-06	3.202027e-06	1.552432e-08	2.304648e+01	1.018816e+03
1.170000e-06	3.283008e-06	1.581327e-08	2.362934e+01	1.037843e+03
1.180000e-06	3.362766e-06	1.608731e-08	2.420340e+01	1.055865e+03
1.190000e-06	3.441397e-06	1.634714e-08	2.476934e+01	1.072953e+03
1.200000e-06	3.518875e-06	1.659398e-08	2.532699e+01	1.089177e+03
1.210000e-06	3.595139e-06	1.682806e-08	2.587590e+01	1.104601e+03
1.220000e-06	3.670009e-06	1.705035e-08	2.641477e+01	1.119280e+03
1.230000e-06	3.743263e-06	1.726206e-08	2.694201e+01	1.133259e+03
1.240000e-06	3.815014e-06	1.746273e-08	2.745844e+01	1.146570e+03
1.250000e-06	3.885383e-06	1.765210e-08	2.796492e+01	1.159241e+03
1.260000e-06	3.954416e-06	1.783413e-08	2.846178e+01	1.171293e+03
1.270000e-06	4.022203e-06	1.800836e-08	2.894967e+01	1.182747e+03
1.280000e-06	4.088492e-06	1.817475e-08	2.942679e+01	1.193626e+03
1.290000e-06	4.153065e-06	1.833285e-08	2.989155e+01	1.203955e+03
1.300000e-06	4.216101e-06	1.848387e-08	3.034525e+01	1.213762e+03
1.310000e-06	4.277724e-06	1.862551e-08	3.078878e+01	1.223072e+03
1.320000e-06	4.338043e-06	1.875718e-08	3.122292e+01	1.231910e+03
1.330000e-06	4.396976e-06	1.888111e-08	3.164709e+01	1.240294e+03
1.340000e-06	4.454093e-06	1.899900e-08	3.205819e+01	1.248238e+03
1.350000e-06	4.509444e-06	1.911214e-08	3.245658e+01	1.255754e+03
1.360000e-06	4.563264e-06	1.922111e-08	3.284394e+01	1.262850e+03
1.370000e-06	4.615331e-06	1.932452e-08	3.321869e+01	1.269542e+03
1.380000e-06	4.665324e-06	1.942017e-08	3.357852e+01	1.275849e+03
1.390000e-06	4.713377e-06	1.950751e-08	3.392438e+01	1.281798e+03
1.400000e-06	4.759801e-06	1.958799e-08	3.425851e+01	1.287420e+03
1.410000e-06	4.804672e-06	1.966589e-08	3.458147e+01	1.292751e+03
1.420000e-06	4.848002e-06	1.974226e-08	3.489334e+01	1.297822e+03
1.430000e-06	4.889481e-06	1.981597e-08	3.519188e+01	1.302657e+03
1.440000e-06	4.929119e-06	1.988695e-08	3.547717e+01	1.307268e+03
1.450000e-06	4.967162e-06	1.995518e-08	3.575098e+01	1.311653e+03
1.460000e-06	5.003629e-06	2.001838e-08	3.601346e+01	1.315800e+03
1.470000e-06	5.038374e-06	2.007604e-08	3.626353e+01	1.319689e+03
1.480000e-06	5.071161e-06	2.012906e-08	3.649951e+01	1.323299e+03
1.490000e-06	5.102131e-06	2.017626e-08	3.672242e+01	1.326616e+03
1.500000e-06	5.131461e-06	2.021791e-08	3.693353e+01	1.329636e+03
1.510000e-06	5.159144e-06	2.025543e-08	3.713277e+01	1.332367e+03
1.520000e-06	5.184861e-06	2.029087e-08	3.731787e+01	1.334830e+03
1.530000e-06	5.208519e-06	2.032548e-08	3.748815e+01	1.337052e+03
1.540000e-06	5.230337e-06	2.035832e-08	3.764518e+01	1.339063e+03
1.550000e-06	5.250427e-06	2.038656e-08	3.778978e+01	1.340886e+03
1.560000e-06	5.268721e-06	2.040961e-08	3.792145e+01	1.342536e+03
1.570000e-06	5.285026e-06	2.043026e-08	3.803881e+01	1.344016e+03
1.580000e-06	5.299345e-06	2.045000e-08	3.814186e+01	1.345318e+03
1.590000e-06	5.311674e-06	2.046711e-08	3.823060e+01	1.346431e+03
1.600000e-06	5.321805e-06	2.048111e-08	3.830352e+01	1.347342e+03
1.610000e-06	5.329818e-06	2.049158e-08	3.836120e+01	1.348043e+03
1.620000e-06	5.335999e-06	2.049943e-08	3.840568e+01	1.348538e+03
1.630000e-06	5.340446e-06	2.050595e-08	3.843769e+01	1.348836e+03
1.640000e-06	5.343021e-06	2.051141e-08	3.845622e+01	1.348956e+03
1.650000e-06	5.343546e-06	2.051605e-08	3.846000e+01	1.348917e+03
1.660000e-06	5.342276e-06	2.050954e-08	3.845086e+01	1.348734e+03
1.670000e-06	5.339392e-06	2.049990e-08	3.843010e+01	1.348411e+03
1.680000e-06	5.334881e-06	2.049643e-08	3.839763e+01	1.347942e+03
1.690000e-06	5.328505e-06	2.048818e-08	3.835174e+01	1.347312e+03
1.700000e-06	5.320257e-06	2.047569e-08	3.829238e+01	1.346498e+03
1.710000e-06	5.310448e-06	2.046518e-08	3.822178e+01	1.345481e+03
1.720000e-06	5.298996e-06	2.047152e-08	3.813935e+01	1.344252e+03
1.730000e-06	5.285639e-06	2.046485e-08	3.804322e+01	1.342814e+03
1.740000e-06	5.270246e-06	2.030633e-08	3.793243e+01	1.341189e+03
1.750000e-06	5.252574e-06	2.026236e-08	3.780523e+01	1.339411e+03
1.760000e-06	5.232327e-06	2.031404e-08	3.765950e+01	1.337524e+03
1.770000e-06	5.209667e-06	2.031397e-08	3.749641e+01	1.335566e+03
1.780000e-06	5.185474e-06	2.046840e-08	3.732228e+01	1.333566e+03
1.790000e-06	5.160624e-06	2.024904e-08	3.714343e+01	1.331531e+03
1.800000e-06	5.134649e-06	2.008094e-08	3.695647e+01	1.329447e+03
1.810000e-06	5.106581e-06	2.036246e-08	3.675445e+01	1.327276e+03
1.820000e-06	5.076630e-06	2.008235e-08	3.653888e+01	1.324965e+03
1.830000e-06	5.045002e-06	2.002205e-08	3.631124e+01	1.322460e+03
1.840000e-06	5.011364e-06	2.035715e-08	3.606913e+01	1.319709e+03
1.850000e-06	4.976043e-06	2.002462e-08	3.581491e+01	1.316678e+03
1.860000e-06	4.939071e-06	1.999357e-08	3.554881e+01	1.313353e+03
1.870000e-06	4.900089e-06	2.009739e-08	3.526823e+01	1.309743e+03
1.880000e-06	4.859448e-06	1.979713e-08	3.497572e+01	1.305873e+03
1.890000e-06	4.817092e-06	1.990167e-08	3.467087e+01	1.301777e+03
1.900000e-06	4.773028e-06	1.977700e-08	3.435371e+01	1.297488e+03
1.910000e-06	4.727311e-06	1.968675e-08	3.402467e+01	1.293027e+03
1.920000e-06	4.679666e-06	1.986326e-08	3.368174e+01	1.288400e+03
1.930000e-06	4.630350e-06	1.953934e-08	3.332679e+01	1.283597e+03
1.940000e-06	4.579302e-06	1.948984e-08	3.295938e+01	1.278591e+03
1.950000e-06	4.526226e-06	1.946267e-08	3.257737e+01	1.273352e+03
1.960000e-06	4.471227e-06	1.931845e-08	3.218151e+01	1.267849e+03
1.970000e-06	4.414510e-06	1.934063e-08	3.177330e+01	1.262059e+03
1.980000e-06	4.356232e-06	1.913720e-08	3.135384e+01	1.255973e+03
1.990000e-06	4.296531e-06	1.911851e-08	3.092414e+01	1.249597e+03
2.000000e-06	4.235434e-06	1.901530e-08	3.048440e+01	1.242947e+03
2.010000e-06	4.172688e-06	1.884880e-08	3.003278e+01	1.236044e+03
2.020000e-06	4.108244e-06	1.880139e-08	2.956895e+01	1.228904e+03
2.030000e-06	4.042389e-06	1.860523e-08	2.909496e+01	1.221539e+03
2.040000e-06	3.975190e-06	1.858556e-08	2.861130e+01	1.213944e+03
2.050000e-06	3.906632e-06	1.843582e-08	2.811786e+01	1.206102e+03
2.060000e-06	3.836544e-06	1.827660e-08	2.761340e+01	1.197986e+03
2.070000e-06	3.764904e-06	1.821570e-08	2.709778e+01	1.189563e+03
2.080000e-06	3.692017e-06	1.803648e-08	2.657318e+01	1.180803e+03
2.090000e-06	3.617843e-06	1.792082e-08	2.603931e+01	1.171679e+03
2.100000e-06	3.542250e-06	1.772711e-08	2.549523e+01	1.162176e+03
2.110000e-06	3.465224e-06	1.761255e-08	2.494084e+01	1.152285e+03
2.120000e-06	3.386721e-06	1.748749e-08	2.437581e+01	1.142008e+03
2.130000e-06	3.306896e-06	1.729290e-08	2.380127e+01	1.131347e+03
2.140000e-06	3.225933e-06	1.713329e-08	2.321855e+01	1.120301e+03
2.150000e-06	3.143917e-06	1.693591e-08	2.262824e+01	1.108863e+03
2.160000e-06	3.060824e-06	1.677829e-08	2.203018e+01	1.097019e+03
2.170000e-06	2.976721e-06	1.657597e-08	2.142485e+01	1.084743e+03
2.180000e-06	2.891557e-06	1.639406e-08	2.081189e+01	1.072003e+03
2.190000e-06	2.805169e-06	1.621358e-08	2.019011e+01	1.058765e+03
2.200000e-06	2.717622e-06	1.598699e-08	1.956000e+01	1.044990e+03
2.210000e-06	2.629116e-06	1.575689e-08	1.892297e+01	1.030646e+03
2.220000e-06	2.539760e-06	1.551829e-08	1.827984e+01	1.015698e+03
2.230000e-06	2.449520e-06	1.530524e-08	1.763034e+01	1.000119e+03
2.240000e-06	2.358529e-06	1.506453e-08	1.697544e+01	9.838777e+02
2.250000e-06	2.266817e-06	1.481007e-08	1.631534e+01	9.669427e+02
2.260000e-06	2.174354e-06	1.453309e-08	1.564984e+01	9.492781e+02
2.270000e-06	2.081056e-06	1.424332e-08	1.497833e+01	9.308428e+02
2.280000e-06	1.986842e-06	1.395212e-08	1.430023e+01	9.115904e+02
2.290000e-06	1.891713e-06	1.364995e-08	1.361554e+01	8.914701e+02
2.300000e-06	1.795813e-06	1.334159e-08	1.292530e+01	8.704280e+02
2.310000e-06	1.699408e-06	1.301074e-08	1.223144e+01	8.484080e+02
2.320000e-06	1.602565e-06	1.265655e-08	1.153441e+01	8.253521e+02
2.330000e-06	1.505213e-06	1.227724e-08	1.083372e+01	8.011998e+02
2.340000e-06	1.407298e-06	1.188962e-08	1.012898e+01	7.758869e+02
2.350000e-06	1.308877e-06	1.149125e-08	9.420601e+00	7.493450e+02
2.360000e-06	1.210075e-06	1.107523e-08	8.709474e+00	7.215027e+02
2.370000e-06	1.111030e-06	1.063277e-08	7.996605e+00	6.922882e+02
2.380000e-06	1.011727e-06	1.016375e-08	7.281873e+00	6.616363e+02
2.390000e-06	9.121384e-07	9.670336e-09	6.565087e+00	6.294966e+02
2.400000e-06	8.122759e-07	9.150347e-09	5.846330e+00	5.958443e+02
2.410000e-06	7.121161e-07	8.612570e-09	5.125432e+00	5.606903e+02
2.420000e-06	6.116845e-07	8.055168e-09	4.402580e+00	5.240897e+02
2.430000e-06	5.110435e-07	7.476202e-09	3.678219e+00	4.861451e+02
2.440000e-06	4.102874e-07	6.877534e-09	2.953030e+00	4.470052e+02
2.450000e-06	3.094312e-07	6.264097e-09	2.227121e+00	4.068561e+02
2.460000e-06	2.084397e-07	5.636667e-09	1.500238e+00	3.659072e+02
2.470000e-06	1.073227e-07	5.000295e-09	7.724520e-01	3.243726e+02
2.480000e-06	6.086187e-09	4.360856e-09	4.380514e-02	2.824500e+02
2.490000e-06	-9.518217e-08	3.718979e-09	-6.850706e-01	2.403008e+02
2.500000e-06	-1.963939e-07	3.074863e-09	-1.413539e+00	1.980340e+02
2.510000e-06	-2.975126e-07	2.428924e-09	-2.141338e+00	1.556957e+02
2.520000e-06	-3.985288e-07	1.780527e-09	-2.868398e+00	1.132672e+02
2.530000e-06	-4.994423e-07	1.125776e-09	-3.594720e+00	7.067001e+01
2.540000e-06	-6.001839e-07	4.670530e-10	-4.319804e+00	2.778064e+01
2.550000e-06	-7.006949e-07	-1.955141e-10	-5.043229e+00	-1.554986e+01
2.560000e-06	-8.010063e-07	-8.643893e-10	-5.765217e+00	-5.947131e+01
2.570000e-06	-9.010782e-07	-1.546223e-09	-6.485481e+00	-1.041087e+02
2.580000e-06	-1.000760e-06	-2.243462e-09	-7.202939e+00	-1.495382e+02
2.590000e-06	-1.100058e-06	-2.952549e-09	-7.917633e+00	-1.957670e+02
2.600000e-06	-1.199047e-06	-3.671748e-09	-8.630102e+00	-2.427208e+02
2.610000e-06	-1.297684e-06	-4.396228e-09	-9.340039e+00	-2.902391e+02
2.620000e-06	-1.395851e-06	-5.123508e-09	-1.004659e+01	-3.380797e+02
2.630000e-06	-1.493432e-06	-5.850810e-09	-1.074893e+01	-3.859328e+02
2.640000e-06	-1.590428e-06	-6.576927e-09	-1.144705e+01	-4.334416e+02
2.650000e-06	-1.686921e-06	-7.297038e-09	-1.214156e+01	-4.802295e+02
2.660000e-06	-1.783012e-06	-8.000751e-09	-1.283317e+01	-5.259282e+02
2.670000e-06	-1.878599e-06	-8.680506e-09	-1.352115e+01	-5.702050e+02
2.680000e-06	-1.973383e-06	-9.330442e-09	-1.420336e+01	-6.127860e+02
2.690000e-06	-2.067156e-06	-9.950419e-09	-1.487829e+01	-6.534712e+02
2.700000e-06	-2.159977e-06	-1.054234e-08	-1.554637e+01	-6.921414e+02
2.710000e-06	-2.252024e-06	-1.110770e-08	-1.620887e+01	-7.287554e+02
2.720000e-06	-2.343307e-06	-1.164499e-08	-1.686587e+01	-7.633398e+02
2.730000e-06	-2.433802e-06	-1.214871e-08	-1.751721e+01	-7.959723e+02
2.740000e-06	-2.523416e-06	-1.262033e-08	-1.816221e+01	-8.267629e+02
2.750000e-06	-2.612147e-06	-1.306350e-08	-1.880084e+01	-8.558356e+02
2.760000e-06	-2.700149e-06	-1.348124e-08	-1.943424e+01	-8.833125e+02
2.770000e-06	-2.787301e-06	-1.387797e-08	-2.006151e+01	-9.093043e+02
2.780000e-06	-2.873328e-06	-1.425628e-08	-2.068068e+01	-9.339054e+02
2.790000e-06	-2.958120e-06	-1.461369e-08	-2.129097e+01	-9.571952e+02
2.800000e-06	-3.041827e-06	-1.494980e-08	-2.189345e+01	-9.792416e+02
2.810000e-06	-3.124637e-06	-1.526863e-08	-2.248947e+01	-1.000108e+03
2.820000e-06	-3.206467e-06	-1.557234e-08	-2.307844e+01	-1.019856e+03
2.830000e-06	-3.287252e-06	-1.586074e-08	-2.365989e+01	-1.038553e+03
2.840000e-06	-3.367001e-06	-1.613326e-08	-2.423388e+01	-1.056268e+03
2.850000e-06	-3.445415e-06	-1.639023e-08	-2.479826e+01	-1.073072e+03
2.860000e-06	-3.522244e-06	-1.663383e-08	-2.535124e+01	-1.089033e+03
2.870000e-06	-3.597615e-06	-1.686579e-08	-2.589371e+01	-1.104213e+03
2.880000e-06	-3.671618e-06	-1.708878e-08	-2.642635e+01	-1.118663e+03
2.890000e-06	-3.744290e-06	-1.730385e-08	-2.694941e+01	-1.132424e+03
2.900000e-06	-3.815676e-06	-1.750784e-08	-2.746321e+01	-1.145528e+03
2.910000e-06	-3.885575e-06	-1.769858e-08	-2.796630e+01	-1.157998e+03
2.920000e-06	-3.953955e-06	-1.787880e-08	-2.845846e+01	-1.169857e+03
2.930000e-06	-4.020961e-06	-1.805065e-08	-2.894074e+01	-1.181124e+03
2.940000e-06	-4.086499e-06	-1.821364e-08	-2.941244e+01	-1.191824e+03
2.950000e-06	-4.150701e-06	-1.836866e-08	-2.987454e+01	-1.201983e+03
2.960000e-06	-4.213506e-06	-1.851640e-08	-3.032658e+01	-1.211628e+03
2.970000e-06	-4.274558e-06	-1.865775e-08	-3.076599e+01	-1.220785e+03
2.980000e-06	-4.333980e-06	-1.879196e-08	-3.119368e+01	-1.229475e+03
2.990000e-06	-4.392007e-06	-1.891930e-08	-3.161133e+01	-1.237718e+03
3.000000e-06	-4.448617e-06	-1.903968e-08	-3.201878e+01	-1.245524e+03
3.010000e-06	-4.503528e-06	-1.915346e-08	-3.241400e+01	-1.252904e+03
3.020000e-06	-4.556469e-06	-1.926003e-08	-3.279504e+01	-1.259870e+03
3.030000e-06	-4.607524e-06	-1.935969e-08	-3.316250e+01	-1.266436e+03
3.040000e-06	-4.656695e-06	-1.945408e-08	-3.351641e+01	-1.272625e+03
3.050000e-06	-4.703934e-06	-1.954445e-08	-3.385641e+01	-1.278466e+03
3.060000e-06	-4.749553e-06	-1.963195e-08	-3.418475e+01	-1.283991e+03
3.070000e-06	-4.793749e-06	-1.971538e-08	-3.450285e+01	-1.289236e+03
3.080000e-06	-4.836471e-06	-1.979368e-08	-3.481034e+01	-1.294230e+03
3.090000e-06	-4.877719e-06	-1.986535e-08	-3.510723e+01	-1.298993e+03
3.100000e-06	-4.917375e-06	-1.993394e-08	-3.539265e+01	-1.303533e+03
3.110000e-06	-4.955119e-06	-1.999960e-08	-3.566431e+01	-1.307844e+03
3.120000e-06	-4.990988e-06	-2.006132e-08	-3.592247e+01	-1.311911e+03
3.130000e-06	-5.025192e-06	-2.011961e-08	-3.616865e+01	-1.315713e+03
3.140000e-06	-5.057707e-06	-2.017340e-08	-3.640269e+01	-1.319231e+03
3.150000e-06	-5.088332e-06	-2.022353e-08	-3.662310e+01	-1.322453e+03
3.160000e-06	-5.117024e-06	-2.026822e-08	-3.682962e+01	-1.325379e+03
3.170000e-06	-5.143982e-06	-2.031200e-08	-3.702365e+01	-1.328022e+03
3.180000e-06	-5.169184e-06	-2.035189e-08	-3.720503e+01	-1.330405e+03
3.190000e-06	-5.192549e-06	-2.038759e-08	-3.737321e+01	-1.332557e+03
3.200000e-06	-5.213907e-06	-2.041994e-08	-3.752692e+01	-1.334506e+03
3.210000e-06	-5.233352e-06	-2.044937e-08	-3.766688e+01	-1.336274e+03
3.220000e-06	-5.251076e-06	-2.047325e-08	-3.779445e+01	-1.337870e+03
3.230000e-06	-5.266958e-06	-2.049274e-08	-3.790876e+01	-1.339294e+03
3.240000e-06	-5.280687e-06	-2.051023e-08	-3.800757e+01	-1.340538e+03
3.250000e-06	-5.292196e-06	-2.052430e-08	-3.809041e+01	-1.341588e+03
3.260000e-06	-5.301774e-06	-2.053502e-08	-3.815934e+01	-1.342432e+03
3.270000e-06	-5.309600e-06	-2.054481e-08	-3.821567e+01	-1.343067e+03
3.280000e-06	-5.315471e-06	-2.055454e-08	-3.825793e+01	-1.343498e+03
3.290000e-06	-5.319386e-06	-2.056034e-08	-3.828611e+01	-1.343737e+03
3.300000e-06	-5.321537e-06	-2.055791e-08	-3.830159e+01	-1.343805e+03
3.310000e-06	-5.321901e-06	-2.055177e-08	-3.830421e+01	-1.343719e+03
