2.967306e+02
2.975140e+02
2.965386e+02
2.977393e+02
2.952435e+02
2.948268e+02
2.934663e+02
2.918607e+02
2.933759e+02
2.890135e+02
2.870304e+02
2.857691e+02
2.836041e+02
2.833436e+02
2.827161e+02
2.828654e+02
2.824188e+02
2.805172e+02
2.768144e+02
2.777588e+02
2.784468e+02
2.745622e+02
2.763181e+02
2.753032e+02
2.748363e+02
2.750195e+02
2.752200e+02
2.749087e+02
2.753119e+02
2.747066e+02
2.760513e+02
2.781140e+02
2.762002e+02
2.780339e+02
2.773734e+02
2.788832e+02
2.779431e+02
2.767265e+02
2.740281e+02
2.743131e+02
2.749339e+02
2.740484e+02
2.775238e+02
2.763703e+02
2.751536e+02
2.768358e+02
2.774651e+02
2.750636e+02
2.767729e+02
2.739347e+02
2.754123e+02
2.756166e+02
2.752758e+02
2.729727e+02
2.766643e+02
2.739873e+02
2.754176e+02
2.742463e+02
2.753261e+02
2.751462e+02
2.759433e+02
2.736922e+02
2.761747e+02
2.738803e+02
2.750670e+02
2.732428e+02
2.751241e+02
2.749448e+02
2.731518e+02
2.734856e+02
2.740585e+02
2.723876e+02
2.814199e+02
2.825565e+02
2.841370e+02
2.843370e+02
2.829235e+02
2.844515e+02
2.809435e+02
2.854098e+02
2.829282e+02
2.850243e+02
2.872535e+02
2.873047e+02
2.865812e+02
2.868598e+02
2.921625e+02
2.880702e+02
2.863991e+02
2.887683e+02
2.893781e+02
2.898376e+02
2.900524e+02
2.896215e+02
2.880746e+02
2.890383e+02
