# Temperatura_=_85.54
# Concentracion g/m^3_=_28200.0
# C_Vs_to_Am_M_A/Vsm_=_65563218390.804596
# pendiente_HvsI_1/m_=_3716.3
# ordenada_HvsI_A/m_=_1297.0
# frecuencia_Hz_=_301766.11200182914

Tiempo_(s)	Campo_(V.s)	Magnetizacion_(V.s)	Campo_(kA/m)	Magnetizacion_(A/m)
0.000000e+00	-5.344822e-06	-2.686533e-08	-3.830072e+01	-1.757508e+03
1.000000e-08	-5.342869e-06	-2.686325e-08	-3.828672e+01	-1.757068e+03
2.000000e-08	-5.339086e-06	-2.685131e-08	-3.825961e+01	-1.756426e+03
3.000000e-08	-5.333644e-06	-2.683648e-08	-3.822061e+01	-1.755582e+03
4.000000e-08	-5.326582e-06	-2.682034e-08	-3.817001e+01	-1.754522e+03
5.000000e-08	-5.317801e-06	-2.679862e-08	-3.810709e+01	-1.753230e+03
6.000000e-08	-5.306979e-06	-2.677274e-08	-3.802953e+01	-1.751685e+03
7.000000e-08	-5.294252e-06	-2.673779e-08	-3.793834e+01	-1.749872e+03
8.000000e-08	-5.279629e-06	-2.670873e-08	-3.783355e+01	-1.747788e+03
9.000000e-08	-5.262740e-06	-2.674958e-08	-3.771252e+01	-1.745446e+03
1.000000e-07	-5.243702e-06	-2.673450e-08	-3.757610e+01	-1.742875e+03
1.100000e-07	-5.222772e-06	-2.662403e-08	-3.742611e+01	-1.740122e+03
1.200000e-07	-5.200031e-06	-2.655457e-08	-3.726315e+01	-1.737238e+03
1.300000e-07	-5.175698e-06	-2.642459e-08	-3.708878e+01	-1.734273e+03
1.400000e-07	-5.149766e-06	-2.636480e-08	-3.690295e+01	-1.731264e+03
1.500000e-07	-5.122181e-06	-2.651804e-08	-3.670529e+01	-1.728224e+03
1.600000e-07	-5.093127e-06	-2.636326e-08	-3.649708e+01	-1.725138e+03
1.700000e-07	-5.062658e-06	-2.626872e-08	-3.627874e+01	-1.721965e+03
1.800000e-07	-5.030350e-06	-2.636541e-08	-3.604723e+01	-1.718643e+03
1.900000e-07	-4.995919e-06	-2.609997e-08	-3.580050e+01	-1.715098e+03
2.000000e-07	-4.959906e-06	-2.604785e-08	-3.554243e+01	-1.711255e+03
2.100000e-07	-4.922325e-06	-2.613485e-08	-3.527312e+01	-1.707056e+03
2.200000e-07	-4.882991e-06	-2.592620e-08	-3.499126e+01	-1.702462e+03
2.300000e-07	-4.841888e-06	-2.585219e-08	-3.469672e+01	-1.697459e+03
2.400000e-07	-4.798754e-06	-2.579513e-08	-3.438762e+01	-1.692057e+03
2.500000e-07	-4.753733e-06	-2.565725e-08	-3.406501e+01	-1.686281e+03
2.600000e-07	-4.706985e-06	-2.564461e-08	-3.373001e+01	-1.680165e+03
2.700000e-07	-4.658303e-06	-2.548816e-08	-3.338116e+01	-1.673737e+03
2.800000e-07	-4.607463e-06	-2.534902e-08	-3.301684e+01	-1.667018e+03
2.900000e-07	-4.554626e-06	-2.528594e-08	-3.263822e+01	-1.660013e+03
3.000000e-07	-4.500124e-06	-2.517518e-08	-3.224766e+01	-1.652713e+03
3.100000e-07	-4.444054e-06	-2.505116e-08	-3.184586e+01	-1.645100e+03
3.200000e-07	-4.386166e-06	-2.492532e-08	-3.143104e+01	-1.637152e+03
3.300000e-07	-4.326578e-06	-2.481807e-08	-3.100403e+01	-1.628853e+03
3.400000e-07	-4.265595e-06	-2.465535e-08	-3.056704e+01	-1.620193e+03
3.500000e-07	-4.203172e-06	-2.450328e-08	-3.011971e+01	-1.611175e+03
3.600000e-07	-4.139342e-06	-2.438673e-08	-2.966231e+01	-1.601807e+03
3.700000e-07	-4.073910e-06	-2.425330e-08	-2.919342e+01	-1.592104e+03
3.800000e-07	-4.006812e-06	-2.411174e-08	-2.871261e+01	-1.582076e+03
3.900000e-07	-3.938295e-06	-2.390988e-08	-2.822162e+01	-1.571724e+03
4.000000e-07	-3.868484e-06	-2.372668e-08	-2.772136e+01	-1.561041e+03
4.100000e-07	-3.797472e-06	-2.359649e-08	-2.721249e+01	-1.550002e+03
4.200000e-07	-3.725239e-06	-2.342273e-08	-2.669487e+01	-1.538577e+03
4.300000e-07	-3.651510e-06	-2.323979e-08	-2.616653e+01	-1.526730e+03
4.400000e-07	-3.576136e-06	-2.304664e-08	-2.562641e+01	-1.514428e+03
4.500000e-07	-3.499341e-06	-2.284708e-08	-2.507610e+01	-1.501644e+03
4.600000e-07	-3.421261e-06	-2.263568e-08	-2.451658e+01	-1.488361e+03
4.700000e-07	-3.341773e-06	-2.242773e-08	-2.394697e+01	-1.474571e+03
4.800000e-07	-3.260964e-06	-2.222657e-08	-2.336790e+01	-1.460272e+03
4.900000e-07	-3.179007e-06	-2.199482e-08	-2.278060e+01	-1.445463e+03
5.000000e-07	-3.095970e-06	-2.175702e-08	-2.218556e+01	-1.430135e+03
5.100000e-07	-3.012030e-06	-2.150538e-08	-2.158405e+01	-1.414272e+03
5.200000e-07	-2.927197e-06	-2.125223e-08	-2.097614e+01	-1.397844e+03
5.300000e-07	-2.841382e-06	-2.099684e-08	-2.036119e+01	-1.380812e+03
5.400000e-07	-2.754606e-06	-2.072975e-08	-1.973936e+01	-1.363132e+03
5.500000e-07	-2.666967e-06	-2.045005e-08	-1.911135e+01	-1.344757e+03
5.600000e-07	-2.578279e-06	-2.015298e-08	-1.847582e+01	-1.325644e+03
5.700000e-07	-2.488323e-06	-1.984991e-08	-1.783119e+01	-1.305756e+03
5.800000e-07	-2.397284e-06	-1.953452e-08	-1.717881e+01	-1.285063e+03
5.900000e-07	-2.305439e-06	-1.920531e-08	-1.652066e+01	-1.263536e+03
6.000000e-07	-2.212850e-06	-1.885938e-08	-1.585717e+01	-1.241143e+03
6.100000e-07	-2.119478e-06	-1.850280e-08	-1.518807e+01	-1.217846e+03
6.200000e-07	-2.025337e-06	-1.813461e-08	-1.451346e+01	-1.193590e+03
6.300000e-07	-1.930534e-06	-1.774726e-08	-1.383411e+01	-1.168307e+03
6.400000e-07	-1.835128e-06	-1.734324e-08	-1.315043e+01	-1.141911e+03
6.500000e-07	-1.739047e-06	-1.692263e-08	-1.246192e+01	-1.114306e+03
6.600000e-07	-1.642273e-06	-1.648050e-08	-1.176844e+01	-1.085391e+03
6.700000e-07	-1.544783e-06	-1.601656e-08	-1.106983e+01	-1.055063e+03
6.800000e-07	-1.446639e-06	-1.553257e-08	-1.036654e+01	-1.023223e+03
6.900000e-07	-1.347935e-06	-1.502413e-08	-9.659234e+00	-9.897809e+02
7.000000e-07	-1.248722e-06	-1.448943e-08	-8.948274e+00	-9.546489e+02
7.100000e-07	-1.149099e-06	-1.392298e-08	-8.234385e+00	-9.177455e+02
7.200000e-07	-1.049175e-06	-1.332954e-08	-7.518336e+00	-8.789916e+02
7.300000e-07	-9.489945e-07	-1.271229e-08	-6.800446e+00	-8.383123e+02
7.400000e-07	-8.485613e-07	-1.206647e-08	-6.080746e+00	-7.956428e+02
7.500000e-07	-7.478511e-07	-1.138966e-08	-5.359062e+00	-7.509379e+02
7.600000e-07	-6.468528e-07	-1.067832e-08	-4.635314e+00	-7.041864e+02
7.700000e-07	-5.456395e-07	-9.932728e-09	-3.910024e+00	-6.554252e+02
7.800000e-07	-4.442822e-07	-9.157489e-09	-3.183703e+00	-6.047520e+02
7.900000e-07	-3.427911e-07	-8.355978e-09	-2.456423e+00	-5.523309e+02
8.000000e-07	-2.411483e-07	-7.532880e-09	-1.728056e+00	-4.983880e+02
8.100000e-07	-1.393687e-07	-6.694827e-09	-9.987090e-01	-4.431960e+02
8.200000e-07	-3.746836e-08	-5.841400e-09	-2.684963e-01	-3.870478e+02
8.300000e-07	6.448122e-08	-4.976513e-09	4.620691e-01	-3.302228e+02
8.400000e-07	1.664311e-07	-4.104892e-09	1.192637e+00	-2.729505e+02
8.500000e-07	2.683214e-07	-3.230214e-09	1.922777e+00	-2.153793e+02
8.600000e-07	3.700856e-07	-2.353343e-09	2.652014e+00	-1.575556e+02
8.700000e-07	4.717576e-07	-1.469115e-09	3.380590e+00	-9.941909e+01
8.800000e-07	5.733422e-07	-5.757141e-10	4.108541e+00	-4.081664e+01
8.900000e-07	6.747541e-07	3.310057e-10	4.835253e+00	1.846667e+01
9.000000e-07	7.758935e-07	1.250054e-09	5.560013e+00	7.866250e+01
9.100000e-07	8.767186e-07	2.183402e-09	6.282520e+00	1.399677e+02
9.200000e-07	9.772535e-07	3.134577e-09	7.002948e+00	2.024942e+02
9.300000e-07	1.077514e-06	4.102499e-09	7.721411e+00	2.662286e+02
9.400000e-07	1.177464e-06	5.085692e-09	8.437647e+00	3.310083e+02
9.500000e-07	1.277047e-06	6.081848e-09	9.151252e+00	3.965185e+02
9.600000e-07	1.376174e-06	7.084524e-09	9.861593e+00	4.623093e+02
9.700000e-07	1.474749e-06	8.083437e-09	1.056798e+01	5.278326e+02
9.800000e-07	1.572626e-06	9.069280e-09	1.126935e+01	5.924900e+02
9.900000e-07	1.669819e-06	1.003065e-08	1.196584e+01	6.556871e+02
1.000000e-06	1.766359e-06	1.095757e-08	1.265764e+01	7.168842e+02
1.010000e-06	1.862128e-06	1.184585e-08	1.334391e+01	7.756379e+02
1.020000e-06	1.957160e-06	1.269243e-08	1.402491e+01	8.316276e+02
1.030000e-06	2.051530e-06	1.349466e-08	1.470116e+01	8.846655e+02
1.040000e-06	2.145201e-06	1.425230e-08	1.537240e+01	9.346911e+02
1.050000e-06	2.238115e-06	1.496409e-08	1.603822e+01	9.817511e+02
1.060000e-06	2.330327e-06	1.563272e-08	1.669900e+01	1.025972e+03
1.070000e-06	2.421857e-06	1.626119e-08	1.735490e+01	1.067531e+03
1.080000e-06	2.512477e-06	1.685467e-08	1.800428e+01	1.106623e+03
1.090000e-06	2.602058e-06	1.741875e-08	1.864621e+01	1.143443e+03
1.100000e-06	2.690568e-06	1.795035e-08	1.928047e+01	1.178166e+03
1.110000e-06	2.778053e-06	1.844650e-08	1.990738e+01	1.210942e+03
1.120000e-06	2.864626e-06	1.891219e-08	2.052776e+01	1.241898e+03
1.130000e-06	2.950279e-06	1.935402e-08	2.114155e+01	1.271143e+03
1.140000e-06	3.035024e-06	1.977357e-08	2.174882e+01	1.298773e+03
1.150000e-06	3.118851e-06	2.017166e-08	2.234952e+01	1.324883e+03
1.160000e-06	3.201630e-06	2.054916e-08	2.294272e+01	1.349569e+03
1.170000e-06	3.283235e-06	2.090662e-08	2.352749e+01	1.372930e+03
1.180000e-06	3.363598e-06	2.124469e-08	2.410337e+01	1.395069e+03
1.190000e-06	3.442732e-06	2.156626e-08	2.467044e+01	1.416086e+03
1.200000e-06	3.520683e-06	2.187095e-08	2.522903e+01	1.436072e+03
1.210000e-06	3.597431e-06	2.215968e-08	2.577900e+01	1.455108e+03
1.220000e-06	3.672878e-06	2.243343e-08	2.631965e+01	1.473258e+03
1.230000e-06	3.746822e-06	2.269318e-08	2.684954e+01	1.490569e+03
1.240000e-06	3.819243e-06	2.294170e-08	2.736849e+01	1.507076e+03
1.250000e-06	3.890236e-06	2.317864e-08	2.787723e+01	1.522805e+03
1.260000e-06	3.959822e-06	2.340480e-08	2.837588e+01	1.537778e+03
1.270000e-06	4.028029e-06	2.362136e-08	2.886465e+01	1.552020e+03
1.280000e-06	4.094824e-06	2.382631e-08	2.934330e+01	1.565562e+03
1.290000e-06	4.160014e-06	2.402022e-08	2.981044e+01	1.578442e+03
1.300000e-06	4.223576e-06	2.420591e-08	3.026592e+01	1.590702e+03
1.310000e-06	4.285657e-06	2.438335e-08	3.071080e+01	1.602389e+03
1.320000e-06	4.346366e-06	2.455332e-08	3.114583e+01	1.613544e+03
1.330000e-06	4.405741e-06	2.471357e-08	3.157131e+01	1.624199e+03
1.340000e-06	4.463514e-06	2.486454e-08	3.198531e+01	1.634378e+03
1.350000e-06	4.519501e-06	2.501056e-08	3.238651e+01	1.644091e+03
1.360000e-06	4.573848e-06	2.515336e-08	3.277596e+01	1.653335e+03
1.370000e-06	4.626527e-06	2.529064e-08	3.315345e+01	1.662107e+03
1.380000e-06	4.677221e-06	2.541907e-08	3.351672e+01	1.670398e+03
1.390000e-06	4.725884e-06	2.553793e-08	3.386544e+01	1.678211e+03
1.400000e-06	4.772778e-06	2.564739e-08	3.420148e+01	1.685554e+03
1.410000e-06	4.818063e-06	2.575014e-08	3.452599e+01	1.692450e+03
1.420000e-06	4.861824e-06	2.584883e-08	3.483958e+01	1.698933e+03
1.430000e-06	4.903826e-06	2.594231e-08	3.514056e+01	1.705042e+03
1.440000e-06	4.943940e-06	2.603004e-08	3.542801e+01	1.710817e+03
1.450000e-06	4.982374e-06	2.611169e-08	3.570344e+01	1.716291e+03
1.460000e-06	5.019205e-06	2.618894e-08	3.596736e+01	1.721486e+03
1.470000e-06	5.054441e-06	2.626275e-08	3.621986e+01	1.726413e+03
1.480000e-06	5.087779e-06	2.633327e-08	3.645876e+01	1.731064e+03
1.490000e-06	5.119148e-06	2.639988e-08	3.668355e+01	1.735426e+03
1.500000e-06	5.148835e-06	2.646134e-08	3.689629e+01	1.739479e+03
1.510000e-06	5.176893e-06	2.651689e-08	3.709735e+01	1.743206e+03
1.520000e-06	5.203094e-06	2.656729e-08	3.728510e+01	1.746593e+03
1.530000e-06	5.227202e-06	2.661439e-08	3.745786e+01	1.749641e+03
1.540000e-06	5.249346e-06	2.665638e-08	3.761654e+01	1.752359e+03
1.550000e-06	5.269793e-06	2.669256e-08	3.776306e+01	1.754762e+03
1.560000e-06	5.288482e-06	2.672386e-08	3.789699e+01	1.756874e+03
1.570000e-06	5.305201e-06	2.675092e-08	3.801679e+01	1.758713e+03
1.580000e-06	5.319915e-06	2.677506e-08	3.812223e+01	1.760296e+03
1.590000e-06	5.332669e-06	2.679610e-08	3.821363e+01	1.761633e+03
1.600000e-06	5.343318e-06	2.681350e-08	3.828994e+01	1.762728e+03
1.610000e-06	5.351790e-06	2.682740e-08	3.835065e+01	1.763581e+03
1.620000e-06	5.358342e-06	2.683817e-08	3.839760e+01	1.764192e+03
1.630000e-06	5.363115e-06	2.684591e-08	3.843181e+01	1.764562e+03
1.640000e-06	5.366085e-06	2.684931e-08	3.845308e+01	1.764697e+03
1.650000e-06	5.367050e-06	2.685015e-08	3.846000e+01	1.764608e+03
1.660000e-06	5.366068e-06	2.684410e-08	3.845297e+01	1.764305e+03
1.670000e-06	5.363416e-06	2.683132e-08	3.843396e+01	1.763799e+03
1.680000e-06	5.359186e-06	2.682371e-08	3.840365e+01	1.763092e+03
1.690000e-06	5.353138e-06	2.681275e-08	3.836031e+01	1.762178e+03
1.700000e-06	5.345173e-06	2.679543e-08	3.830323e+01	1.761045e+03
1.710000e-06	5.335571e-06	2.677613e-08	3.823442e+01	1.759672e+03
1.720000e-06	5.324421e-06	2.676180e-08	3.815452e+01	1.758042e+03
1.730000e-06	5.311454e-06	2.674797e-08	3.806161e+01	1.756140e+03
1.740000e-06	5.296412e-06	2.662621e-08	3.795381e+01	1.753970e+03
1.750000e-06	5.279148e-06	2.654269e-08	3.783010e+01	1.751549e+03
1.760000e-06	5.259338e-06	2.657064e-08	3.768815e+01	1.748913e+03
1.770000e-06	5.236999e-06	2.656269e-08	3.752806e+01	1.746110e+03
1.780000e-06	5.212916e-06	2.664603e-08	3.735548e+01	1.743194e+03
1.790000e-06	5.187980e-06	2.652425e-08	3.717679e+01	1.740211e+03
1.800000e-06	5.162062e-06	2.629724e-08	3.699107e+01	1.737190e+03
1.810000e-06	5.134227e-06	2.646171e-08	3.679161e+01	1.734137e+03
1.820000e-06	5.104343e-06	2.635113e-08	3.657746e+01	1.731028e+03
1.830000e-06	5.072762e-06	2.622867e-08	3.635115e+01	1.727814e+03
1.840000e-06	5.039264e-06	2.646779e-08	3.611111e+01	1.724427e+03
1.850000e-06	5.004073e-06	2.623662e-08	3.585893e+01	1.720792e+03
1.860000e-06	4.967318e-06	2.607776e-08	3.559554e+01	1.716840e+03
1.870000e-06	4.928573e-06	2.620175e-08	3.531790e+01	1.712516e+03
1.880000e-06	4.888083e-06	2.600586e-08	3.502775e+01	1.707789e+03
1.890000e-06	4.845910e-06	2.602019e-08	3.472554e+01	1.702655e+03
1.900000e-06	4.801972e-06	2.592877e-08	3.441068e+01	1.697128e+03
1.910000e-06	4.756347e-06	2.572642e-08	3.408374e+01	1.691238e+03
1.920000e-06	4.708789e-06	2.587235e-08	3.374293e+01	1.685017e+03
1.930000e-06	4.659540e-06	2.565674e-08	3.339002e+01	1.678494e+03
1.940000e-06	4.608597e-06	2.547839e-08	3.302496e+01	1.671682e+03
1.950000e-06	4.555630e-06	2.546329e-08	3.264541e+01	1.664582e+03
1.960000e-06	4.500766e-06	2.530579e-08	3.225225e+01	1.657183e+03
1.970000e-06	4.444117e-06	2.523155e-08	3.184631e+01	1.649463e+03
1.980000e-06	4.385811e-06	2.501504e-08	3.142849e+01	1.641403e+03
1.990000e-06	4.326100e-06	2.495773e-08	3.100061e+01	1.632987e+03
2.000000e-06	4.264996e-06	2.490164e-08	3.056274e+01	1.624210e+03
2.010000e-06	4.202213e-06	2.464269e-08	3.011284e+01	1.615077e+03
2.020000e-06	4.137746e-06	2.452315e-08	2.965087e+01	1.605599e+03
2.030000e-06	4.071828e-06	2.435398e-08	2.917851e+01	1.595789e+03
2.040000e-06	4.004573e-06	2.427073e-08	2.869656e+01	1.585656e+03
2.050000e-06	3.935939e-06	2.410462e-08	2.820473e+01	1.575198e+03
2.060000e-06	3.865670e-06	2.387302e-08	2.770119e+01	1.564402e+03
2.070000e-06	3.793890e-06	2.377151e-08	2.718682e+01	1.553242e+03
2.080000e-06	3.720907e-06	2.355323e-08	2.666383e+01	1.541684e+03
2.090000e-06	3.646625e-06	2.337845e-08	2.613152e+01	1.529693e+03
2.100000e-06	3.570970e-06	2.318887e-08	2.558939e+01	1.517237e+03
2.110000e-06	3.493890e-06	2.300690e-08	2.503703e+01	1.504293e+03
2.120000e-06	3.415250e-06	2.281831e-08	2.447350e+01	1.490846e+03
2.130000e-06	3.335314e-06	2.255968e-08	2.390068e+01	1.476892e+03
2.140000e-06	3.254287e-06	2.235668e-08	2.332005e+01	1.462428e+03
2.150000e-06	3.172122e-06	2.212614e-08	2.273126e+01	1.447453e+03
2.160000e-06	3.088903e-06	2.191290e-08	2.213492e+01	1.431954e+03
2.170000e-06	3.004800e-06	2.166495e-08	2.153224e+01	1.415911e+03
2.180000e-06	2.919598e-06	2.139813e-08	2.092169e+01	1.399293e+03
2.190000e-06	2.833003e-06	2.114024e-08	2.030115e+01	1.382057e+03
2.200000e-06	2.745228e-06	2.086073e-08	1.967216e+01	1.364157e+03
2.210000e-06	2.656543e-06	2.058723e-08	1.903665e+01	1.345548e+03
2.220000e-06	2.566999e-06	2.028505e-08	1.839498e+01	1.326188e+03
2.230000e-06	2.476565e-06	1.998504e-08	1.774694e+01	1.306044e+03
2.240000e-06	2.385381e-06	1.966614e-08	1.709351e+01	1.285084e+03
2.250000e-06	2.293558e-06	1.933730e-08	1.643552e+01	1.263282e+03
2.260000e-06	2.200922e-06	1.898958e-08	1.577169e+01	1.240602e+03
2.270000e-06	2.107319e-06	1.862634e-08	1.510094e+01	1.217002e+03
2.280000e-06	2.012704e-06	1.825798e-08	1.442293e+01	1.192423e+03
2.290000e-06	1.917161e-06	1.786452e-08	1.373828e+01	1.166791e+03
2.300000e-06	1.820959e-06	1.745670e-08	1.304890e+01	1.140016e+03
2.310000e-06	1.724258e-06	1.703108e-08	1.235595e+01	1.112000e+03
2.320000e-06	1.627077e-06	1.659009e-08	1.165955e+01	1.082641e+03
2.330000e-06	1.529410e-06	1.611913e-08	1.095967e+01	1.051836e+03
2.340000e-06	1.431185e-06	1.561862e-08	1.025580e+01	1.019490e+03
2.350000e-06	1.332471e-06	1.509820e-08	9.548415e+00	9.855124e+02
2.360000e-06	1.233416e-06	1.455917e-08	8.838597e+00	9.498187e+02
2.370000e-06	1.134077e-06	1.399188e-08	8.126740e+00	9.123278e+02
2.380000e-06	1.034465e-06	1.338983e-08	7.412921e+00	8.729616e+02
2.390000e-06	9.345663e-07	1.275763e-08	6.697054e+00	8.316478e+02
2.400000e-06	8.343698e-07	1.209441e-08	5.979050e+00	7.883265e+02
2.410000e-06	7.338866e-07	1.139998e-08	5.258993e+00	7.429618e+02
2.420000e-06	6.330664e-07	1.067431e-08	4.536521e+00	6.955564e+02
2.430000e-06	5.319602e-07	9.922927e-09	3.811999e+00	6.461657e+02
2.440000e-06	4.306862e-07	9.144630e-09	3.086275e+00	5.949084e+02
2.450000e-06	3.292405e-07	8.336466e-09	2.359321e+00	5.419696e+02
2.460000e-06	2.276432e-07	7.500748e-09	1.631279e+00	4.875927e+02
2.470000e-06	1.258677e-07	6.650325e-09	9.019613e-01	4.320602e+02
2.480000e-06	2.400361e-08	5.792620e-09	1.720086e-01	3.756645e+02
2.490000e-06	-7.778986e-08	4.922336e-09	-5.574381e-01	3.186728e+02
2.500000e-06	-1.795095e-07	4.044049e-09	-1.286356e+00	2.612917e+02
2.510000e-06	-2.811390e-07	3.162503e-09	-2.014627e+00	2.036383e+02
2.520000e-06	-3.826407e-07	2.276862e-09	-2.741983e+00	1.457244e+02
2.530000e-06	-4.840331e-07	1.383920e-09	-3.468556e+00	8.745739e+01
2.540000e-06	-5.853147e-07	4.852114e-10	-4.194334e+00	2.866016e+01
2.550000e-06	-6.864141e-07	-4.226620e-10	-4.918808e+00	-3.089298e+01
2.560000e-06	-7.872473e-07	-1.344836e-09	-5.641373e+00	-9.142823e+01
2.570000e-06	-8.877297e-07	-2.286156e-09	-6.361425e+00	-1.531203e+02
2.580000e-06	-9.878419e-07	-3.248485e-09	-7.078824e+00	-2.160445e+02
2.590000e-06	-1.087624e-06	-4.227918e-09	-7.793858e+00	-2.801413e+02
2.600000e-06	-1.187037e-06	-5.222109e-09	-8.506243e+00	-3.451984e+02
2.610000e-06	-1.286071e-06	-6.224572e-09	-9.215916e+00	-4.108546e+02
2.620000e-06	-1.384693e-06	-7.230415e-09	-9.922637e+00	-4.766238e+02
2.630000e-06	-1.482830e-06	-8.230796e-09	-1.062588e+01	-5.419361e+02
2.640000e-06	-1.580414e-06	-9.215109e-09	-1.132516e+01	-6.061884e+02
2.650000e-06	-1.677442e-06	-1.017616e-08	-1.202047e+01	-6.687988e+02
2.660000e-06	-1.773982e-06	-1.110472e-08	-1.271226e+01	-7.292546e+02
2.670000e-06	-1.869952e-06	-1.199411e-08	-1.339998e+01	-7.871496e+02
2.680000e-06	-1.965239e-06	-1.283884e-08	-1.408280e+01	-8.422058e+02
2.690000e-06	-2.059745e-06	-1.363607e-08	-1.476003e+01	-8.942777e+02
2.700000e-06	-2.153373e-06	-1.438767e-08	-1.543096e+01	-9.433416e+02
2.710000e-06	-2.246117e-06	-1.509668e-08	-1.609556e+01	-9.894735e+02
2.720000e-06	-2.337990e-06	-1.576411e-08	-1.675392e+01	-1.032819e+03
2.730000e-06	-2.429040e-06	-1.639126e-08	-1.740637e+01	-1.073565e+03
2.740000e-06	-2.519223e-06	-1.698155e-08	-1.805262e+01	-1.111907e+03
2.750000e-06	-2.608483e-06	-1.753603e-08	-1.869225e+01	-1.148036e+03
2.760000e-06	-2.696922e-06	-1.805691e-08	-1.932601e+01	-1.182119e+03
2.770000e-06	-2.784547e-06	-1.854721e-08	-1.995392e+01	-1.214299e+03
2.780000e-06	-2.871187e-06	-1.901052e-08	-2.057477e+01	-1.244695e+03
2.790000e-06	-2.956681e-06	-1.944876e-08	-2.118743e+01	-1.273412e+03
2.800000e-06	-3.041035e-06	-1.986290e-08	-2.179190e+01	-1.300544e+03
2.810000e-06	-3.124339e-06	-2.025550e-08	-2.238885e+01	-1.326187e+03
2.820000e-06	-3.206654e-06	-2.062762e-08	-2.297872e+01	-1.350437e+03
2.830000e-06	-3.287909e-06	-2.097917e-08	-2.356098e+01	-1.373395e+03
2.840000e-06	-3.368059e-06	-2.131166e-08	-2.413533e+01	-1.395164e+03
2.850000e-06	-3.446948e-06	-2.162820e-08	-2.470065e+01	-1.415841e+03
2.860000e-06	-3.524361e-06	-2.193028e-08	-2.525539e+01	-1.435516e+03
2.870000e-06	-3.600323e-06	-2.221841e-08	-2.579973e+01	-1.454262e+03
2.880000e-06	-3.674862e-06	-2.249294e-08	-2.633387e+01	-1.472138e+03
2.890000e-06	-3.748065e-06	-2.275438e-08	-2.685844e+01	-1.489189e+03
2.900000e-06	-3.820017e-06	-2.300309e-08	-2.737404e+01	-1.505444e+03
2.910000e-06	-3.890543e-06	-2.323989e-08	-2.787943e+01	-1.520929e+03
2.920000e-06	-3.959490e-06	-2.346625e-08	-2.837350e+01	-1.535665e+03
2.930000e-06	-4.026992e-06	-2.368385e-08	-2.885721e+01	-1.549680e+03
2.940000e-06	-4.093129e-06	-2.389270e-08	-2.933115e+01	-1.563006e+03
2.950000e-06	-4.157879e-06	-2.409016e-08	-2.979514e+01	-1.575683e+03
2.960000e-06	-4.221194e-06	-2.427647e-08	-3.024886e+01	-1.587755e+03
2.970000e-06	-4.282865e-06	-2.445251e-08	-3.069079e+01	-1.599268e+03
2.980000e-06	-4.342866e-06	-2.461947e-08	-3.112076e+01	-1.610260e+03
2.990000e-06	-4.401326e-06	-2.477973e-08	-3.153967e+01	-1.620762e+03
3.000000e-06	-4.458334e-06	-2.493316e-08	-3.194819e+01	-1.630792e+03
3.010000e-06	-4.513775e-06	-2.507945e-08	-3.234548e+01	-1.640355e+03
3.020000e-06	-4.567294e-06	-2.521841e-08	-3.272899e+01	-1.649450e+03
3.030000e-06	-4.618931e-06	-2.534868e-08	-3.309902e+01	-1.658069e+03
3.040000e-06	-4.668795e-06	-2.547224e-08	-3.345634e+01	-1.666207e+03
3.050000e-06	-4.716712e-06	-2.558902e-08	-3.379971e+01	-1.673868e+03
3.060000e-06	-4.762855e-06	-2.569942e-08	-3.413037e+01	-1.681066e+03
3.070000e-06	-4.807473e-06	-2.580403e-08	-3.445010e+01	-1.687826e+03
3.080000e-06	-4.850610e-06	-2.590252e-08	-3.475922e+01	-1.694186e+03
3.090000e-06	-4.892267e-06	-2.599446e-08	-3.505773e+01	-1.700184e+03
3.100000e-06	-4.932365e-06	-2.608052e-08	-3.534507e+01	-1.705860e+03
3.110000e-06	-4.970632e-06	-2.616178e-08	-3.561929e+01	-1.711244e+03
3.120000e-06	-5.006992e-06	-2.623872e-08	-3.587985e+01	-1.716354e+03
3.130000e-06	-5.041588e-06	-2.631246e-08	-3.612776e+01	-1.721194e+03
3.140000e-06	-5.074453e-06	-2.638275e-08	-3.636326e+01	-1.725756e+03
3.150000e-06	-5.105524e-06	-2.644900e-08	-3.658592e+01	-1.730022e+03
3.160000e-06	-5.134659e-06	-2.651016e-08	-3.679470e+01	-1.733973e+03
3.170000e-06	-5.161990e-06	-2.656675e-08	-3.699055e+01	-1.737592e+03
3.180000e-06	-5.187623e-06	-2.661596e-08	-3.717424e+01	-1.740872e+03
3.190000e-06	-5.211397e-06	-2.666040e-08	-3.734460e+01	-1.743813e+03
3.200000e-06	-5.233150e-06	-2.670138e-08	-3.750048e+01	-1.746429e+03
3.210000e-06	-5.253019e-06	-2.673801e-08	-3.764286e+01	-1.748737e+03
3.220000e-06	-5.271185e-06	-2.676770e-08	-3.777304e+01	-1.750760e+03
3.230000e-06	-5.287497e-06	-2.679226e-08	-3.788993e+01	-1.752517e+03
3.240000e-06	-5.301635e-06	-2.681510e-08	-3.799124e+01	-1.754021e+03
3.250000e-06	-5.313583e-06	-2.683520e-08	-3.807686e+01	-1.755282e+03
3.260000e-06	-5.323616e-06	-2.685005e-08	-3.814876e+01	-1.756300e+03
3.270000e-06	-5.331847e-06	-2.686086e-08	-3.820774e+01	-1.757076e+03
3.280000e-06	-5.338056e-06	-2.686871e-08	-3.825223e+01	-1.757610e+03
3.290000e-06	-5.342262e-06	-2.687391e-08	-3.828237e+01	-1.757905e+03
3.300000e-06	-5.344710e-06	-2.687384e-08	-3.829992e+01	-1.757968e+03
3.310000e-06	-5.345389e-06	-2.686845e-08	-3.830478e+01	-1.757810e+03
