# Temperatura_=_41.25
# Concentracion g/m^3_=_28200.0
# C_Vs_to_Am_M_A/Vsm_=_65563218390.804596
# pendiente_HvsI_1/m_=_3716.3
# ordenada_HvsI_A/m_=_1297.0
# frecuencia_Hz_=_301776.1407059259

Tiempo_(s)	Campo_(V.s)	Magnetizacion_(V.s)	Campo_(kA/m)	Magnetizacion_(A/m)
0.000000e+00	-5.312641e-06	-1.909731e-08	-3.829130e+01	-1.249248e+03
1.000000e-08	-5.310700e-06	-1.909413e-08	-3.827731e+01	-1.248959e+03
2.000000e-08	-5.306920e-06	-1.908212e-08	-3.825007e+01	-1.248543e+03
3.000000e-08	-5.301540e-06	-1.906910e-08	-3.821129e+01	-1.247994e+03
4.000000e-08	-5.294607e-06	-1.905746e-08	-3.816132e+01	-1.247297e+03
5.000000e-08	-5.286018e-06	-1.904279e-08	-3.809941e+01	-1.246432e+03
6.000000e-08	-5.275377e-06	-1.902462e-08	-3.802272e+01	-1.245385e+03
7.000000e-08	-5.262726e-06	-1.899806e-08	-3.793153e+01	-1.244144e+03
8.000000e-08	-5.248160e-06	-1.896651e-08	-3.782655e+01	-1.242715e+03
9.000000e-08	-5.231422e-06	-1.899272e-08	-3.770591e+01	-1.241110e+03
1.000000e-07	-5.212592e-06	-1.900177e-08	-3.757019e+01	-1.239359e+03
1.100000e-07	-5.191799e-06	-1.892686e-08	-3.742032e+01	-1.237491e+03
1.200000e-07	-5.169169e-06	-1.888383e-08	-3.725722e+01	-1.235540e+03
1.300000e-07	-5.144975e-06	-1.880893e-08	-3.708283e+01	-1.233529e+03
1.400000e-07	-5.119265e-06	-1.871478e-08	-3.689752e+01	-1.231466e+03
1.500000e-07	-5.091974e-06	-1.882969e-08	-3.670082e+01	-1.229345e+03
1.600000e-07	-5.063143e-06	-1.876112e-08	-3.649303e+01	-1.227142e+03
1.700000e-07	-5.032893e-06	-1.861800e-08	-3.627499e+01	-1.224821e+03
1.800000e-07	-5.000914e-06	-1.873362e-08	-3.604450e+01	-1.222340e+03
1.900000e-07	-4.966762e-06	-1.861000e-08	-3.579835e+01	-1.219657e+03
2.000000e-07	-4.930921e-06	-1.850317e-08	-3.554002e+01	-1.216738e+03
2.100000e-07	-4.893594e-06	-1.860107e-08	-3.527098e+01	-1.213564e+03
2.200000e-07	-4.854524e-06	-1.847499e-08	-3.498939e+01	-1.210128e+03
2.300000e-07	-4.813680e-06	-1.837125e-08	-3.469500e+01	-1.206435e+03
2.400000e-07	-4.770859e-06	-1.835001e-08	-3.438636e+01	-1.202501e+03
2.500000e-07	-4.726226e-06	-1.824179e-08	-3.406466e+01	-1.198345e+03
2.600000e-07	-4.679892e-06	-1.823765e-08	-3.373071e+01	-1.193982e+03
2.700000e-07	-4.631596e-06	-1.817526e-08	-3.338261e+01	-1.189423e+03
2.800000e-07	-4.581238e-06	-1.803961e-08	-3.301965e+01	-1.184673e+03
2.900000e-07	-4.528888e-06	-1.794332e-08	-3.264233e+01	-1.179725e+03
3.000000e-07	-4.474744e-06	-1.788222e-08	-3.225209e+01	-1.174570e+03
3.100000e-07	-4.419017e-06	-1.784266e-08	-3.185043e+01	-1.169195e+03
3.200000e-07	-4.361601e-06	-1.775290e-08	-3.143660e+01	-1.163585e+03
3.300000e-07	-4.302449e-06	-1.766378e-08	-3.101026e+01	-1.157731e+03
3.400000e-07	-4.241804e-06	-1.755884e-08	-3.057316e+01	-1.151626e+03
3.500000e-07	-4.179667e-06	-1.742552e-08	-3.012529e+01	-1.145266e+03
3.600000e-07	-4.116117e-06	-1.732242e-08	-2.966725e+01	-1.138648e+03
3.700000e-07	-4.051184e-06	-1.724260e-08	-2.919925e+01	-1.131773e+03
3.800000e-07	-3.984663e-06	-1.717426e-08	-2.871979e+01	-1.124638e+03
3.900000e-07	-3.916613e-06	-1.704769e-08	-2.822931e+01	-1.117237e+03
4.000000e-07	-3.847218e-06	-1.689018e-08	-2.772914e+01	-1.109566e+03
4.100000e-07	-3.776573e-06	-1.677677e-08	-2.721997e+01	-1.101613e+03
4.200000e-07	-3.704721e-06	-1.665536e-08	-2.670209e+01	-1.093370e+03
4.300000e-07	-3.631559e-06	-1.653112e-08	-2.617477e+01	-1.084826e+03
4.400000e-07	-3.556809e-06	-1.639546e-08	-2.563599e+01	-1.075969e+03
4.500000e-07	-3.480541e-06	-1.624675e-08	-2.508628e+01	-1.066789e+03
4.600000e-07	-3.402925e-06	-1.608921e-08	-2.452687e+01	-1.057273e+03
4.700000e-07	-3.323875e-06	-1.593761e-08	-2.395710e+01	-1.047407e+03
4.800000e-07	-3.243480e-06	-1.580057e-08	-2.337765e+01	-1.037173e+03
4.900000e-07	-3.161862e-06	-1.563803e-08	-2.278938e+01	-1.026554e+03
5.000000e-07	-3.079193e-06	-1.546553e-08	-2.219354e+01	-1.015528e+03
5.100000e-07	-2.995644e-06	-1.528778e-08	-2.159135e+01	-1.004073e+03
5.200000e-07	-2.911234e-06	-1.510085e-08	-2.098296e+01	-9.921677e+02
5.300000e-07	-2.825913e-06	-1.490669e-08	-2.036800e+01	-9.797901e+02
5.400000e-07	-2.739624e-06	-1.470984e-08	-1.974606e+01	-9.669191e+02
5.500000e-07	-2.652454e-06	-1.450727e-08	-1.911778e+01	-9.535332e+02
5.600000e-07	-2.564349e-06	-1.428718e-08	-1.848276e+01	-9.396086e+02
5.700000e-07	-2.475117e-06	-1.406151e-08	-1.783961e+01	-9.251179e+02
5.800000e-07	-2.384771e-06	-1.383432e-08	-1.718843e+01	-9.100285e+02
5.900000e-07	-2.293460e-06	-1.359976e-08	-1.653030e+01	-8.943022e+02
6.000000e-07	-2.201382e-06	-1.334947e-08	-1.586664e+01	-8.778954e+02
6.100000e-07	-2.108617e-06	-1.308212e-08	-1.519803e+01	-8.607616e+02
6.200000e-07	-2.015096e-06	-1.280386e-08	-1.452397e+01	-8.428532e+02
6.300000e-07	-1.920804e-06	-1.251744e-08	-1.384436e+01	-8.241243e+02
6.400000e-07	-1.825839e-06	-1.222144e-08	-1.315989e+01	-8.045322e+02
6.500000e-07	-1.730325e-06	-1.191021e-08	-1.247146e+01	-7.840381e+02
6.600000e-07	-1.634222e-06	-1.157939e-08	-1.177879e+01	-7.626051e+02
6.700000e-07	-1.537442e-06	-1.123156e-08	-1.108124e+01	-7.401965e+02
6.800000e-07	-1.439978e-06	-1.087271e-08	-1.037876e+01	-7.167720e+02
6.900000e-07	-1.341872e-06	-1.050140e-08	-9.671652e+00	-6.922851e+02
7.000000e-07	-1.243205e-06	-1.011358e-08	-8.960500e+00	-6.666830e+02
7.100000e-07	-1.144066e-06	-9.705840e-09	-8.245952e+00	-6.399085e+02
7.200000e-07	-1.044542e-06	-9.274821e-09	-7.528625e+00	-6.119054e+02
7.300000e-07	-9.447220e-07	-8.819210e-09	-6.809162e+00	-5.826270e+02
7.400000e-07	-8.446764e-07	-8.347081e-09	-6.088075e+00	-5.520463e+02
7.500000e-07	-7.444304e-07	-7.864800e-09	-5.365543e+00	-5.201661e+02
7.600000e-07	-6.439910e-07	-7.365415e-09	-4.641619e+00	-4.870273e+02
7.700000e-07	-5.433548e-07	-6.846575e-09	-3.916274e+00	-4.527132e+02
7.800000e-07	-4.425791e-07	-6.310062e-09	-3.189925e+00	-4.173488e+02
7.900000e-07	-3.417189e-07	-5.757409e-09	-2.462967e+00	-3.810939e+02
8.000000e-07	-2.406691e-07	-5.191514e-09	-1.734643e+00	-3.441320e+02
8.100000e-07	-1.394564e-07	-4.619101e-09	-1.005143e+00	-3.066537e+02
8.200000e-07	-3.822276e-08	-4.045778e-09	-2.754937e-01	-2.688401e+02
8.300000e-07	6.303359e-08	-3.470986e-09	4.543198e-01	-2.308450e+02
8.400000e-07	1.643375e-07	-2.893340e-09	1.184476e+00	-1.927810e+02
8.500000e-07	2.656327e-07	-2.315304e-09	1.914570e+00	-1.547099e+02
8.600000e-07	3.668582e-07	-1.738737e-09	2.644161e+00	-1.166385e+02
8.700000e-07	4.679367e-07	-1.162330e-09	3.372692e+00	-7.852118e+01
8.800000e-07	5.688621e-07	-5.842136e-10	4.100121e+00	-4.026799e+01
8.900000e-07	6.696646e-07	-2.316130e-12	4.826663e+00	-1.758148e+00
9.000000e-07	7.702374e-07	5.875068e-10	5.551550e+00	3.714311e+01
9.100000e-07	8.705340e-07	1.189687e-09	6.274446e+00	7.656549e+01
9.200000e-07	9.705762e-07	1.801798e-09	6.995508e+00	1.166144e+02
9.300000e-07	1.070340e-06	2.422987e-09	7.714564e+00	1.573533e+02
9.400000e-07	1.169844e-06	3.054500e-09	8.431751e+00	1.987892e+02
9.500000e-07	1.269001e-06	3.693554e-09	9.146428e+00	2.408631e+02
9.600000e-07	1.367630e-06	4.338399e-09	9.857305e+00	2.834461e+02
9.700000e-07	1.465600e-06	4.989605e-09	1.056343e+01	3.263426e+02
9.800000e-07	1.562825e-06	5.643893e-09	1.126419e+01	3.693003e+02
9.900000e-07	1.659283e-06	6.296247e-09	1.195942e+01	4.120254e+02
1.000000e-06	1.755050e-06	6.940507e-09	1.264967e+01	4.542037e+02
1.010000e-06	1.850206e-06	7.569134e-09	1.333551e+01	4.955229e+02
1.020000e-06	1.944716e-06	8.178578e-09	1.401670e+01	5.356954e+02
1.030000e-06	2.038569e-06	8.766827e-09	1.469315e+01	5.744778e+02
1.040000e-06	2.131715e-06	9.330005e-09	1.536452e+01	6.116850e+02
1.050000e-06	2.224152e-06	9.867161e-09	1.603076e+01	6.471974e+02
1.060000e-06	2.315969e-06	1.037750e-08	1.669254e+01	6.809606e+02
1.070000e-06	2.407057e-06	1.086145e-08	1.734907e+01	7.129781e+02
1.080000e-06	2.497110e-06	1.132094e-08	1.799813e+01	7.432985e+02
1.090000e-06	2.585963e-06	1.175794e-08	1.863854e+01	7.720008e+02
1.100000e-06	2.673842e-06	1.217198e-08	1.927194e+01	7.991782e+02
1.110000e-06	2.760885e-06	1.256365e-08	1.989930e+01	8.249254e+02
1.120000e-06	2.847038e-06	1.293444e-08	2.052026e+01	8.493294e+02
1.130000e-06	2.932267e-06	1.328578e-08	2.113456e+01	8.724647e+02
1.140000e-06	3.016568e-06	1.361894e-08	2.174216e+01	8.943938e+02
1.150000e-06	3.100026e-06	1.393295e-08	2.234369e+01	9.151699e+02
1.160000e-06	3.182432e-06	1.422893e-08	2.293764e+01	9.348426e+02
1.170000e-06	3.263536e-06	1.450932e-08	2.352220e+01	9.534616e+02
1.180000e-06	3.343444e-06	1.477586e-08	2.409815e+01	9.710810e+02
1.190000e-06	3.422223e-06	1.502967e-08	2.466596e+01	9.877595e+02
1.200000e-06	3.499867e-06	1.527159e-08	2.522558e+01	1.003560e+03
1.210000e-06	3.576306e-06	1.549948e-08	2.577652e+01	1.018545e+03
1.220000e-06	3.651331e-06	1.571484e-08	2.631727e+01	1.032774e+03
1.230000e-06	3.724710e-06	1.591801e-08	2.684616e+01	1.046304e+03
1.240000e-06	3.796548e-06	1.611076e-08	2.736393e+01	1.059179e+03
1.250000e-06	3.867068e-06	1.629322e-08	2.787221e+01	1.071437e+03
1.260000e-06	3.936231e-06	1.646541e-08	2.837071e+01	1.083109e+03
1.270000e-06	4.004129e-06	1.662938e-08	2.886009e+01	1.094219e+03
1.280000e-06	4.070568e-06	1.678686e-08	2.933895e+01	1.104788e+03
1.290000e-06	4.135306e-06	1.694197e-08	2.980556e+01	1.114835e+03
1.300000e-06	4.198518e-06	1.709270e-08	3.026117e+01	1.124378e+03
1.310000e-06	4.260314e-06	1.723543e-08	3.070656e+01	1.133432e+03
1.320000e-06	4.320748e-06	1.737002e-08	3.114215e+01	1.142014e+03
1.330000e-06	4.379879e-06	1.749511e-08	3.156834e+01	1.150137e+03
1.340000e-06	4.437338e-06	1.761093e-08	3.198248e+01	1.157814e+03
1.350000e-06	4.492960e-06	1.771807e-08	3.238338e+01	1.165056e+03
1.360000e-06	4.546951e-06	1.781702e-08	3.277253e+01	1.171880e+03
1.370000e-06	4.599245e-06	1.791032e-08	3.314944e+01	1.178301e+03
1.380000e-06	4.649532e-06	1.799970e-08	3.351189e+01	1.184346e+03
1.390000e-06	4.697832e-06	1.808669e-08	3.386001e+01	1.190042e+03
1.400000e-06	4.744448e-06	1.817064e-08	3.419600e+01	1.195424e+03
1.410000e-06	4.789469e-06	1.825125e-08	3.452050e+01	1.200526e+03
1.420000e-06	4.833027e-06	1.832762e-08	3.483444e+01	1.205381e+03
1.430000e-06	4.874809e-06	1.839806e-08	3.513559e+01	1.210013e+03
1.440000e-06	4.914729e-06	1.846327e-08	3.542331e+01	1.214436e+03
1.450000e-06	4.953026e-06	1.852513e-08	3.569934e+01	1.218654e+03
1.460000e-06	4.989706e-06	1.858412e-08	3.596372e+01	1.222657e+03
1.470000e-06	5.024733e-06	1.863925e-08	3.621618e+01	1.226429e+03
1.480000e-06	5.057799e-06	1.869075e-08	3.645450e+01	1.229950e+03
1.490000e-06	5.089003e-06	1.873951e-08	3.667941e+01	1.233202e+03
1.500000e-06	5.118588e-06	1.878602e-08	3.689265e+01	1.236175e+03
1.510000e-06	5.146556e-06	1.882927e-08	3.709423e+01	1.238868e+03
1.520000e-06	5.172612e-06	1.886591e-08	3.728203e+01	1.241291e+03
1.530000e-06	5.196544e-06	1.889702e-08	3.745452e+01	1.243462e+03
1.540000e-06	5.218621e-06	1.892552e-08	3.761364e+01	1.245401e+03
1.550000e-06	5.239049e-06	1.895146e-08	3.776088e+01	1.247132e+03
1.560000e-06	5.257697e-06	1.897424e-08	3.789529e+01	1.248670e+03
1.570000e-06	5.274317e-06	1.899304e-08	3.801507e+01	1.250026e+03
1.580000e-06	5.288986e-06	1.900907e-08	3.812080e+01	1.251200e+03
1.590000e-06	5.301762e-06	1.902299e-08	3.821289e+01	1.252192e+03
1.600000e-06	5.312407e-06	1.903533e-08	3.828961e+01	1.252994e+03
1.610000e-06	5.320859e-06	1.904584e-08	3.835053e+01	1.253606e+03
1.620000e-06	5.327401e-06	1.905489e-08	3.839769e+01	1.254030e+03
1.630000e-06	5.332205e-06	1.906221e-08	3.843231e+01	1.254274e+03
1.640000e-06	5.335144e-06	1.906621e-08	3.845350e+01	1.254354e+03
1.650000e-06	5.336047e-06	1.906870e-08	3.846000e+01	1.254285e+03
1.660000e-06	5.335081e-06	1.906589e-08	3.845303e+01	1.254081e+03
1.670000e-06	5.332477e-06	1.905875e-08	3.843427e+01	1.253751e+03
1.680000e-06	5.328217e-06	1.905440e-08	3.840357e+01	1.253293e+03
1.690000e-06	5.322103e-06	1.904691e-08	3.835950e+01	1.252698e+03
1.700000e-06	5.314155e-06	1.903511e-08	3.830221e+01	1.251948e+03
1.710000e-06	5.304625e-06	1.902289e-08	3.823352e+01	1.251025e+03
1.720000e-06	5.293466e-06	1.901565e-08	3.815310e+01	1.249915e+03
1.730000e-06	5.280417e-06	1.902145e-08	3.805904e+01	1.248612e+03
1.740000e-06	5.265394e-06	1.894857e-08	3.795076e+01	1.247123e+03
1.750000e-06	5.248254e-06	1.887361e-08	3.782723e+01	1.245468e+03
1.760000e-06	5.228614e-06	1.889262e-08	3.768567e+01	1.243674e+03
1.770000e-06	5.206399e-06	1.887484e-08	3.752555e+01	1.241776e+03
1.780000e-06	5.182354e-06	1.892981e-08	3.735224e+01	1.239803e+03
1.790000e-06	5.157481e-06	1.889574e-08	3.717297e+01	1.237774e+03
1.800000e-06	5.131775e-06	1.869020e-08	3.698769e+01	1.235693e+03
1.810000e-06	5.104170e-06	1.880039e-08	3.678873e+01	1.233549e+03
1.820000e-06	5.074428e-06	1.878550e-08	3.657436e+01	1.231311e+03
1.830000e-06	5.043078e-06	1.860501e-08	3.634840e+01	1.228943e+03
1.840000e-06	5.009886e-06	1.877568e-08	3.610917e+01	1.226400e+03
1.850000e-06	4.974937e-06	1.869318e-08	3.585727e+01	1.223643e+03
1.860000e-06	4.938453e-06	1.850921e-08	3.559431e+01	1.220644e+03
1.870000e-06	4.900010e-06	1.860379e-08	3.531723e+01	1.217384e+03
1.880000e-06	4.859748e-06	1.848550e-08	3.502704e+01	1.213864e+03
1.890000e-06	4.817802e-06	1.847099e-08	3.472471e+01	1.210091e+03
1.900000e-06	4.774135e-06	1.846179e-08	3.440998e+01	1.206083e+03
1.910000e-06	4.728845e-06	1.822943e-08	3.408354e+01	1.201857e+03
1.920000e-06	4.681635e-06	1.829624e-08	3.374327e+01	1.197430e+03
1.930000e-06	4.632700e-06	1.827353e-08	3.339057e+01	1.192809e+03
1.940000e-06	4.582147e-06	1.814741e-08	3.302621e+01	1.187995e+03
1.950000e-06	4.529483e-06	1.808736e-08	3.264662e+01	1.182982e+03
1.960000e-06	4.474857e-06	1.795580e-08	3.225290e+01	1.177756e+03
1.970000e-06	4.418500e-06	1.793819e-08	3.184670e+01	1.172306e+03
1.980000e-06	4.360490e-06	1.778746e-08	3.142859e+01	1.166618e+03
1.990000e-06	4.301095e-06	1.769134e-08	3.100050e+01	1.160683e+03
2.000000e-06	4.240287e-06	1.771276e-08	3.056222e+01	1.154496e+03
2.010000e-06	4.177900e-06	1.755944e-08	3.011256e+01	1.148052e+03
2.020000e-06	4.113879e-06	1.743846e-08	2.965113e+01	1.141351e+03
2.030000e-06	4.048361e-06	1.728610e-08	2.917890e+01	1.134392e+03
2.040000e-06	3.981496e-06	1.720850e-08	2.869696e+01	1.127171e+03
2.050000e-06	3.913217e-06	1.714197e-08	2.820483e+01	1.119684e+03
2.060000e-06	3.843417e-06	1.697586e-08	2.770175e+01	1.111922e+03
2.070000e-06	3.772147e-06	1.689121e-08	2.718806e+01	1.103876e+03
2.080000e-06	3.699569e-06	1.674462e-08	2.666495e+01	1.095537e+03
2.090000e-06	3.625699e-06	1.660949e-08	2.613252e+01	1.086893e+03
2.100000e-06	3.550521e-06	1.648320e-08	2.559067e+01	1.077933e+03
2.110000e-06	3.473947e-06	1.634160e-08	2.503876e+01	1.068645e+03
2.120000e-06	3.395831e-06	1.620849e-08	2.447573e+01	1.059017e+03
2.130000e-06	3.316377e-06	1.602657e-08	2.390306e+01	1.049034e+03
2.140000e-06	3.235799e-06	1.587911e-08	2.332229e+01	1.038678e+03
2.150000e-06	3.154105e-06	1.571034e-08	2.273347e+01	1.027929e+03
2.160000e-06	3.071327e-06	1.554695e-08	2.213684e+01	1.016767e+03
2.170000e-06	2.987613e-06	1.538831e-08	2.153347e+01	1.005169e+03
2.180000e-06	2.902865e-06	1.520575e-08	2.092264e+01	9.931134e+02
2.190000e-06	2.816835e-06	1.501328e-08	2.030257e+01	9.805787e+02
2.200000e-06	2.729618e-06	1.480237e-08	1.967395e+01	9.675439e+02
2.210000e-06	2.641432e-06	1.460592e-08	1.903834e+01	9.539867e+02
2.220000e-06	2.552419e-06	1.439210e-08	1.839677e+01	9.398826e+02
2.230000e-06	2.462492e-06	1.416705e-08	1.774861e+01	9.252025e+02
2.240000e-06	2.371721e-06	1.393085e-08	1.709437e+01	9.099120e+02
2.250000e-06	2.280307e-06	1.369336e-08	1.643550e+01	8.939711e+02
2.260000e-06	2.188141e-06	1.344912e-08	1.577120e+01	8.773351e+02
2.270000e-06	2.095091e-06	1.318297e-08	1.510054e+01	8.599567e+02
2.280000e-06	2.001119e-06	1.290771e-08	1.442323e+01	8.417886e+02
2.290000e-06	1.906289e-06	1.261572e-08	1.373974e+01	8.227859e+02
2.300000e-06	1.810720e-06	1.231139e-08	1.305092e+01	8.029072e+02
2.310000e-06	1.714556e-06	1.199289e-08	1.235780e+01	7.821144e+02
2.320000e-06	1.617951e-06	1.166469e-08	1.166152e+01	7.603712e+02
2.330000e-06	1.520836e-06	1.132483e-08	1.096155e+01	7.376399e+02
2.340000e-06	1.423094e-06	1.096425e-08	1.025707e+01	7.138785e+02
2.350000e-06	1.324817e-06	1.058127e-08	9.548727e+00	6.890384e+02
2.360000e-06	1.226142e-06	1.018404e-08	8.837520e+00	6.630650e+02
2.370000e-06	1.127233e-06	9.777519e-09	8.124629e+00	6.359007e+02
2.380000e-06	1.028137e-06	9.352580e-09	7.410380e+00	6.074912e+02
2.390000e-06	9.288022e-07	8.902526e-09	6.694419e+00	5.777951e+02
2.400000e-06	8.292046e-07	8.426754e-09	5.976561e+00	5.467939e+02
2.410000e-06	7.293116e-07	7.930354e-09	5.256574e+00	5.145019e+02
2.420000e-06	6.291399e-07	7.413784e-09	4.534578e+00	4.809734e+02
2.430000e-06	5.287371e-07	6.880747e-09	3.810916e+00	4.463054e+02
2.440000e-06	4.281311e-07	6.337251e-09	3.085790e+00	4.106352e+02
2.450000e-06	3.273472e-07	5.783947e-09	2.359382e+00	3.741316e+02
2.460000e-06	2.264365e-07	5.216678e-09	1.632060e+00	3.369822e+02
2.470000e-06	1.254148e-07	4.638713e-09	9.039379e-01	2.993766e+02
2.480000e-06	2.434278e-08	4.058184e-09	1.754526e-01	2.614888e+02
2.490000e-06	-7.674429e-08	3.476427e-09	-5.531408e-01	2.234607e+02
2.500000e-06	-1.778446e-07	2.892078e-09	-1.281830e+00	1.853896e+02
2.510000e-06	-2.788979e-07	2.307321e-09	-2.010180e+00	1.473195e+02
2.520000e-06	-3.798212e-07	1.723716e-09	-2.737593e+00	1.092398e+02
2.530000e-06	-4.805810e-07	1.138320e-09	-3.463827e+00	7.108965e+01
2.540000e-06	-5.811704e-07	5.507870e-10	-4.188834e+00	3.276738e+01
2.550000e-06	-6.815228e-07	-4.214585e-11	-4.912132e+00	-5.854220e+00
2.560000e-06	-7.816089e-07	-6.414072e-10	-5.633511e+00	-4.491042e+01
2.570000e-06	-8.814095e-07	-1.248045e-09	-6.352832e+00	-8.452517e+01
2.580000e-06	-9.809170e-07	-1.863165e-09	-7.070040e+00	-1.247922e+02
2.590000e-06	-1.080155e-06	-2.486440e-09	-7.785304e+00	-1.657582e+02
2.600000e-06	-1.179073e-06	-3.122092e-09	-8.498263e+00	-2.074097e+02
2.610000e-06	-1.277581e-06	-3.766487e-09	-9.208271e+00	-2.496654e+02
2.620000e-06	-1.375627e-06	-4.418043e-09	-9.914947e+00	-2.923743e+02
2.630000e-06	-1.473139e-06	-5.075346e-09	-1.061777e+01	-3.353212e+02
2.640000e-06	-1.570132e-06	-5.733441e-09	-1.131686e+01	-3.782383e+02
2.650000e-06	-1.666649e-06	-6.385617e-09	-1.201251e+01	-4.208231e+02
2.660000e-06	-1.762718e-06	-7.025869e-09	-1.270494e+01	-4.627594e+02
2.670000e-06	-1.858320e-06	-7.653657e-09	-1.339400e+01	-5.037404e+02
2.680000e-06	-1.953234e-06	-8.263811e-09	-1.407809e+01	-5.434908e+02
2.690000e-06	-2.047171e-06	-8.850811e-09	-1.475515e+01	-5.817848e+02
2.700000e-06	-2.140055e-06	-9.413472e-09	-1.542462e+01	-6.184579e+02
2.710000e-06	-2.232084e-06	-9.951821e-09	-1.608793e+01	-6.534118e+02
2.720000e-06	-2.323365e-06	-1.046121e-08	-1.674585e+01	-6.866118e+02
2.730000e-06	-2.413884e-06	-1.094152e-08	-1.739827e+01	-7.180775e+02
2.740000e-06	-2.503536e-06	-1.139772e-08	-1.804444e+01	-7.478690e+02
2.750000e-06	-2.592283e-06	-1.183071e-08	-1.868410e+01	-7.760715e+02
2.760000e-06	-2.680256e-06	-1.224080e-08	-1.931817e+01	-8.027799e+02
2.770000e-06	-2.767383e-06	-1.263002e-08	-1.994614e+01	-8.280872e+02
2.780000e-06	-2.853363e-06	-1.299994e-08	-2.056585e+01	-8.520767e+02
2.790000e-06	-2.938113e-06	-1.334993e-08	-2.117669e+01	-8.748188e+02
2.800000e-06	-3.021867e-06	-1.367885e-08	-2.178035e+01	-8.963725e+02
2.810000e-06	-3.104707e-06	-1.398920e-08	-2.237743e+01	-9.167895e+02
2.820000e-06	-3.186561e-06	-1.428364e-08	-2.296740e+01	-9.361186e+02
2.830000e-06	-3.267346e-06	-1.456346e-08	-2.354966e+01	-9.544110e+02
2.840000e-06	-3.347085e-06	-1.482971e-08	-2.412439e+01	-9.717222e+02
2.850000e-06	-3.425556e-06	-1.508209e-08	-2.468998e+01	-9.881122e+02
2.860000e-06	-3.502535e-06	-1.532101e-08	-2.524481e+01	-1.003644e+03
2.870000e-06	-3.578060e-06	-1.554933e-08	-2.578916e+01	-1.018381e+03
2.880000e-06	-3.652171e-06	-1.576764e-08	-2.632332e+01	-1.032381e+03
2.890000e-06	-3.724985e-06	-1.597498e-08	-2.684813e+01	-1.045696e+03
2.900000e-06	-3.796559e-06	-1.617160e-08	-2.736401e+01	-1.058370e+03
2.910000e-06	-3.866688e-06	-1.635777e-08	-2.786947e+01	-1.070437e+03
2.920000e-06	-3.935236e-06	-1.653516e-08	-2.836354e+01	-1.081927e+03
2.930000e-06	-4.002363e-06	-1.670327e-08	-2.884736e+01	-1.092862e+03
2.940000e-06	-4.068085e-06	-1.686155e-08	-2.932106e+01	-1.103262e+03
2.950000e-06	-4.132496e-06	-1.701069e-08	-2.978531e+01	-1.113146e+03
2.960000e-06	-4.195563e-06	-1.715171e-08	-3.023987e+01	-1.122531e+03
2.970000e-06	-4.256866e-06	-1.728728e-08	-3.068171e+01	-1.131433e+03
2.980000e-06	-4.316496e-06	-1.741774e-08	-3.111150e+01	-1.139866e+03
2.990000e-06	-4.374727e-06	-1.754067e-08	-3.153120e+01	-1.147845e+03
3.000000e-06	-4.431471e-06	-1.765667e-08	-3.194019e+01	-1.155382e+03
3.010000e-06	-4.486597e-06	-1.776587e-08	-3.233752e+01	-1.162489e+03
3.020000e-06	-4.539814e-06	-1.786849e-08	-3.272109e+01	-1.169181e+03
3.030000e-06	-4.591097e-06	-1.796455e-08	-3.309071e+01	-1.175480e+03
3.040000e-06	-4.640531e-06	-1.805496e-08	-3.344701e+01	-1.181410e+03
3.050000e-06	-4.688037e-06	-1.814050e-08	-3.378942e+01	-1.187002e+03
3.060000e-06	-4.733848e-06	-1.822129e-08	-3.411960e+01	-1.192291e+03
3.070000e-06	-4.778215e-06	-1.829867e-08	-3.443938e+01	-1.197311e+03
3.080000e-06	-4.821177e-06	-1.837398e-08	-3.474903e+01	-1.202093e+03
3.090000e-06	-4.862606e-06	-1.844545e-08	-3.504764e+01	-1.206657e+03
3.100000e-06	-4.902443e-06	-1.851259e-08	-3.533477e+01	-1.211016e+03
3.110000e-06	-4.940518e-06	-1.857583e-08	-3.560919e+01	-1.215167e+03
3.120000e-06	-4.976691e-06	-1.863485e-08	-3.586991e+01	-1.219098e+03
3.130000e-06	-5.011116e-06	-1.869114e-08	-3.611803e+01	-1.222793e+03
3.140000e-06	-5.043873e-06	-1.874320e-08	-3.635413e+01	-1.226230e+03
3.150000e-06	-5.074832e-06	-1.879248e-08	-3.657727e+01	-1.229394e+03
3.160000e-06	-5.103838e-06	-1.883787e-08	-3.678634e+01	-1.232277e+03
3.170000e-06	-5.131042e-06	-1.887807e-08	-3.698241e+01	-1.234883e+03
3.180000e-06	-5.156446e-06	-1.891373e-08	-3.716551e+01	-1.237223e+03
3.190000e-06	-5.180056e-06	-1.894558e-08	-3.733569e+01	-1.239317e+03
3.200000e-06	-5.201738e-06	-1.897697e-08	-3.749196e+01	-1.241189e+03
3.210000e-06	-5.221492e-06	-1.900552e-08	-3.763433e+01	-1.242857e+03
3.220000e-06	-5.239504e-06	-1.902859e-08	-3.776416e+01	-1.244336e+03
3.230000e-06	-5.255754e-06	-1.904820e-08	-3.788128e+01	-1.245634e+03
3.240000e-06	-5.269905e-06	-1.906451e-08	-3.798328e+01	-1.246751e+03
3.250000e-06	-5.281727e-06	-1.907746e-08	-3.806848e+01	-1.247683e+03
3.260000e-06	-5.291579e-06	-1.908728e-08	-3.813949e+01	-1.248426e+03
3.270000e-06	-5.299703e-06	-1.909394e-08	-3.819805e+01	-1.248977e+03
3.280000e-06	-5.305879e-06	-1.909808e-08	-3.824256e+01	-1.249343e+03
3.290000e-06	-5.310068e-06	-1.910261e-08	-3.827276e+01	-1.249533e+03
3.300000e-06	-5.312501e-06	-1.910432e-08	-3.829029e+01	-1.249564e+03
3.310000e-06	-5.313186e-06	-1.910068e-08	-3.829523e+01	-1.249451e+03
