# Temperatura_=_59.36
# Concentracion g/m^3_=_28200.0
# C_Vs_to_Am_M_A/Vsm_=_65563218390.804596
# pendiente_HvsI_1/m_=_3716.3
# ordenada_HvsI_A/m_=_1297.0
# frecuencia_Hz_=_301774.6176624147

Tiempo_(s)	Campo_(V.s)	Magnetizacion_(V.s)	Campo_(kA/m)	Magnetizacion_(A/m)
0.000000e+00	-5.315070e-06	-2.096095e-08	-3.829861e+01	-1.371580e+03
1.000000e-08	-5.313205e-06	-2.095358e-08	-3.828518e+01	-1.371264e+03
2.000000e-08	-5.309455e-06	-2.094153e-08	-3.825816e+01	-1.370807e+03
3.000000e-08	-5.304076e-06	-2.092767e-08	-3.821940e+01	-1.370199e+03
4.000000e-08	-5.297114e-06	-2.091409e-08	-3.816923e+01	-1.369422e+03
5.000000e-08	-5.288485e-06	-2.089791e-08	-3.810705e+01	-1.368454e+03
6.000000e-08	-5.277849e-06	-2.087884e-08	-3.803041e+01	-1.367276e+03
7.000000e-08	-5.265276e-06	-2.085667e-08	-3.793982e+01	-1.365877e+03
8.000000e-08	-5.250863e-06	-2.083509e-08	-3.783596e+01	-1.364261e+03
9.000000e-08	-5.234266e-06	-2.082944e-08	-3.771637e+01	-1.362450e+03
1.000000e-07	-5.215504e-06	-2.082177e-08	-3.758117e+01	-1.360475e+03
1.100000e-07	-5.194818e-06	-2.077224e-08	-3.743212e+01	-1.358375e+03
1.200000e-07	-5.172299e-06	-2.071259e-08	-3.726986e+01	-1.356190e+03
1.300000e-07	-5.148143e-06	-2.065126e-08	-3.709579e+01	-1.353947e+03
1.400000e-07	-5.122489e-06	-2.059772e-08	-3.691094e+01	-1.351656e+03
1.500000e-07	-5.095302e-06	-2.060278e-08	-3.671504e+01	-1.349309e+03
1.600000e-07	-5.066496e-06	-2.057089e-08	-3.650748e+01	-1.346876e+03
1.700000e-07	-5.036189e-06	-2.049815e-08	-3.628909e+01	-1.344313e+03
1.800000e-07	-5.004205e-06	-2.049646e-08	-3.605862e+01	-1.341571e+03
1.900000e-07	-4.970172e-06	-2.044718e-08	-3.581340e+01	-1.338599e+03
2.000000e-07	-4.934415e-06	-2.036874e-08	-3.555574e+01	-1.335360e+03
2.100000e-07	-4.897159e-06	-2.033484e-08	-3.528729e+01	-1.331830e+03
2.200000e-07	-4.858196e-06	-2.022857e-08	-3.500653e+01	-1.328003e+03
2.300000e-07	-4.817325e-06	-2.013401e-08	-3.471203e+01	-1.323888e+03
2.400000e-07	-4.774489e-06	-2.009922e-08	-3.440337e+01	-1.319506e+03
2.500000e-07	-4.729809e-06	-2.005489e-08	-3.408142e+01	-1.314880e+03
2.600000e-07	-4.683382e-06	-2.002660e-08	-3.374688e+01	-1.310031e+03
2.700000e-07	-4.635020e-06	-1.992351e-08	-3.339840e+01	-1.304972e+03
2.800000e-07	-4.584539e-06	-1.975631e-08	-3.303465e+01	-1.299705e+03
2.900000e-07	-4.532093e-06	-1.967584e-08	-3.265674e+01	-1.294221e+03
3.000000e-07	-4.477979e-06	-1.963807e-08	-3.226681e+01	-1.288504e+03
3.100000e-07	-4.422300e-06	-1.957900e-08	-3.186561e+01	-1.282536e+03
3.200000e-07	-4.364894e-06	-1.948410e-08	-3.145197e+01	-1.276297e+03
3.300000e-07	-4.305788e-06	-1.935703e-08	-3.102607e+01	-1.269774e+03
3.400000e-07	-4.245155e-06	-1.922652e-08	-3.058917e+01	-1.262962e+03
3.500000e-07	-4.183070e-06	-1.910084e-08	-3.014180e+01	-1.255860e+03
3.600000e-07	-4.119598e-06	-1.900387e-08	-2.968445e+01	-1.248473e+03
3.700000e-07	-4.054664e-06	-1.892813e-08	-2.921655e+01	-1.240807e+03
3.800000e-07	-3.988142e-06	-1.882545e-08	-2.873722e+01	-1.232868e+03
3.900000e-07	-3.920123e-06	-1.866141e-08	-2.824709e+01	-1.224655e+03
4.000000e-07	-3.850720e-06	-1.849298e-08	-2.774700e+01	-1.216165e+03
4.100000e-07	-3.780072e-06	-1.837419e-08	-2.723793e+01	-1.207386e+03
4.200000e-07	-3.708254e-06	-1.825762e-08	-2.672044e+01	-1.198302e+03
4.300000e-07	-3.635074e-06	-1.812291e-08	-2.619312e+01	-1.188894e+03
4.400000e-07	-3.560287e-06	-1.797361e-08	-2.565424e+01	-1.179142e+03
4.500000e-07	-3.483973e-06	-1.780031e-08	-2.510434e+01	-1.169027e+03
4.600000e-07	-3.406321e-06	-1.762841e-08	-2.454481e+01	-1.158531e+03
4.700000e-07	-3.327281e-06	-1.747637e-08	-2.397527e+01	-1.147639e+03
4.800000e-07	-3.246894e-06	-1.732117e-08	-2.339603e+01	-1.136336e+03
4.900000e-07	-3.165328e-06	-1.713841e-08	-2.280830e+01	-1.124609e+03
5.000000e-07	-3.082752e-06	-1.694128e-08	-2.221328e+01	-1.112443e+03
5.100000e-07	-2.999243e-06	-1.674425e-08	-2.161154e+01	-1.099824e+03
5.200000e-07	-2.914828e-06	-1.653927e-08	-2.100327e+01	-1.086735e+03
5.300000e-07	-2.829510e-06	-1.632845e-08	-2.038850e+01	-1.073154e+03
5.400000e-07	-2.743239e-06	-1.611568e-08	-1.976686e+01	-1.059059e+03
5.500000e-07	-2.656067e-06	-1.589387e-08	-1.913873e+01	-1.044423e+03
5.600000e-07	-2.567979e-06	-1.565451e-08	-1.850400e+01	-1.029215e+03
5.700000e-07	-2.478770e-06	-1.541077e-08	-1.786119e+01	-1.013401e+03
5.800000e-07	-2.388410e-06	-1.516824e-08	-1.721008e+01	-9.969419e+02
5.900000e-07	-2.297104e-06	-1.490805e-08	-1.655216e+01	-9.797976e+02
6.000000e-07	-2.205029e-06	-1.462541e-08	-1.588870e+01	-9.619241e+02
6.100000e-07	-2.112254e-06	-1.433276e-08	-1.522019e+01	-9.432766e+02
6.200000e-07	-2.018732e-06	-1.403792e-08	-1.454631e+01	-9.238096e+02
6.300000e-07	-1.924439e-06	-1.373327e-08	-1.386686e+01	-9.034781e+02
6.400000e-07	-1.829482e-06	-1.341364e-08	-1.318263e+01	-8.822371e+02
6.500000e-07	-1.733932e-06	-1.307366e-08	-1.249413e+01	-8.600405e+02
6.600000e-07	-1.637736e-06	-1.271099e-08	-1.180097e+01	-8.368401e+02
6.700000e-07	-1.540868e-06	-1.233364e-08	-1.110298e+01	-8.125830e+02
6.800000e-07	-1.443346e-06	-1.194659e-08	-1.040027e+01	-7.872104e+02
6.900000e-07	-1.345227e-06	-1.154867e-08	-9.693254e+00	-7.606573e+02
7.000000e-07	-1.246578e-06	-1.113078e-08	-8.982425e+00	-7.328538e+02
7.100000e-07	-1.147479e-06	-1.068520e-08	-8.268353e+00	-7.037286e+02
7.200000e-07	-1.048007e-06	-1.021017e-08	-7.551590e+00	-6.732160e+02
7.300000e-07	-9.482281e-07	-9.712246e-09	-6.832614e+00	-6.412637e+02
7.400000e-07	-8.481666e-07	-9.201325e-09	-6.111604e+00	-6.078420e+02
7.500000e-07	-7.478425e-07	-8.676949e-09	-5.388703e+00	-5.729533e+02
7.600000e-07	-6.473033e-07	-8.129312e-09	-4.664251e+00	-5.366383e+02
7.700000e-07	-5.465966e-07	-7.555478e-09	-3.938592e+00	-4.989805e+02
7.800000e-07	-4.457483e-07	-6.962243e-09	-3.211913e+00	-4.601046e+02
7.900000e-07	-3.447537e-07	-6.353538e-09	-2.484180e+00	-4.201715e+02
8.000000e-07	-2.436401e-07	-5.731524e-09	-1.755589e+00	-3.793671e+02
8.100000e-07	-1.424395e-07	-5.100580e-09	-1.026372e+00	-3.378880e+02
8.200000e-07	-4.115522e-08	-4.463815e-09	-2.965507e-01	-2.959247e+02
8.300000e-07	6.022637e-08	-3.819287e-09	4.339710e-01	-2.536445e+02
8.400000e-07	1.615892e-07	-3.170413e-09	1.164358e+00	-2.111755e+02
8.500000e-07	2.628717e-07	-2.521933e-09	1.894165e+00	-1.685949e+02
8.600000e-07	3.640767e-07	-1.874716e-09	2.623414e+00	-1.259226e+02
8.700000e-07	4.651606e-07	-1.227604e-09	3.351791e+00	-8.312114e+01
8.800000e-07	5.661045e-07	-5.755900e-10	4.079159e+00	-4.010298e+01
8.900000e-07	6.668947e-07	8.276961e-11	4.805420e+00	3.255905e+00
9.000000e-07	7.675289e-07	7.512149e-10	5.530556e+00	4.709666e+01
9.100000e-07	8.679263e-07	1.430907e-09	6.253986e+00	9.155463e+01
9.200000e-07	9.680272e-07	2.120439e-09	6.975280e+00	1.367353e+02
9.300000e-07	1.067835e-06	2.819557e-09	7.694465e+00	1.826918e+02
9.400000e-07	1.167296e-06	3.528999e-09	8.411144e+00	2.294071e+02
9.500000e-07	1.266384e-06	4.248602e-09	9.125137e+00	2.767825e+02
9.600000e-07	1.365012e-06	4.975140e-09	9.835821e+00	3.246359e+02
9.700000e-07	1.463006e-06	5.706233e-09	1.054193e+01	3.727084e+02
9.800000e-07	1.560192e-06	6.436861e-09	1.124222e+01	4.206802e+02
9.900000e-07	1.656587e-06	7.161615e-09	1.193681e+01	4.681937e+02
1.000000e-06	1.752342e-06	7.875325e-09	1.262679e+01	5.148812e+02
1.010000e-06	1.847506e-06	8.568330e-09	1.331251e+01	5.603923e+02
1.020000e-06	1.942082e-06	9.235012e-09	1.399399e+01	6.044205e+02
1.030000e-06	2.035982e-06	9.874729e-09	1.467060e+01	6.467218e+02
1.040000e-06	2.129132e-06	1.048444e-08	1.534181e+01	6.871268e+02
1.050000e-06	2.221580e-06	1.106363e-08	1.600796e+01	7.255430e+02
1.060000e-06	2.313419e-06	1.161381e-08	1.666972e+01	7.619487e+02
1.070000e-06	2.404563e-06	1.213512e-08	1.732648e+01	7.963804e+02
1.080000e-06	2.494755e-06	1.262942e-08	1.797637e+01	8.289162e+02
1.090000e-06	2.583803e-06	1.309751e-08	1.861802e+01	8.596581e+02
1.100000e-06	2.671771e-06	1.354068e-08	1.925189e+01	8.887168e+02
1.110000e-06	2.758823e-06	1.395771e-08	1.987915e+01	9.161996e+02
1.120000e-06	2.844967e-06	1.435081e-08	2.049988e+01	9.422044e+02
1.130000e-06	2.930175e-06	1.472282e-08	2.111386e+01	9.668169e+02
1.140000e-06	3.014496e-06	1.507556e-08	2.172145e+01	9.901130e+02
1.150000e-06	3.097970e-06	1.541139e-08	2.232294e+01	1.012162e+03
1.160000e-06	3.180445e-06	1.573007e-08	2.291722e+01	1.033032e+03
1.170000e-06	3.261693e-06	1.603254e-08	2.350267e+01	1.052791e+03
1.180000e-06	3.341706e-06	1.631638e-08	2.407921e+01	1.071507e+03
1.190000e-06	3.420554e-06	1.658284e-08	2.464736e+01	1.089249e+03
1.200000e-06	3.498218e-06	1.683582e-08	2.520699e+01	1.106086e+03
1.210000e-06	3.574699e-06	1.707749e-08	2.575808e+01	1.122079e+03
1.220000e-06	3.649876e-06	1.730860e-08	2.629978e+01	1.137283e+03
1.230000e-06	3.723437e-06	1.752904e-08	2.682984e+01	1.151746e+03
1.240000e-06	3.795406e-06	1.773777e-08	2.734842e+01	1.165510e+03
1.250000e-06	3.866012e-06	1.793420e-08	2.785718e+01	1.178609e+03
1.260000e-06	3.935215e-06	1.811949e-08	2.835584e+01	1.191078e+03
1.270000e-06	4.003097e-06	1.829616e-08	2.884498e+01	1.202949e+03
1.280000e-06	4.069616e-06	1.846546e-08	2.932429e+01	1.214254e+03
1.290000e-06	4.134486e-06	1.862866e-08	2.979172e+01	1.225024e+03
1.300000e-06	4.197794e-06	1.878615e-08	3.024790e+01	1.235288e+03
1.310000e-06	4.259705e-06	1.893747e-08	3.069401e+01	1.245070e+03
1.320000e-06	4.320241e-06	1.908176e-08	3.113021e+01	1.254384e+03
1.330000e-06	4.379369e-06	1.921824e-08	3.155627e+01	1.263240e+03
1.340000e-06	4.436789e-06	1.934705e-08	3.197002e+01	1.271639e+03
1.350000e-06	4.492436e-06	1.946746e-08	3.237099e+01	1.279583e+03
1.360000e-06	4.546467e-06	1.957948e-08	3.276032e+01	1.287072e+03
1.370000e-06	4.598823e-06	1.968321e-08	3.313758e+01	1.294115e+03
1.380000e-06	4.649242e-06	1.978060e-08	3.350088e+01	1.300731e+03
1.390000e-06	4.697637e-06	1.987450e-08	3.384960e+01	1.306948e+03
1.400000e-06	4.744316e-06	1.996446e-08	3.418595e+01	1.312804e+03
1.410000e-06	4.789474e-06	2.005024e-08	3.451135e+01	1.318341e+03
1.420000e-06	4.833132e-06	2.013313e-08	3.482593e+01	1.323599e+03
1.430000e-06	4.874999e-06	2.021111e-08	3.512761e+01	1.328611e+03
1.440000e-06	4.914962e-06	2.028233e-08	3.541557e+01	1.333396e+03
1.450000e-06	4.953262e-06	2.034897e-08	3.569154e+01	1.337961e+03
1.460000e-06	4.990006e-06	2.041321e-08	3.595631e+01	1.342296e+03
1.470000e-06	5.025122e-06	2.047449e-08	3.620934e+01	1.346382e+03
1.480000e-06	5.058333e-06	2.053185e-08	3.644865e+01	1.350198e+03
1.490000e-06	5.089675e-06	2.058477e-08	3.667450e+01	1.353724e+03
1.500000e-06	5.119360e-06	2.063424e-08	3.688840e+01	1.356950e+03
1.510000e-06	5.147373e-06	2.067962e-08	3.709025e+01	1.359878e+03
1.520000e-06	5.173492e-06	2.071924e-08	3.727845e+01	1.362521e+03
1.530000e-06	5.197522e-06	2.075542e-08	3.745160e+01	1.364900e+03
1.540000e-06	5.219610e-06	2.078823e-08	3.761076e+01	1.367040e+03
1.550000e-06	5.240026e-06	2.081687e-08	3.775787e+01	1.368965e+03
1.560000e-06	5.258758e-06	2.084202e-08	3.789285e+01	1.370690e+03
1.570000e-06	5.275547e-06	2.086385e-08	3.801383e+01	1.372222e+03
1.580000e-06	5.290297e-06	2.088312e-08	3.812010e+01	1.373558e+03
1.590000e-06	5.303048e-06	2.089984e-08	3.821199e+01	1.374690e+03
1.600000e-06	5.313707e-06	2.091416e-08	3.828879e+01	1.375610e+03
1.610000e-06	5.322203e-06	2.092623e-08	3.835002e+01	1.376312e+03
1.620000e-06	5.328730e-06	2.093505e-08	3.839705e+01	1.376799e+03
1.630000e-06	5.333511e-06	2.094067e-08	3.843149e+01	1.377082e+03
1.640000e-06	5.336472e-06	2.094354e-08	3.845283e+01	1.377178e+03
1.650000e-06	5.337467e-06	2.094422e-08	3.846000e+01	1.377107e+03
1.660000e-06	5.336611e-06	2.094367e-08	3.845383e+01	1.376886e+03
1.670000e-06	5.334070e-06	2.093988e-08	3.843552e+01	1.376525e+03
1.680000e-06	5.329895e-06	2.093354e-08	3.840544e+01	1.376020e+03
1.690000e-06	5.323863e-06	2.092403e-08	3.836197e+01	1.375359e+03
1.700000e-06	5.315938e-06	2.090999e-08	3.830487e+01	1.374523e+03
1.710000e-06	5.306448e-06	2.089447e-08	3.823649e+01	1.373488e+03
1.720000e-06	5.295381e-06	2.088045e-08	3.815674e+01	1.372238e+03
1.730000e-06	5.282438e-06	2.086625e-08	3.806348e+01	1.370767e+03
1.740000e-06	5.267491e-06	2.082357e-08	3.795577e+01	1.369085e+03
1.750000e-06	5.250422e-06	2.076421e-08	3.783278e+01	1.367216e+03
1.760000e-06	5.230883e-06	2.074928e-08	3.769199e+01	1.365196e+03
1.770000e-06	5.208773e-06	2.074376e-08	3.753267e+01	1.363064e+03
1.780000e-06	5.184844e-06	2.074317e-08	3.736025e+01	1.360857e+03
1.790000e-06	5.160012e-06	2.071138e-08	3.718132e+01	1.358598e+03
1.800000e-06	5.134269e-06	2.060438e-08	3.699582e+01	1.356290e+03
1.810000e-06	5.106770e-06	2.058277e-08	3.679767e+01	1.353918e+03
1.820000e-06	5.077159e-06	2.057704e-08	3.658431e+01	1.351448e+03
1.830000e-06	5.045826e-06	2.049856e-08	3.635853e+01	1.348833e+03
1.840000e-06	5.012679e-06	2.052259e-08	3.611969e+01	1.346021e+03
1.850000e-06	4.977753e-06	2.050613e-08	3.586802e+01	1.342966e+03
1.860000e-06	4.941243e-06	2.040466e-08	3.560494e+01	1.339634e+03
1.870000e-06	4.902867e-06	2.040084e-08	3.532842e+01	1.336007e+03
1.880000e-06	4.862714e-06	2.034677e-08	3.503909e+01	1.332085e+03
1.890000e-06	4.820922e-06	2.026389e-08	3.473795e+01	1.327881e+03
1.900000e-06	4.777417e-06	2.018822e-08	3.442447e+01	1.323417e+03
1.910000e-06	4.732234e-06	2.004863e-08	3.409890e+01	1.318717e+03
1.920000e-06	4.685166e-06	2.006469e-08	3.375974e+01	1.313799e+03
1.930000e-06	4.636248e-06	2.007387e-08	3.340725e+01	1.308672e+03
1.940000e-06	4.585671e-06	1.991504e-08	3.304281e+01	1.303336e+03
1.950000e-06	4.533156e-06	1.980338e-08	3.266441e+01	1.297778e+03
1.960000e-06	4.478662e-06	1.970373e-08	3.227174e+01	1.291982e+03
1.970000e-06	4.422396e-06	1.961414e-08	3.186631e+01	1.285927e+03
1.980000e-06	4.364504e-06	1.951934e-08	3.144916e+01	1.279597e+03
1.990000e-06	4.305209e-06	1.943834e-08	3.102189e+01	1.272981e+03
2.000000e-06	4.244491e-06	1.940282e-08	3.058438e+01	1.266074e+03
2.010000e-06	4.182142e-06	1.924416e-08	3.013512e+01	1.258879e+03
2.020000e-06	4.118088e-06	1.906247e-08	2.967357e+01	1.251401e+03
2.030000e-06	4.052530e-06	1.895299e-08	2.920118e+01	1.243646e+03
2.040000e-06	3.985639e-06	1.887584e-08	2.871918e+01	1.235618e+03
2.050000e-06	3.917401e-06	1.878868e-08	2.822748e+01	1.227317e+03
2.060000e-06	3.847637e-06	1.862945e-08	2.772478e+01	1.218734e+03
2.070000e-06	3.776327e-06	1.848772e-08	2.721095e+01	1.209858e+03
2.080000e-06	3.703787e-06	1.833352e-08	2.668825e+01	1.200671e+03
2.090000e-06	3.630039e-06	1.817501e-08	2.615685e+01	1.191154e+03
2.100000e-06	3.554888e-06	1.805131e-08	2.561533e+01	1.181287e+03
2.110000e-06	3.478308e-06	1.789758e-08	2.506352e+01	1.171050e+03
2.120000e-06	3.400219e-06	1.773243e-08	2.450084e+01	1.160428e+03
2.130000e-06	3.320759e-06	1.755234e-08	2.392828e+01	1.149404e+03
2.140000e-06	3.240193e-06	1.737852e-08	2.334775e+01	1.137965e+03
2.150000e-06	3.158562e-06	1.720063e-08	2.275954e+01	1.126098e+03
2.160000e-06	3.075880e-06	1.701704e-08	2.216376e+01	1.113787e+03
2.170000e-06	2.992200e-06	1.684303e-08	2.156079e+01	1.101018e+03
2.180000e-06	2.907453e-06	1.663900e-08	2.095013e+01	1.087772e+03
2.190000e-06	2.821452e-06	1.641758e-08	2.033044e+01	1.074028e+03
2.200000e-06	2.734236e-06	1.619779e-08	1.970199e+01	1.059762e+03
2.210000e-06	2.646041e-06	1.598545e-08	1.906649e+01	1.044944e+03
2.220000e-06	2.557004e-06	1.575246e-08	1.842491e+01	1.029545e+03
2.230000e-06	2.467055e-06	1.549547e-08	1.777677e+01	1.013527e+03
2.240000e-06	2.376264e-06	1.524468e-08	1.712256e+01	9.968513e+02
2.250000e-06	2.284801e-06	1.499402e-08	1.646351e+01	9.794766e+02
2.260000e-06	2.192630e-06	1.472429e-08	1.579936e+01	9.613584e+02
2.270000e-06	2.099634e-06	1.442840e-08	1.512926e+01	9.424516e+02
2.280000e-06	2.005693e-06	1.412349e-08	1.445235e+01	9.227108e+02
2.290000e-06	1.910817e-06	1.380755e-08	1.376871e+01	9.020910e+02
2.300000e-06	1.815143e-06	1.348033e-08	1.307932e+01	8.805471e+02
2.310000e-06	1.718879e-06	1.314196e-08	1.238567e+01	8.580324e+02
2.320000e-06	1.622156e-06	1.278903e-08	1.168871e+01	8.344975e+02
2.330000e-06	1.524912e-06	1.241630e-08	1.098800e+01	8.098877e+02
2.340000e-06	1.427130e-06	1.201596e-08	1.028342e+01	7.841422e+02
2.350000e-06	1.328887e-06	1.159902e-08	9.575516e+00	7.571941e+02
2.360000e-06	1.230235e-06	1.117490e-08	8.864664e+00	7.289725e+02
2.370000e-06	1.131278e-06	1.073874e-08	8.151613e+00	6.994073e+02
2.380000e-06	1.032100e-06	1.027469e-08	7.436968e+00	6.684358e+02
2.390000e-06	9.326807e-07	9.776002e-09	6.720585e+00	6.360122e+02
2.400000e-06	8.330123e-07	9.248813e-09	6.002408e+00	6.021162e+02
2.410000e-06	7.330891e-07	8.703145e-09	5.282395e+00	5.667617e+02
2.420000e-06	6.329024e-07	8.141170e-09	4.560483e+00	5.300031e+02
2.430000e-06	5.324992e-07	7.563218e-09	3.837011e+00	4.919374e+02
2.440000e-06	4.319338e-07	6.969817e-09	3.112370e+00	4.527018e+02
2.450000e-06	3.312250e-07	6.358071e-09	2.386696e+00	4.124667e+02
2.460000e-06	2.303006e-07	5.728469e-09	1.659469e+00	3.714230e+02
2.470000e-06	1.291980e-07	5.088106e-09	9.309576e-01	3.297675e+02
2.480000e-06	2.805236e-08	4.446372e-09	2.021359e-01	2.876848e+02
2.490000e-06	-7.313928e-08	3.802517e-09	-5.270171e-01	2.453314e+02
2.500000e-06	-1.743232e-07	3.152349e-09	-1.256114e+00	2.028199e+02
2.510000e-06	-2.753598e-07	2.498639e-09	-1.984150e+00	1.602096e+02
2.520000e-06	-3.762411e-07	1.844272e-09	-2.711067e+00	1.175016e+02
2.530000e-06	-4.770347e-07	1.189472e-09	-3.437353e+00	7.464127e+01
2.540000e-06	-5.777039e-07	5.311929e-10	-4.162741e+00	3.152751e+01
2.550000e-06	-6.781513e-07	-1.341986e-10	-4.886531e+00	-1.197152e+01
2.560000e-06	-7.783172e-07	-8.075644e-10	-5.608293e+00	-5.599771e+01
2.570000e-06	-8.781861e-07	-1.490261e-09	-6.327915e+00	-1.006794e+02
2.580000e-06	-9.777595e-07	-2.184184e-09	-7.045407e+00	-1.461076e+02
2.590000e-06	-1.077044e-06	-2.890236e-09	-7.760818e+00	-1.923145e+02
2.600000e-06	-1.176071e-06	-3.608672e-09	-8.474371e+00	-2.392576e+02
2.610000e-06	-1.274754e-06	-4.335680e-09	-9.185447e+00	-2.868113e+02
2.620000e-06	-1.372887e-06	-5.068140e-09	-9.892563e+00	-3.347676e+02
2.630000e-06	-1.470423e-06	-5.804332e-09	-1.059538e+01	-3.828458e+02
2.640000e-06	-1.567485e-06	-6.535596e-09	-1.129477e+01	-4.307112e+02
2.650000e-06	-1.664084e-06	-7.256298e-09	-1.199083e+01	-4.779999e+02
2.660000e-06	-1.760179e-06	-7.965810e-09	-1.268326e+01	-5.243466e+02
2.670000e-06	-1.855708e-06	-8.658655e-09	-1.337161e+01	-5.694127e+02
2.680000e-06	-1.950569e-06	-9.326253e-09	-1.405514e+01	-6.129098e+02
2.690000e-06	-2.044576e-06	-9.963733e-09	-1.473253e+01	-6.546172e+02
2.700000e-06	-2.137554e-06	-1.057277e-08	-1.540250e+01	-6.943904e+02
2.710000e-06	-2.229626e-06	-1.115462e-08	-1.606594e+01	-7.321605e+02
2.720000e-06	-2.321014e-06	-1.170709e-08	-1.672445e+01	-7.679262e+02
2.730000e-06	-2.411614e-06	-1.222827e-08	-1.737728e+01	-8.017394e+02
2.740000e-06	-2.501298e-06	-1.271826e-08	-1.802351e+01	-8.336875e+02
2.750000e-06	-2.590107e-06	-1.317952e-08	-1.866344e+01	-8.638772e+02
2.760000e-06	-2.678100e-06	-1.361423e-08	-1.929749e+01	-8.924188e+02
2.770000e-06	-2.765298e-06	-1.402583e-08	-1.992581e+01	-9.194174e+02
2.780000e-06	-2.851467e-06	-1.441859e-08	-2.054672e+01	-9.449666e+02
2.790000e-06	-2.936441e-06	-1.479192e-08	-2.115901e+01	-9.691490e+02
2.800000e-06	-3.020319e-06	-1.514206e-08	-2.176341e+01	-9.920379e+02
2.810000e-06	-3.103191e-06	-1.547040e-08	-2.236056e+01	-1.013702e+03
2.820000e-06	-3.185082e-06	-1.578131e-08	-2.295064e+01	-1.034208e+03
2.830000e-06	-3.265996e-06	-1.607916e-08	-2.353367e+01	-1.053624e+03
2.840000e-06	-3.345832e-06	-1.636427e-08	-2.410895e+01	-1.072021e+03
2.850000e-06	-3.424381e-06	-1.663414e-08	-2.467495e+01	-1.089466e+03
2.860000e-06	-3.501398e-06	-1.688886e-08	-2.522990e+01	-1.106026e+03
2.870000e-06	-3.576925e-06	-1.712896e-08	-2.577412e+01	-1.121760e+03
2.880000e-06	-3.651123e-06	-1.735730e-08	-2.630877e+01	-1.136722e+03
2.890000e-06	-3.724067e-06	-1.757709e-08	-2.683438e+01	-1.150957e+03
2.900000e-06	-3.795782e-06	-1.778710e-08	-2.735113e+01	-1.164504e+03
2.910000e-06	-3.865996e-06	-1.798767e-08	-2.785707e+01	-1.177398e+03
2.920000e-06	-3.934592e-06	-1.817928e-08	-2.835135e+01	-1.189672e+03
2.930000e-06	-4.001767e-06	-1.836182e-08	-2.883539e+01	-1.201358e+03
2.940000e-06	-4.067628e-06	-1.853332e-08	-2.930997e+01	-1.212489e+03
2.950000e-06	-4.132159e-06	-1.869294e-08	-2.977495e+01	-1.223095e+03
2.960000e-06	-4.195216e-06	-1.884392e-08	-3.022932e+01	-1.233203e+03
2.970000e-06	-4.256578e-06	-1.898861e-08	-3.067148e+01	-1.242834e+03
2.980000e-06	-4.316365e-06	-1.912901e-08	-3.110228e+01	-1.252001e+03
2.990000e-06	-4.374724e-06	-1.926406e-08	-3.152279e+01	-1.260711e+03
3.000000e-06	-4.431608e-06	-1.939271e-08	-3.193268e+01	-1.268964e+03
3.010000e-06	-4.486883e-06	-1.951345e-08	-3.233098e+01	-1.276762e+03
3.020000e-06	-4.540253e-06	-1.962598e-08	-3.271554e+01	-1.284108e+03
3.030000e-06	-4.591673e-06	-1.973074e-08	-3.308606e+01	-1.291012e+03
3.040000e-06	-4.641160e-06	-1.982786e-08	-3.344265e+01	-1.297497e+03
3.050000e-06	-4.688684e-06	-1.991899e-08	-3.378509e+01	-1.303594e+03
3.060000e-06	-4.734579e-06	-2.000701e-08	-3.411579e+01	-1.309343e+03
3.070000e-06	-4.779086e-06	-2.009175e-08	-3.443649e+01	-1.314787e+03
3.080000e-06	-4.822149e-06	-2.017224e-08	-3.474679e+01	-1.319964e+03
3.090000e-06	-4.863675e-06	-2.024881e-08	-3.504602e+01	-1.324903e+03
3.100000e-06	-4.903579e-06	-2.032031e-08	-3.533355e+01	-1.329618e+03
3.110000e-06	-4.941652e-06	-2.038753e-08	-3.560789e+01	-1.334112e+03
3.120000e-06	-4.977832e-06	-2.045238e-08	-3.586859e+01	-1.338370e+03
3.130000e-06	-5.012290e-06	-2.051397e-08	-3.611688e+01	-1.342372e+03
3.140000e-06	-5.045090e-06	-2.056888e-08	-3.635323e+01	-1.346097e+03
3.150000e-06	-5.076062e-06	-2.061928e-08	-3.657640e+01	-1.349529e+03
3.160000e-06	-5.105079e-06	-2.066679e-08	-3.678549e+01	-1.352659e+03
3.170000e-06	-5.132308e-06	-2.071079e-08	-3.698169e+01	-1.355494e+03
3.180000e-06	-5.157802e-06	-2.075057e-08	-3.716539e+01	-1.358050e+03
3.190000e-06	-5.181507e-06	-2.078663e-08	-3.733621e+01	-1.360351e+03
3.200000e-06	-5.203245e-06	-2.082243e-08	-3.749284e+01	-1.362421e+03
3.210000e-06	-5.223050e-06	-2.085599e-08	-3.763555e+01	-1.364281e+03
3.220000e-06	-5.241127e-06	-2.088134e-08	-3.776580e+01	-1.365944e+03
3.230000e-06	-5.257408e-06	-2.090140e-08	-3.788312e+01	-1.367414e+03
3.240000e-06	-5.271616e-06	-2.091911e-08	-3.798550e+01	-1.368687e+03
3.250000e-06	-5.283619e-06	-2.093306e-08	-3.807199e+01	-1.369752e+03
3.260000e-06	-5.293605e-06	-2.094539e-08	-3.814395e+01	-1.370603e+03
3.270000e-06	-5.301764e-06	-2.095528e-08	-3.820274e+01	-1.371237e+03
3.280000e-06	-5.308020e-06	-2.096287e-08	-3.824782e+01	-1.371657e+03
3.290000e-06	-5.312316e-06	-2.096824e-08	-3.827877e+01	-1.371879e+03
3.300000e-06	-5.314785e-06	-2.096952e-08	-3.829656e+01	-1.371920e+03
3.310000e-06	-5.315515e-06	-2.096629e-08	-3.830182e+01	-1.371801e+03
